0.8823080062866211
0.38229599595069885
0.8786110281944275
0.3942370116710663
0.8749150037765503
0.40617799758911133
0.8712180256843567
0.4181180000305176
0.8675220012664795
0.4300589859485626
0.8638250231742859
0.44200000166893005
0.8601279854774475
0.4539409875869751
0.8564320206642151
0.46588200330734253
0.8527349829673767
0.4778229892253876
0.839136004447937
0.47394201159477234
0.8255370259284973
0.4700619876384735
0.8119379878044128
0.4661810100078583
0.798337996006012
0.46230000257492065
0.7847390174865723
0.4584200084209442
