0.6236060261726379
0.7246040105819702
0.6114370226860046
0.7274630069732666
0.5992689728736877
0.7303230166435242
0.5871000289916992
0.7331830263137817
0.5749319791793823
0.7360420227050781
0.562762975692749
0.7389019727706909
0.5505949854850769
0.7417619824409485
0.5384259819984436
0.744621992111206
0.5262579917907715
0.7474809885025024
0.5162039995193481
0.7549089789390564
0.5061500072479248
0.762336015701294
0.4960959851741791
0.7697629928588867
0.48604100942611694
0.7771909832954407
0.4759869873523712
0.7846180200576782
0.4659329950809479
0.792044997215271
0.45587900280952454
0.799472987651825
0.4458250105381012
0.8069000244140625
0.43497300148010254
0.8131030201911926
0.4241200089454651
0.8193060159683228
0.41326799988746643
0.8255090117454529
0.4024159908294678
0.831712007522583
0.3915640115737915
0.8379150032997131
0.38071098923683167
0.8441179990768433
0.3698590099811554
0.8503209948539734
0.35900700092315674
0.8565239906311035
0.3521069884300232
0.8461009860038757
0.34520700573921204
0.835677981376648
0.3383069932460785
0.8252549767494202
0.33140799403190613
0.8148319721221924
0.32450801134109497
0.8044090270996094
0.3176079988479614
0.7939850091934204
0.3107079863548279
0.7835620045661926
0.3038080036640167
0.7731389999389648
0.29177600145339966
0.7765250205993652
0.2797429859638214
0.7799100279808044
0.26771000027656555
0.7832959890365601
0.2556770145893097
0.7866820096969604
0.24364499747753143
0.7900679707527161
0.23161199688911438
0.7934529781341553
0.21957899630069733
0.7968389987945557
0.20754599571228027
0.800225019454956
0.20249299705028534
0.7887920141220093
0.19743900001049042
0.7773590087890625
0.1923850029706955
0.7659270167350769
0.18733100593090057
0.7544940114021301
0.18227699398994446
0.7430610060691833
0.17722299695014954
0.7316280007362366
0.17216899991035461
0.720196008682251
0.1671150028705597
0.7087630033493042
0.16510799527168274
0.6964250206947327
0.16310100257396698
0.6840869784355164
0.16109299659729004
0.6717489957809448
0.15908600389957428
0.6594120264053345
0.15707899630069733
0.6470739841461182
0.15507200360298157
0.6347360014915466
0.15306399762630463
0.6223980188369751
0.15105700492858887
0.61006098985672
0.16020099818706512
0.6015369892120361
0.1693439930677414
0.5930140018463135
0.17848700284957886
0.5844900012016296
0.18763099610805511
0.575967013835907
0.19677400588989258
0.5674440264701843
0.20591799914836884
0.5589200258255005
0.2150609940290451
0.5503969788551331
0.22420400381088257
0.5418729782104492
0.22902700304985046
0.5303410291671753
0.23385100066661835
0.5188090205192566
0.23867399990558624
0.5072770118713379
0.24349699914455414
0.4957450032234192
0.24831999838352203
0.4842129945755005
0.2531430125236511
0.4726809859275818
0.257966011762619
0.4611490070819855
0.2627899944782257
0.4496169984340668
0.2589600086212158
0.4377189874649048
0.25512999296188354
0.425819993019104
0.25130000710487366
0.4139209985733032
0.24747000634670258
0.40202200412750244
0.2436400055885315
0.39012300968170166
0.2398110032081604
0.3782239854335785
0.23598100244998932
0.3663249909877777
0.23215100169181824
0.3544270098209381
0.22067700326442719
0.35938599705696106
0.20920300483703613
0.3643459975719452
0.19772900640964508
0.3693050146102905
0.18625499308109283
0.37426498532295227
0.17478099465370178
0.3792240023612976
0.16330699622631073
0.38418400287628174
0.15183299779891968
0.38914400339126587
0.14035899937152863
0.3941029906272888
0.14063900709152222
0.38160601258277893
0.14091899991035461
0.36910900473594666
0.141198992729187
0.35661301016807556
0.1414790004491806
0.3441160023212433
0.141758993268013
0.331618994474411
0.1420390009880066
0.31912198662757874
0.142318993806839
0.30662500858306885
0.14259900152683258
0.2941280007362366
0.1367959976196289
0.28305700421333313
0.13099299371242523
0.2719860076904297
0.12518900632858276
0.26091501116752625
0.11938600242137909
0.24984300136566162
0.11358299851417542
0.23877200484275818
0.10777900367975235
0.22770099341869354
0.10197599977254868
0.2166299968957901
0.09617289900779724
0.20555900037288666
0.10311199724674225
0.19516199827194214
0.1100509986281395
0.18476499617099762
0.11699099838733673
0.1743679940700531
0.12392999976873398
0.16397100687026978
0.13086900115013123
0.15357400476932526
0.13780799508094788
0.14317700266838074
0.1447480022907257
0.13278000056743622
0.15168699622154236
0.1223829984664917
0.16361400485038757
0.12612399458885193
0.1755409985780716
0.12986400723457336
0.1874680072069168
0.1336050033569336
0.19939599931240082
0.13734599947929382
0.21132299304008484
0.14108699560165405
0.22325000166893005
0.1448269933462143
0.23517699539661407
0.14856800436973572
0.2471040040254593
0.15230900049209595
0.25714799761772156
0.15974999964237213
0.267192006111145
0.16719099879264832
0.2772350013256073
0.1746329963207245
0.28727900981903076
0.18207399547100067
0.29732298851013184
0.18951499462127686
0.3073669970035553
0.19695700705051422
0.31741100549697876
0.2043980062007904
0.32745400071144104
0.2118390053510666
0.33982598781585693
0.2136240005493164
0.3521980047225952
0.2154099941253662
0.3645699918270111
0.21719500422477722
0.3769420087337494
0.21897999942302704
0.3893139958381653
0.22076499462127686
0.40168601274490356
0.22255100309848785
0.4140569865703583
0.22433599829673767
0.42642900347709656
0.2261209934949875
0.436955988407135
0.23286299407482147
0.44748198986053467
0.23960399627685547
0.4580079913139343
0.24634599685668945
0.468533992767334
0.25308701395988464
0.4790610074996948
0.25982901453971863
0.4895870089530945
0.26657000184059143
0.5001130104064941
0.27331098914146423
0.510640025138855
0.2800529897212982
0.5217729806900024
0.28573501110076904
0.5329070091247559
0.2914170026779175
0.5440409779548645
0.2970989942550659
0.5551750063896179
0.30278199911117554
0.5663089752197266
0.308463990688324
0.57744300365448
0.3141460120677948
0.5885769724845886
0.31982800364494324
0.5997099876403809
0.3255099952220917
0.6116359829902649
0.3292570114135742
0.6235610246658325
0.3330039978027344
0.6354860067367554
0.3367510139942169
0.6474109888076782
0.3404980003833771
0.6593359708786011
0.34424498677253723
0.6712620258331299
0.3479920029640198
0.6831870079040527
0.35173898935317993
0.6951119899749756
0.3554860055446625
0.7047280073165894
0.3474999964237213
0.7143440246582031
0.33951300382614136
0.7239609956741333
0.3315269947052002
0.7335770130157471
0.32354098558425903
0.7431929707527161
0.31555500626564026
0.7528089880943298
0.3075689971446991
0.7624250054359436
0.29958298802375793
0.7720419764518738
0.29159700870513916
0.7845150232315063
0.2907730042934418
0.796986997127533
0.2899489998817444
0.8094599843025208
0.2891260087490082
0.8219329714775085
0.2883020043373108
0.8344060182571411
0.2874779999256134
0.8468790054321289
0.286653995513916
0.8593519926071167
0.2858310043811798
0.8718240261077881
0.2850069999694824
0.8829659819602966
0.2793410122394562
0.89410799741745
0.27367401123046875
0.9052500128746033
0.2680079936981201
0.9163920283317566
0.26234200596809387
0.9275339841842651
0.25667500495910645
0.9386759996414185
0.2510089874267578
0.9498180150985718
0.24534299969673157
0.9609599709510803
0.23967599868774414
0.9559320211410522
0.22885499894618988
0.9509050250053406
0.21803300082683563
0.9458770155906677
0.20721200108528137
0.940850019454956
0.19639000296592712
