0.061124999076128006
0.7679880261421204
0.06191229820251465
0.7555130124092102
0.06269949674606323
0.7430379986763
0.06348670274019241
0.7305629849433899
0.064273901283741
0.7180870175361633
0.06506119668483734
0.7056120038032532
0.06584840267896652
0.693136990070343
0.0666356012225151
0.6806619763374329
0.06742289662361145
0.6681870222091675
0.07931060343980789
0.6703929901123047
0.09119830280542374
0.6725990176200867
0.10308600217103958
0.6748049855232239
0.1149739995598793
0.6770110130310059
