0.6374959945678711
0.7910469770431519
0.6394680142402649
0.8033909797668457
0.6414409875869751
0.8157340288162231
0.6434130072593689
0.8280770182609558
0.6453859806060791
0.8404210209846497
0.6473580002784729
0.8527640104293823
0.6493300199508667
0.8651080131530762
0.6513029932975769
0.8774510025978088
0.6532750129699707
0.8897939920425415
0.6532649993896484
0.9017459750175476
0.6532559990882874
0.9136970043182373
0.6532459855079651
0.9256489872932434
0.6532359719276428
0.9376000165939331
0.6532260179519653
0.9495519995689392
