0.11096200346946716
0.7905279994010925
0.12088099867105484
0.7829220294952393
0.1308010071516037
0.7753159999847412
0.14072099328041077
0.7677109837532043
0.15064099431037903
0.7601050138473511
0.1605609953403473
0.752498984336853
0.17047999799251556
0.7448930144309998
0.18039999902248383
0.7372879981994629
0.1903200000524521
0.7296820282936096
0.20262299478054047
0.7318950295448303
0.21492500603199005
0.7341079711914062
0.22722800076007843
0.736320972442627
0.23952999711036682
0.7385339736938477
0.2518329918384552
0.7407469749450684
0.2641350030899048
0.7429599761962891
0.27643799781799316
0.7451729774475098
0.28874000906944275
0.7473859786987305
0.29112398624420166
0.7351149916648865
0.29350799322128296
0.7228450179100037
0.29589200019836426
0.7105739712715149
0.29827600717544556
0.6983039975166321
0.30066001415252686
0.6860330104827881
0.30304500460624695
0.6737629771232605
0.30542901158332825
0.6614919900894165
0.30781298875808716
0.6492210030555725
0.29873600602149963
0.6406270265579224
0.2896589934825897
0.6320329904556274
0.280582994222641
0.6234380006790161
0.27150601148605347
0.614844024181366
0.26242899894714355
0.6062489748001099
0.25335198640823364
0.5976549983024597
0.2442760020494461
0.5890610218048096
0.2351990044116974
0.5804659724235535
0.2429800033569336
0.5706830024719238
0.2507610023021698
0.5609009861946106
0.2585430145263672
0.551118016242981
0.2663240134716034
0.5413349866867065
0.2741050124168396
0.5315520167350769
0.2818860113620758
0.5217689871788025
0.289667010307312
0.5119860172271729
0.2974480092525482
0.5022040009498596
0.30562400817871094
0.4927479922771454
0.31380000710487366
0.48329201340675354
0.3219749927520752
0.4738369882106781
0.3301509916782379
0.46438100934028625
0.33832699060440063
0.4549260139465332
0.34650200605392456
0.44547000527381897
0.3546780049800873
0.43601399660110474
0.36285400390625
0.4265590012073517
0.36141300201416016
0.41414201259613037
0.3599730134010315
0.40172499418258667
0.35853299498558044
0.38930898904800415
0.3570919930934906
0.37689200043678284
0.35565200448036194
0.3644750118255615
0.3542119860649109
0.3520579934120178
0.35277101397514343
0.3396419882774353
0.3513309955596924
0.327224999666214
0.3469420075416565
0.3155210018157959
0.3425540030002594
0.3038159906864166
0.3381649851799011
0.29211199283599854
0.3337770104408264
0.28040799498558044
0.32938799262046814
0.26870301365852356
0.32499998807907104
0.2569989860057831
0.32061100006103516
0.24529500305652618
0.31622299551963806
0.2335900068283081
0.30659300088882446
0.22562099993228912
0.29696300625801086
0.21765099465847015
0.28733301162719727
0.20968200266361237
0.2777029871940613
0.2017119973897934
0.2680729925632477
0.1937430053949356
0.2584429979324341
0.18577300012111664
0.24881300330162048
0.17780399322509766
0.2391829937696457
0.16983400285243988
0.23426200449466705
0.15834300220012665
0.22934100031852722
0.1468529999256134
0.2244199961423874
0.13536199927330017
0.21950000524520874
0.12387099862098694
0.2145790010690689
0.1123809963464737
0.20965799689292908
0.10089000314474106
0.20473800599575043
0.0893993005156517
0.1998170018196106
0.07790859788656235
0.21197299659252167
0.07499770075082779
0.22412900626659393
0.07208680361509323
0.236285999417305
0.06917589902877808
0.24844199419021606
0.06626500189304352
0.26059800386428833
0.06335409730672836
0.2727549970149994
0.06044330075383186
0.28491100668907166
0.05753239989280701
0.2970679998397827
0.05462149903178215
0.3095549941062927
0.054066501557826996
0.3220430016517639
0.05351150035858154
0.3345310091972351
0.05295659974217415
0.3470180034637451
0.052401598542928696
0.3595060110092163
0.05184660106897354
0.3719939887523651
0.05129159986972809
0.3844810128211975
0.050736598670482635
0.3969689905643463
0.05018170177936554
0.40946900844573975
0.05013040080666542
0.4219689965248108
0.05007920041680336
0.4344690144062042
0.0500280000269413
0.44696900248527527
0.04997669905424118
0.4594680070877075
0.04992549866437912
0.47196799516677856
0.04987429827451706
0.484468013048172
0.0498231016099453
0.49696800112724304
0.04977180063724518
0.49148398637771606
0.061004601418972015
0.4860000014305115
0.0722372978925705
0.4805159866809845
0.08347009867429733
0.4750320017337799
0.09470280259847641
0.46954798698425293
0.10593599826097488
0.46406298875808716
0.11716800183057785
0.45857900381088257
0.1284009963274002
0.4530949890613556
0.13963399827480316
0.45596998929977417
0.15179899334907532
0.45884600281715393
0.16396300494670868
0.4617210030555725
0.17612800002098083
0.4645960032939911
0.188292995095253
0.46747100353240967
0.20045800507068634
0.47034698724746704
0.2126230001449585
0.4732219874858856
0.22478799521923065
0.4760969877243042
0.236952006816864
0.4802379906177521
0.24874700605869293
0.48437801003456116
0.26054099202156067
0.48851901292800903
0.2723349928855896
0.4926599860191345
0.2841300070285797
0.4968000054359436
0.29592400789260864
0.5009409785270691
0.3077180087566376
0.5050809979438782
0.3195120096206665
0.5092219710350037
0.33130699396133423
0.5160459876060486
0.34178000688552856
0.5228710174560547
0.3522520065307617
0.5296949744224548
0.36272498965263367
0.5365189909934998
0.373198002576828
0.5433440208435059
0.38367000222206116
0.550167977809906
0.3941429853439331
0.5569919943809509
0.40461599826812744
0.563817024230957
0.4150890111923218
0.5737249851226807
0.42270898818969727
0.5836330056190491
0.4303300082683563
0.5935419797897339
0.437950998544693
0.6034500002861023
0.44557100534439087
0.6133580207824707
0.45319199562072754
0.6232669949531555
0.4608129858970642
0.6331750154495239
0.46843400597572327
0.6430829763412476
0.47605401277542114
0.6547170281410217
0.48062700033187866
0.6663510203361511
0.4851990044116974
0.6779850125312805
0.4897710084915161
0.6896179914474487
0.49434301257133484
0.7012519836425781
0.49891600012779236
0.7128859758377075
0.5034880042076111
0.7245200276374817
0.5080599784851074
0.7361530065536499
0.5126330256462097
0.746740996837616
0.5192769765853882
0.7573300004005432
0.5259199738502502
0.7679179906845093
0.5325639843940735
0.7785059809684753
0.5392079949378967
0.7890939712524414
0.54585200548172
0.7996820211410522
0.5524960160255432
0.8102700114250183
0.5591400265693665
0.8208580017089844
0.5657839775085449
0.8330299854278564
0.562936007976532
0.8452010154724121
0.5600889921188354
0.857371985912323
0.5572410225868225
0.8695440292358398
0.554394006729126
0.8817149996757507
0.5515459775924683
0.8938860297203064
0.5486980080604553
0.9060580134391785
0.5458509922027588
0.9182289838790894
0.5430030226707458
0.9208620190620422
0.530784010887146
0.9234949946403503
0.518563985824585
0.9261279702186584
0.5063440203666687
0.9287610054016113
0.49412500858306885
0.9313949942588806
0.4819050133228302
0.9340280294418335
0.46968600153923035
0.9366610050201416
0.4574660062789917
0.9392939805984497
0.44524699449539185
0.9386320114135742
0.4327639937400818
0.9379690289497375
0.4202820062637329
0.9373070001602173
0.40779998898506165
0.936644971370697
0.3953169882297516
0.9359819889068604
0.3828350007534027
0.9353200197219849
0.37035199999809265
0.9346579909324646
0.3578700125217438
0.9339950084686279
0.3453870117664337
0.9362660050392151
0.3330950140953064
0.9385359883308411
0.3208029866218567
0.9408069849014282
0.30851098895072937
0.943077027797699
0.29621899127960205
0.945347011089325
0.28392699360847473
0.9476180076599121
0.2716349959373474
0.9498879909515381
0.2593429982662201
0.9521589875221252
0.24705100059509277
0.9481539726257324
0.23612500727176666
0.9441499710083008
0.22519899904727936
0.9401450157165527
0.21427200734615326
