0.367264986038208
0.8981710076332092
0.3548229932785034
0.8969699740409851
0.34238100051879883
0.8957700133323669
0.32993799448013306
0.8945689797401428
0.31749600172042847
0.8933690190315247
0.3050540089607239
0.8921679854393005
0.2926119863986969
0.8909680247306824
0.2801699936389923
0.8897669911384583
0.26772698760032654
0.8885669708251953
0.25891798734664917
0.8796989917755127
0.250108003616333
0.8708310127258301
0.24129800498485565
0.8619629740715027
0.23248900473117828
0.8530949950218201
0.22367900609970093
0.8442270159721375
0.21486899256706238
0.8353599905967712
0.2060600072145462
0.8264920115470886
0.19724999368190765
0.8176239728927612
0.19420699775218964
0.8054999709129333
0.19116400182247162
0.7933760285377502
0.18811999261379242
0.7812520265579224
0.1850769966840744
0.7691280245780945
0.18203400075435638
0.7570040225982666
0.17899000644683838
0.7448800206184387
0.17594699561595917
0.7327569723129272
0.17290399968624115
0.7206329703330994
0.16995200514793396
0.708486020565033
0.16699999570846558
0.696340024471283
0.1640480011701584
0.6841930150985718
0.1610960066318512
0.6720470190048218
0.1581439971923828
0.6599000096321106
0.15519200265407562
0.6477540135383606
0.15223999321460724
0.6356080174446106
0.14928799867630005
0.6234610080718994
0.15219299495220184
0.6113029718399048
0.15509900450706482
0.5991460084915161
0.1580040007829666
0.5869879722595215
0.1609089970588684
0.5748299956321716
0.1638139933347702
0.5626729726791382
0.1667190045118332
0.5505149960517883
0.16962400078773499
0.5383570194244385
0.17252999544143677
0.5261989831924438
0.1821250021457672
0.5181879997253418
0.19171999394893646
0.5101760029792786
0.2013150006532669
0.5021650195121765
0.21091000735759735
0.4941529929637909
0.2205049991607666
0.48614200949668884
0.23010000586509705
0.4781300127506256
0.2396949976682663
0.47011899948120117
0.24929000437259674
0.46210700273513794
0.25381600856781006
0.4504550099372864
0.2583410143852234
0.4388029873371124
0.2628670036792755
0.42715099453926086
0.26739200949668884
0.4154990017414093
0.27191799879074097
0.40384700894355774
0.2764430046081543
0.3921949863433838
0.2809689939022064
0.3805429935455322
0.28549501299858093
0.36889100074768066
0.2976610064506531
0.366021990776062
0.3098269999027252
0.36315399408340454
0.32199400663375854
0.3602850139141083
0.3341600000858307
0.3574160039424896
0.346327006816864
0.35454800724983215
0.35849300026893616
0.3516789972782135
0.3706589937210083
0.34880998730659485
0.3828260004520416
0.3459419906139374
0.3815999925136566
0.33350199460983276
0.3803749978542328
0.32106199860572815
0.37915000319480896
0.30862200260162354
0.37792399525642395
0.2961820065975189
0.3766990005970001
0.2837429940700531
0.3754740059375763
0.2713029980659485
0.37424901127815247
0.25886300206184387
0.37302300333976746
0.24642300605773926
0.3677380084991455
0.23509599268436432
0.3624520003795624
0.22376799583435059
0.35716700553894043
0.21244099736213684
0.3518809974193573
0.2011130005121231
0.34659600257873535
0.18978500366210938
0.3413099944591522
0.17845800518989563
0.3360249996185303
0.1671299934387207
0.33073899149894714
0.15580299496650696
0.3420740067958832
0.15053200721740723
0.35340800881385803
0.1452620029449463
0.3647429943084717
0.13999199867248535
0.3760780096054077
0.13472099602222443
0.38741201162338257
0.12945100665092468
0.3987469971179962
0.12418100237846375
0.41008099913597107
0.11890999972820282
0.4214160144329071
0.11364000290632248
0.4246619939804077
0.12571099400520325
0.4279080033302307
0.1377819925546646
0.4311540126800537
0.14985300600528717
0.4343999922275543
0.16192500293254852
0.4376460015773773
0.1739960014820099
0.4408920109272003
0.18606700003147125
0.4441379904747009
0.19813799858093262
0.4473839998245239
0.21020899713039398
0.45194000005722046
0.22184999287128448
0.456496000289917
0.2334900051355362
0.4610520005226135
0.2451300024986267
0.46560800075531006
0.2567700147628784
0.4701640009880066
0.26840999722480774
0.4747200012207031
0.28005000948905945
0.47927600145339966
0.29169100522994995
0.4838320016860962
0.3033309876918793
0.49050000309944153
0.31390300393104553
0.49716898798942566
0.3244760036468506
0.5038380026817322
0.33504799008369446
0.5105069875717163
0.3456200063228607
0.5171759724617004
0.35619300603866577
0.5238450169563293
0.36676499247550964
0.5305140018463135
0.3773379921913147
0.5371829867362976
0.38791000843048096
0.5466510057449341
0.3960709869861603
0.556119978427887
0.4042310118675232
0.5655890107154846
0.4123919904232025
0.5750570297241211
0.4205529987812042
0.584526002407074
0.42871299386024475
0.5939940214157104
0.43687400221824646
0.6034629940986633
0.445033997297287
0.6129310131072998
0.4531950056552887
0.6245430111885071
0.4578230082988739
0.6361550092697144
0.4624519944190979
0.6477659940719604
0.4670799970626831
0.6593779921531677
0.4717079997062683
0.6709889769554138
0.4763369858264923
0.6826009750366211
0.4809649884700775
0.694212019443512
0.4855929911136627
0.7058240175247192
0.4902209937572479
0.716081976890564
0.4830780029296875
0.7263389825820923
0.4759339988231659
0.7365970015525818
0.46879100799560547
0.7468550205230713
0.46164700388908386
0.7571120262145996
0.45450299978256226
0.7673699855804443
0.44736000895500183
0.7776280045509338
0.4402160048484802
0.7878850102424622
0.4330730140209198
0.7985960245132446
0.4266279935836792
0.8093069791793823
0.4201839864253998
0.8200169801712036
0.41373899579048157
0.8307279944419861
0.40729498863220215
0.8414390087127686
0.4008510112762451
0.852150022983551
0.3944059908390045
0.8628600239753723
0.3879620134830475
0.87357097864151
0.3815169930458069
0.8626999855041504
0.3753480017185211
0.8518279790878296
0.36917799711227417
0.84095698595047
0.3630090057849884
0.8300849795341492
0.35683900117874146
0.8192139863967896
0.3506700098514557
0.8083429932594299
0.34450000524520874
0.7974709868431091
0.338331013917923
0.7865999937057495
0.332161009311676
0.785269021987915
0.3189049959182739
0.7839379906654358
0.30564799904823303
0.7826070189476013
0.29239100217819214
0.7812759876251221
0.27913400530815125
0.7799450159072876
0.26587700843811035
