0.6302019953727722
0.45761600136756897
0.6426389813423157
0.4563699960708618
0.6550769805908203
0.45512500405311584
0.667514979839325
0.4538800120353699
0.6799529790878296
0.4526349902153015
0.6923909783363342
0.45138901472091675
0.7048289775848389
0.4501439929008484
0.7172660231590271
0.4488990008831024
0.7297040224075317
0.44765400886535645
0.7420979738235474
0.4460279941558838
0.7544919848442078
0.4444029927253723
0.7668859958648682
0.44277799129486084
0.7792800068855286
0.44115200638771057
0.791674017906189
0.4395270049571991
0.8040670156478882
0.43790099024772644
0.8164610266685486
0.43627598881721497
0.8288549780845642
0.4346509873867035
0.8390250205993652
0.4273819923400879
0.8491939902305603
0.42011401057243347
0.8593639731407166
0.4128449857234955
0.8695340156555176
0.40557700395584106
0.8797029852867126
0.39830899238586426
0.8898730278015137
0.39103999733924866
0.9000419974327087
0.38377198576927185
0.910211980342865
0.37650400400161743
0.9064260125160217
0.36459100246429443
0.9026399850845337
0.35267800092697144
0.8988549709320068
0.34076499938964844
0.8950690031051636
0.32885199785232544
0.8912829756736755
0.31693899631500244
0.8874970078468323
0.30502599477767944
0.8837109804153442
0.29311299324035645
0.879925012588501
0.28119999170303345
0.8863670229911804
0.2704879939556122
0.8928080201148987
0.2597750127315521
0.8992490172386169
0.24906300008296967
0.9056910276412964
0.2383500039577484
0.9121320247650146
0.22763800621032715
0.9185739755630493
0.2169249951839447
0.9250149726867676
0.20621199905872345
0.9314560294151306
0.19550000131130219
0.9255949854850769
0.18276500701904297
0.919734001159668
0.17002999782562256
0.9138739705085754
0.15729500353336334
0.9080129861831665
0.14455999433994293
0.9021520018577576
0.13182400166988373
