0.7646420001983643
0.24322499334812164
0.7546529769897461
0.2357099950313568
0.7446650266647339
0.22819499671459198
0.7346760034561157
0.22067999839782715
0.7246869802474976
0.2131659984588623
0.7146980166435242
0.20565100014209747
0.704708993434906
0.19813600182533264
0.694720983505249
0.1906210035085678
0.6847320199012756
0.18310600519180298
0.675370991230011
0.19138899445533752
0.6660090088844299
0.19967199862003326
0.6566479802131653
0.207956001162529
0.6472859978675842
0.21623900532722473
0.6379250288009644
0.22452199459075928
0.6285640001296997
0.232805997133255
0.6192020177841187
0.24108900129795074
0.609840989112854
0.24937300384044647
0.6020519733428955
0.2591489851474762
0.5942630171775818
0.2689259946346283
0.5864740014076233
0.2787019908428192
0.5786849856376648
0.2884790003299713
0.5708960294723511
0.2982560098171234
0.5631070137023926
0.30803200602531433
0.5553179979324341
0.31780898571014404
0.5475289821624756
0.32758599519729614
0.5372689962387085
0.3347249925136566
0.5270079970359802
0.3418639898300171
0.5167480111122131
0.34900400042533875
0.5064870119094849
0.3561429977416992
0.4962269961833954
0.3632830083370209
0.4859659969806671
0.37042200565338135
0.47570499777793884
0.3775610029697418
0.46544501185417175
0.3847010135650635
0.4547789990901947
0.39122000336647034
0.44411399960517883
0.3977389931678772
0.43344900012016296
0.40425801277160645
0.4227829873561859
0.4107779860496521
0.41211798787117004
0.41729700565338135
0.4014529883861542
0.4238159954547882
0.3907870054244995
0.43033498525619507
0.38012200593948364
0.4368549883365631
0.3707920014858246
0.42853599786758423
0.3614619970321655
0.42021700739860535
0.35213199257850647
0.4118979871273041
0.3428019881248474
0.4035800099372864
0.33347201347351074
0.3952609896659851
0.3241420090198517
0.3869419991970062
0.3148120045661926
0.37862399220466614
0.30548200011253357
0.37030500173568726
0.2946769893169403
0.3765900135040283
0.28387200832366943
0.382874995470047
0.27306699752807617
0.38916000723838806
0.2622630000114441
0.3954460024833679
0.25145798921585083
0.401731014251709
0.24065299332141876
0.40801599621772766
0.2298479974269867
0.4143010079860687
0.21904300153255463
0.4205870032310486
0.2145249992609024
0.40893200039863586
0.2100059986114502
0.39727699756622314
0.20548799633979797
0.3856219947338104
0.20096999406814575
0.3739669919013977
0.19645200669765472
0.362311989068985
0.1919340044260025
0.35065698623657227
0.1874150037765503
0.3390029966831207
0.18289700150489807
0.327347993850708
0.17837899923324585
0.3156929910182953
0.17386099696159363
0.30403798818588257
0.16934199631214142
0.29238298535346985
0.1648239940404892
0.2807280123233795
0.16030600666999817
0.2690730094909668
0.15578800439834595
0.25741899013519287
0.15126900374889374
0.24576400220394135
0.14675100147724152
0.23410899937152863
0.14182500541210175
0.22140100598335266
0.1368979960680008
0.2086939960718155
0.13197200000286102
0.19598600268363953
0.12704600393772125
0.18327899277210236
0.1221190020442009
0.1705709993839264
0.11719299852848053
0.15786400437355042
