0.6816999912261963
0.03993409872055054
0.6793529987335205
0.0522116981446743
0.6770049929618835
0.06448929756879807
0.6746580004692078
0.07676690071821213
0.672311007976532
0.0890444964170456
0.669963002204895
0.1013220027089119
0.6676160097122192
0.1136000007390976
0.6652680039405823
0.1258769929409027
0.6629210114479065
0.138154998421669
0.6571739912033081
0.14925499260425568
0.6514269709587097
0.16035600006580353
0.6456800103187561
0.1714559942483902
0.6399329900741577
0.18255700170993805
0.6341860294342041
0.1936579942703247
0.6284390091896057
0.20475800335407257
0.6226919889450073
0.21585899591445923
0.6169450283050537
0.2269590049982071
0.6104679703712463
0.2376510053873062
0.6039919853210449
0.24834200739860535
0.5975149869918823
0.2590329945087433
0.5910390019416809
0.2697249948978424
0.5845620036125183
0.28041601181030273
0.5780860185623169
0.2911069989204407
0.5716090202331543
0.3017989993095398
0.5651329755783081
0.31248998641967773
0.5591549873352051
0.32346799969673157
0.553176999092102
0.3344460129737854
0.5471979975700378
0.34542301297187805
0.5412200093269348
0.3564009964466095
0.5352420210838318
0.36737900972366333
0.529263973236084
0.3783569931983948
0.523285984992981
0.3893350064754486
0.5173079967498779
0.40031200647354126
0.5119420289993286
0.4116019904613495
0.5065770149230957
0.4228920042514801
0.5012120008468628
0.4341830015182495
0.4958469867706299
0.44547298550605774
0.49048200249671936
0.45676299929618835
0.48511698842048645
0.46805301308631897
0.4797520041465759
0.4793429970741272
0.474386990070343
0.4906330108642578
0.4666779935359955
0.5004730224609375
0.45897001028060913
0.5103129744529724
0.4512610137462616
0.5201529860496521
0.4435519874095917
0.5299929976463318
0.4358440041542053
0.5398330092430115
0.4281350076198578
0.5496730208396912
0.42042699456214905
0.5595139861106873
0.4127179980278015
0.5693539977073669
0.4035800099372864
0.5778830051422119
0.39444300532341003
0.5864130258560181
0.3853049874305725
0.5949419736862183
0.37616801261901855
0.6034719944000244
0.36702999472618103
0.6120020151138306
0.3578920066356659
0.6205310225486755
0.34875500202178955
0.6290609836578369
0.3396170139312744
0.6375910043716431
0.32830899953842163
0.6322630047798157
0.31700199842453003
0.6269360184669495
0.30569401383399963
0.6216080188751221
0.29438599944114685
0.6162809729576111
0.28307801485061646
0.6109529733657837
0.27177000045776367
0.6056259870529175
0.2604619860649109
0.6002979874610901
0.2491540014743805
0.5949710011482239
0.2412489950656891
0.5852879881858826
0.2333430051803589
0.5756049752235413
0.22543799877166748
0.5659229755401611
0.2175319939851761
0.5562400221824646
0.20962700247764587
0.5465580224990845
0.20172199606895447
0.5368750095367432
0.19381600618362427
0.5271919965744019
0.18591099977493286
0.5175099968910217
0.17532600462436676
0.5108609795570374
0.16473999619483948
0.5042120218276978
0.15415500104427338
0.4975630044937134
0.14357000589370728
0.4909150004386902
0.13298499584197998
0.4842660129070282
0.12240000069141388
0.4776169955730438
0.11181499809026718
0.47096899151802063
0.10123000293970108
0.46432000398635864
0.09379419684410095
0.4760569930076599
0.0863587036728859
0.4877929985523224
0.07892320305109024
0.49952998757362366
