0.03986100107431412
0.9377509951591492
0.05228690057992935
0.9363920092582703
0.06471289694309235
0.9350339770317078
0.07713890075683594
0.9336749911308289
0.08956480026245117
0.9323170185089111
0.10199099779129028
0.9309589862823486
0.11441700160503387
0.9296000003814697
0.12684300541877747
0.928242027759552
0.13926899433135986
0.9268829822540283
0.15176700055599213
0.927075982093811
0.16426600515842438
0.9272689819335938
0.17676399648189545
0.9274619817733765
0.1892630010843277
0.9276549816131592
0.20176100730895996
0.9278479814529419
0.21425999701023102
0.9280409812927246
0.22675800323486328
0.9282339811325073
0.23925699293613434
0.9284260272979736
0.24997299909591675
0.9219899773597717
0.26068800687789917
0.9155539870262146
0.2714039981365204
0.9091179966926575
0.2821199893951416
0.9026820063591003
0.292834997177124
0.8962460160255432
0.30355098843574524
0.8898100256919861
0.31426700949668884
0.8833739757537842
0.32498300075531006
0.876937985420227
0.3351899981498718
0.8697230219841003
0.3453980088233948
0.8625079989433289
0.35560598969459534
0.8552939891815186
0.3658140003681183
0.8480790257453918
0.37602099776268005
0.8408640027046204
0.386229008436203
0.8336499929428101
0.39643698930740356
0.8264350295066833
0.4066449999809265
0.8192200064659119
0.40900200605392456
0.831496000289917
0.4113590121269226
0.8437719941139221
0.41371700167655945
0.8560469746589661
0.4160740077495575
0.868323028087616
0.41843101382255554
0.8805990219116211
0.4207890033721924
0.8928750157356262
0.42314600944519043
0.9051499962806702
0.4255029857158661
0.9174259901046753
0.4384939968585968
0.9130150079727173
0.45148399472236633
0.9086040258407593
0.46447399258613586
0.9041929841041565
0.4774639904499054
0.8997820019721985
0.4904539883136749
0.8953710198402405
0.5034440159797668
0.8909599781036377
