0.4951629936695099
0.6190429925918579
0.48398399353027344
0.613448977470398
0.47280600666999817
0.6078550219535828
0.4616279900074005
0.6022610068321228
0.45044898986816406
0.5966669917106628
0.4392710030078888
0.5910720229148865
0.42809298634529114
0.5854780077934265
0.4169139862060547
0.5798839926719666
0.4057359993457794
0.5742899775505066
0.40774598717689514
0.5619519948959351
0.40975698828697205
0.5496150255203247
0.41176700592041016
0.5372779965400696
0.41377800703048706
0.5249410271644592
0.4157879948616028
0.5126029849052429
0.4177989959716797
0.5002660155296326
0.4198090136051178
0.48792898654937744
0.4218200147151947
0.4755919873714447
0.43389999866485596
0.4723779857158661
0.4459789991378784
0.46916499733924866
0.45805901288986206
0.4659520089626312
0.4701389968395233
0.4627380073070526
0.48221901059150696
0.4595249891281128
0.4942989945411682
0.4563109874725342
0.5063790082931519
0.45309799909591675
0.5184590220451355
0.4498850107192993
0.5175489783287048
0.43741801381111145
0.516638994216919
0.4249509871006012
0.5157290101051331
0.41248399019241333
0.5148190259933472
0.40001699328422546
0.5139089822769165
0.3875510096549988
0.5129989981651306
0.3750840127468109
0.5120890140533447
0.36261698603630066
0.5111789703369141
0.3501499891281128
0.503042995929718
0.3406600058078766
0.49490800499916077
0.331169992685318
0.48677200078964233
0.3216800093650818
0.4786370098590851
0.3121899962425232
0.47050100564956665
0.3026989996433258
0.4623660147190094
0.2932089865207672
0.45423001050949097
0.283719003200531
0.44609498977661133
0.2742289900779724
0.4364989995956421
0.26621800661087036
0.42690300941467285
0.2582069933414459
0.4173080027103424
0.25019600987434387
0.40771201252937317
0.24218499660491943
0.3981170058250427
0.2341739982366562
0.3885209858417511
0.22616299986839294
0.37892600893974304
0.2181520015001297
0.3693299889564514
0.21014200150966644
0.3577289879322052
0.20474299788475037
0.346127986907959
0.1993439942598343
0.33452698588371277
0.1939450055360794
0.32292601466178894
0.18854700028896332
0.31132400035858154
0.18314799666404724
0.2997229993343353
0.17774899303913116
