0.302962988615036
0.04289339855313301
0.29297199845314026
0.05040600150823593
0.2829819917678833
0.057918500155210495
0.27299100160598755
0.06543110311031342
0.2630009949207306
0.07294359803199768
0.25301000475883484
0.0804561972618103
0.24301999807357788
0.08796869963407516
0.23302899301052094
0.09548129886388779
0.22303800284862518
0.10299400240182877
0.23152600228786469
0.11298099905252457
0.2400140017271042
0.12296900153160095
0.2485020011663437
0.13295599818229675
0.2569890022277832
0.14294299483299255
