0.23548799753189087
0.8430860042572021
0.24716299772262573
0.8386210203170776
0.2588379979133606
0.8341559767723083
0.27051401138305664
0.8296909928321838
0.2821890115737915
0.8252249956130981
0.29386401176452637
0.8207600116729736
0.30553901195526123
0.8162950277328491
0.3172149956226349
0.8118289709091187
0.32888999581336975
0.8073639869689941
0.32377898693084717
0.795956015586853
0.31866899132728577
0.7845489978790283
0.31355801224708557
0.7731410264968872
0.3084479868412018
0.7617340087890625
0.3033370077610016
0.7503259778022766
0.2982270121574402
0.7389190196990967
0.2931169867515564
0.7275109887123108
0.2880060076713562
0.7161030173301697
0.2840130031108856
0.7042580246925354
0.28001999855041504
0.6924129724502563
0.27602699398994446
0.6805679798126221
0.2720339894294739
0.6687229871749878
0.2680410146713257
0.6568779945373535
0.2640480101108551
0.6450330018997192
0.2600550055503845
0.633188009262085
0.25606200098991394
0.6213430166244507
0.2539129853248596
0.6090289950370789
0.2517639994621277
0.596714973449707
0.24961599707603455
0.58440101146698
0.24746699631214142
0.5720869898796082
0.2453179955482483
0.5597730278968811
0.24316999316215515
0.5474590063095093
0.24102100729942322
0.5351449847221375
0.2388720065355301
0.5228310227394104
0.24536600708961487
0.51214998960495
0.25185999274253845
0.5014690160751343
0.2583540081977844
0.490788996219635
0.2648470103740692
0.48010799288749695
0.2713409960269928
0.4694269895553589
0.27783501148223877
0.4587459862232208
0.28432899713516235
0.44806501269340515
0.29082199931144714
0.4373840093612671
0.3029150068759918
0.43421900272369385
0.3150080144405365
0.4310539960861206
0.32710000872612
0.42788898944854736
0.3391929864883423
0.4247249960899353
0.35128599405288696
0.42155998945236206
0.36337900161743164
0.4183950126171112
0.37547099590301514
0.41523000597953796
0.3875640034675598
0.4120649993419647
0.3909449875354767
0.4000310003757477
0.39432600140571594
0.38799700140953064
0.3977069854736328
0.3759630024433136
0.40108799934387207
0.36392900347709656
0.40446901321411133
0.3518950045108795
0.4078499972820282
0.3398610055446625
0.41123101115226746
0.32782700657844543
0.4146119952201843
0.3157930076122284
0.418287992477417
0.32774001359939575
0.42196398973464966
0.3396869897842407
0.4256399869918823
0.35163500905036926
0.4293160140514374
0.36358198523521423
0.43299201130867004
0.3755289912223816
0.4366680085659027
0.38747701048851013
0.4403429925441742
0.3994239866733551
0.44401898980140686
0.41137099266052246
0.4452289938926697
0.42381200194358826
0.4464400112628937
0.43625399470329285
0.4476499855518341
0.44869500398635864
0.4488599896430969
0.46113601326942444
0.45006999373435974
0.47357800602912903
0.45127999782562256
0.48601898550987244
0.45249098539352417
0.49845999479293823
0.453700989484787
0.5109009742736816
0.4547260105609894
0.5233590006828308
0.4557510018348694
0.53581702709198
0.45677700638771057
0.5482749938964844
0.4578019976615906
0.5607330203056335
0.4588269889354706
0.5731909871101379
0.45985299348831177
0.5856490135192871
0.46087801456451416
0.5981069803237915
0.46190300583839417
0.6105639934539795
0.469664990901947
0.62009197473526
0.4774259924888611
0.6296190023422241
0.48518699407577515
0.6391469836235046
