0.592510998249054
0.43885400891304016
0.5805469751358032
0.435232013463974
0.5685830116271973
0.43160998821258545
0.5566189885139465
0.4279879927635193
0.544655978679657
0.4243670105934143
0.532692015171051
0.42074498534202576
0.5207279920578003
0.4171229898929596
0.5087640285491943
0.41350099444389343
0.4968000054359436
0.40987899899482727
0.4863229990005493
0.4166969954967499
0.47584599256515503
0.4235140085220337
0.46536898612976074
0.4303320050239563
0.45489200949668884
0.4371500015258789
0.44441500306129456
0.4439670145511627
0.43393799662590027
0.4507850110530853
0.423460990190506
0.45760300755500793
0.4129840135574341
0.46441999077796936
0.4012709856033325
0.46878498792648315
0.38955700397491455
0.47315001487731934
0.3778440058231354
0.47751501202583313
0.3661310076713562
0.48187899589538574
0.354418009519577
0.48624399304389954
0.34270501136779785
0.49060899019241333
0.3309909999370575
0.4949739873409271
0.3192780017852783
0.4993380010128021
0.31113898754119873
0.4898509979248047
0.30300000309944153
0.48036399483680725
0.29486098885536194
0.470876008272171
0.28672298789024353
0.4613890051841736
0.27858400344848633
0.45190200209617615
0.27044498920440674
0.4424149990081787
0.26230600476264954
0.4329270124435425
0.25416699051856995
0.42344000935554504
0.2502259910106659
0.4115779995918274
0.24628399312496185
0.39971500635147095
0.2423429936170578
0.3878529965877533
0.23840099573135376
0.37599098682403564
0.2344599962234497
0.3641279935836792
0.23051799833774567
0.35226601362228394
0.2265769988298416
0.3404040038585663
0.22263500094413757
0.32854101061820984
0.22886799275875092
0.31770598888397217
0.23510099947452545
0.3068709969520569
0.2413340061903
0.2960360050201416
0.24756699800491333
0.2852010130882263
0.2537989914417267
0.27436500787734985
0.2600319981575012
0.2635299861431122
0.26626500487327576
0.2526949942111969
0.2724980115890503
0.24186000227928162
0.2789030075073242
0.2307240068912506
