0.22847500443458557
0.8720369935035706
0.2164199948310852
0.8753460049629211
0.20436599850654602
0.8786540031433105
0.19231200218200684
0.8819630146026611
0.18025800585746765
0.8852720260620117
0.16820399463176727
0.8885809779167175
0.1561499983072281
0.8918889760971069
0.1440960019826889
0.8951979875564575
0.13204100728034973
0.8985069990158081
0.12115299701690674
0.9046459794044495
0.11026400327682495
0.9107850193977356
0.09937570244073868
0.916923999786377
0.08848720043897629
0.9230629801750183
0.07759860157966614
0.9292020201683044
0.06671000272035599
0.935342013835907
0.05582140013575554
0.9414809942245483
0.04493280127644539
0.9476199746131897
0.05632980167865753
0.9400449991226196
0.06772679835557938
0.9324700236320496
