0.5711309909820557
0.4330959916114807
0.5739110112190247
0.4452829957008362
0.5766909718513489
0.45746999979019165
0.5794709920883179
0.4696570038795471
0.5822510123252869
0.4818440079689026
0.5850309729576111
0.49403101205825806
0.5878120064735413
0.5062170028686523
0.5905920267105103
0.5184040069580078
0.5933719873428345
0.5305910110473633
0.5939769744873047
0.5430769920349121
0.5945820212364197
0.5555620193481445
0.5951870083808899
0.5680469870567322
0.5957919955253601
0.5805330276489258
0.5963969826698303
0.5930179953575134
0.5970020294189453
0.6055030226707458
0.5976079702377319
0.6179890036582947
0.5982130169868469
0.6304739713668823
0.5991560220718384
0.6429380178451538
0.6000990271568298
0.6554030179977417
0.6010419726371765
0.6678670048713684
0.6019859910011292
0.6803309917449951
0.6029289960861206
0.692795991897583
0.6038720011711121
0.7052599787712097
0.6048150062561035
0.7177249789237976
0.605758011341095
0.7301890254020691
0.6176469922065735
0.724399983882904
0.629535973072052
0.7186110019683838
0.6414240002632141
0.7128220200538635
