0.6046429872512817
0.6413450241088867
0.6159530282020569
0.646668016910553
0.6272630095481873
0.6519899964332581
0.6385740041732788
0.6573119759559631
0.6498839855194092
0.6626350283622742
0.6611940264701843
0.6679570078849792
0.6725050210952759
0.6732789874076843
0.6838150024414062
0.6786019802093506
0.6951249837875366
0.6839240193367004
0.7040429711341858
0.6926829814910889
0.7129619717597961
0.7014420032501221
0.7218800187110901
0.7102000117301941
0.7307980060577393
0.7189589738845825
0.7397170066833496
0.7277179956436157
0.7486349940299988
0.7364760041236877
0.757552981376648
0.745235025882721
0.7664710283279419
0.7539939880371094
0.7728049755096436
0.764769971370697
0.7791380286216736
0.7755470275878906
0.7854710221290588
0.7863240242004395
0.7918040156364441
0.7971010208129883
0.7981370091438293
0.8078780174255371
0.8044700026512146
0.8186550140380859
0.8108029961585999
0.8294320106506348
0.8171359896659851
0.8402090072631836
0.8271679878234863
0.8476669788360596
0.8371989727020264
0.8551250100135803
0.8472300171852112
0.8625829815864563
0.8572620153427124
0.870041012763977
0.8672930002212524
0.877498984336853
0.8773239850997925
0.8849570155143738
0.8873559832572937
0.8924149870872498
0.8973870277404785
0.8998730182647705
0.9097030162811279
0.9055089950561523
0.9220190048217773
0.9111449718475342
0.9343360066413879
0.9167810082435608
0.9466519951820374
0.9224169850349426
