0.7950479984283447
0.5886970162391663
0.7877839803695679
0.5988699793815613
0.7805200219154358
0.6090430021286011
0.7732560038566589
0.6192150115966797
0.7659919857978821
0.6293879747390747
0.75872802734375
0.6395609974861145
0.7514640092849731
0.6497330069541931
0.7441999912261963
0.6599060297012329
0.7369359731674194
0.6700789928436279
0.726701021194458
0.6772549748420715
0.7164660096168518
0.6844320297241211
0.7062320113182068
0.6916080117225647
0.6959969997406006
0.6987850069999695
0.6857630014419556
0.7059620022773743
0.6755279898643494
0.7131379842758179
0.6652929782867432
0.7203149795532227
0.6550589799880981
0.727491021156311
0.6426429748535156
0.7260410189628601
0.6302279829978943
0.7245910167694092
0.6178119778633118
0.7231410145759583
0.6053959727287292
0.7216910123825073
0.5929809808731079
0.7202399969100952
0.5805649757385254
0.7187899947166443
0.568149983882904
0.7173399925231934
0.5557339787483215
0.7158899903297424
0.5437880158424377
0.7122089862823486
0.5318419933319092
0.708528995513916
0.5198969841003418
0.7048479914665222
0.507951021194458
0.7011669874191284
0.49600499868392944
0.6974869966506958
0.48405900597572327
0.693805992603302
0.4721130132675171
0.6901249885559082
0.4601669907569885
0.6864449977874756
0.44805198907852173
0.6833699941635132
0.43593600392341614
0.6802949905395508
0.42381998896598816
0.6772199869155884
0.41170400381088257
0.674144983291626
0.3995879888534546
0.6710699796676636
0.387472003698349
0.6679949760437012
0.375355988740921
0.6649199724197388
0.36324000358581543
0.6618459820747375
0.361407995223999
0.6494809985160828
0.3595770001411438
0.6371150016784668
0.3577449917793274
0.624750018119812
0.3559130132198334
0.6123849749565125
0.35408100485801697
0.6000199913978577
0.35225000977516174
0.5876550078392029
0.35041800141334534
0.5752900242805481
0.34858599305152893
0.5629249811172485
0.3447589874267578
0.5510259866714478
0.3409309983253479
0.5391259789466858
0.3371039927005768
0.5272259712219238
0.33327698707580566
0.515326976776123
0.32945001125335693
0.5034270286560059
0.32562199234962463
0.4915269911289215
0.3217949867248535
0.4796279966831207
0.3179680109024048
0.46772798895835876
0.3304390013217926
0.4668860137462616
0.3429110050201416
0.46604400873184204
0.3553819954395294
0.4652029871940613
0.3678539991378784
0.4643610119819641
0.3803260028362274
0.46351900696754456
0.39279699325561523
0.462677001953125
0.40526899695396423
0.46183499693870544
0.41774100065231323
0.4609929919242859
0.41948801279067993
0.44861599802970886
0.42123499512672424
0.43623900413513184
0.42298200726509094
0.4238620102405548
0.42472898960113525
0.4114840030670166
0.42647600173950195
0.3991070091724396
0.42822301387786865
0.38672998547554016
0.42996999621391296
0.37435200810432434
0.43171700835227966
0.3619750142097473
0.43101799488067627
0.349494993686676
0.43031901121139526
0.33701398968696594
0.42961999773979187
0.32453399896621704
0.42892101407051086
0.31205299496650696
0.42822200059890747
0.29957300424575806
0.4275229871273041
0.287092000246048
0.42682400345802307
0.2746120095252991
0.4261249899864197
0.2621319890022278
