0.9228119850158691
0.8323379755020142
0.9116680026054382
0.8266760110855103
0.9005240201950073
0.8210150003433228
0.8893790245056152
0.8153529763221741
0.8782349824905396
0.8096910119056702
0.8670910000801086
0.8040300011634827
0.8559460043907166
0.798367977142334
0.8448020219802856
0.7927060127258301
0.83365797996521
0.7870450019836426
0.821278989315033
0.7853080034255981
0.808899998664856
0.7835710048675537
0.7965220212936401
0.7818340063095093
0.7841429710388184
0.7800970077514648
0.7717639803886414
0.7783600091934204
0.7593860030174255
0.776623010635376
0.7470070123672485
0.7748849987983704
0.7346280217170715
0.7731480002403259
0.722474992275238
0.7760739922523499
0.7103220224380493
0.7789989709854126
0.6981689929962158
0.7819240093231201
0.6860169768333435
0.784850001335144
0.6738640069961548
0.7877749800682068
0.6617109775543213
0.7907000184059143
0.6495580077171326
0.793624997138977
0.6374049782752991
0.796550989151001
0.630515992641449
0.8069810271263123
0.6236270070075989
0.8174110054969788
0.6167389750480652
0.8278419971466064
0.6098499894142151
0.838271975517273
0.602961003780365
0.8487030267715454
0.5960720181465149
0.8591330051422119
0.58918297290802
0.8695639967918396
0.5822939872741699
0.8799939751625061
0.5854399800300598
0.8695359826087952
0.5885859727859497
0.8590779900550842
0.5917320251464844
0.8486189842224121
