0.566510021686554
0.3681029975414276
0.5547940135002136
0.3637470006942749
0.5430769920349121
0.3593910038471222
0.5313609838485718
0.3550350069999695
0.519644021987915
0.35067999362945557
0.5079280138015747
0.34632399678230286
0.4962109923362732
0.34196799993515015
0.48449501395225525
0.33761200308799744
0.47277799248695374
0.3332560062408447
0.47511300444602966
0.32097598910331726
0.4774479866027832
0.308696985244751
0.4797840118408203
0.2964169979095459
0.48211899399757385
0.2841370105743408
0.4844540059566498
0.27185699343681335
0.4867889881134033
0.2595770061016083
0.48912501335144043
0.247297003865242
0.49145999550819397
0.23501700162887573
0.48702800273895264
0.22189000248908997
0.4825969934463501
0.2087620049715042
0.47816500067710876
0.19563500583171844
