0.40147700905799866
0.2523150146007538
0.40290799736976624
0.2647329866886139
0.4043389856815338
0.2771509885787964
0.4057700037956238
0.2895689904689789
0.40720099210739136
0.3019869923591614
0.4086320102214813
0.3144040107727051
0.4100629985332489
0.3268220126628876
0.4114939868450165
0.33924001455307007
0.41292500495910645
0.3516579866409302
0.4139159917831421
0.3641180098056793
0.4149079918861389
0.3765789866447449
0.41589900851249695
0.3890399932861328
0.4168899953365326
0.40149998664855957
0.4178810119628906
0.4139609932899475
0.41887301206588745
0.42642199993133545
0.4198639988899231
0.4388819932937622
0.42085498571395874
0.45134299993515015
0.4215579926967621
0.46382299065589905
0.42226099967956543
0.47630301117897034
0.42296499013900757
0.48878398537635803
0.4236679971218109
0.5012639760971069
0.42437100410461426
0.5137439966201782
0.4250740110874176
0.5262240171432495
0.42577698826789856
0.538703978061676
0.4264799952507019
0.5511850118637085
0.42751699686050415
0.5636420249938965
0.4285529851913452
0.5760989785194397
0.42958900332450867
0.5885549783706665
0.4306260049343109
0.6010119915008545
0.431661993265152
0.6134690046310425
0.4326989948749542
0.6259260177612305
0.4337350130081177
0.6383829712867737
0.43477100133895874
0.6508399844169617
0.43423500657081604
0.663329005241394
0.43369799852371216
0.6758170127868652
0.43316200375556946
0.6883059740066528
0.4326249957084656
0.700793981552124
0.4320890009403229
0.7132830023765564
0.431551992893219
0.7257710099220276
0.4310159981250763
0.7382599711418152
0.4304789900779724
0.7507479786872864
0.4300209879875183
0.7632399797439575
0.4295639991760254
0.7757310271263123
0.4291059970855713
0.7882230281829834
0.4286479949951172
0.8007150292396545
0.4281899929046631
0.8132060170173645
0.427731990814209
0.8256980180740356
0.4272739887237549
0.8381890058517456
0.4268159866333008
0.8506810069084167
0.4281949996948242
0.8631049990653992
0.42957401275634766
0.8755289912223816
0.4309520125389099
0.8879520297050476
0.43233099579811096
0.90037602186203
0.4337100088596344
0.9128000140190125
0.43508800864219666
0.9252229928970337
0.4364669919013977
0.9376469850540161
0.43784600496292114
0.9500709772109985
0.44918400049209595
0.9527040123939514
0.46052101254463196
0.9553369879722595
0.47185900807380676
0.9579690098762512
