0.27258700132369995
0.0407819002866745
0.2833079993724823
0.0472107008099556
0.29402801394462585
0.053639501333236694
0.304747998714447
0.06006830185651779
0.3154680132865906
0.06649710237979889
0.32618799805641174
0.07292599976062775
0.3369080126285553
0.07935480028390884
0.34762799739837646
0.08578360080718994
0.35834801197052
0.09221240133047104
0.3552510142326355
0.10432299971580505
0.3521530032157898
0.11643300205469131
0.3490560054779053
0.12854300439357758
0.34595799446105957
0.14065299928188324
0.34286099672317505
0.1527629941701889
0.33976298570632935
0.16487300395965576
0.3366659879684448
0.17698299884796143
0.3335680067539215
0.18909400701522827
0.3273409903049469
0.19993199408054352
0.3211140036582947
0.21076999604701996
0.3148860037326813
0.2216089963912964
0.30865898728370667
0.23244699835777283
0.30243200063705444
0.24328599870204926
0.2962050139904022
0.2541239857673645
0.2899770140647888
0.26496198773384094
0.2837499976158142
0.27580100297927856
0.27189698815345764
0.27977100014686584
0.26004499197006226
0.2837409973144531
0.24819199740886688
0.2877109944820404
0.2363390028476715
0.2916809916496277
0.22448599338531494
0.29565098881721497
0.21263299882411957
0.29962098598480225
0.20078100264072418
0.3035910129547119
0.18892799317836761
0.307561993598938
0.18223600089550018
0.31811898946762085
0.17554299533367157
0.3286769986152649
0.16885100305080414
0.33923399448394775
0.1621589958667755
0.3497920036315918
0.15546700358390808
0.36035001277923584
0.14877399802207947
0.3709070086479187
0.14208200573921204
0.38146498799324036
0.1353899985551834
0.3920229971408844
0.13651800155639648
0.4044719934463501
0.13764600455760956
0.4169209897518158
0.13877500593662262
0.4293699860572815
0.1399029940366745
0.4418190121650696
0.14103099703788757
0.4542680084705353
0.14215900003910065
0.4667159914970398
0.1432880014181137
0.4791649878025055
0.14441600441932678
0.4916140139102936
0.14554400742053986
0.5040630102157593
0.14667299389839172
0.5165119767189026
0.1478009968996048
0.5289610028266907
0.14892899990081787
0.5414100289344788
0.15005700290203094
0.5538589954376221
0.151186004281044
0.5663080215454102
0.15231400728225708
0.5787569880485535
0.15344199538230896
0.5912060141563416
0.154448002576828
0.6023030281066895
