0.7818509936332703
0.7270079851150513
0.7919930219650269
0.7196999788284302
0.8021349906921387
0.7123929858207703
0.8122770190238953
0.7050859928131104
0.8224179744720459
0.6977779865264893
0.8325600028038025
0.6904709935188293
0.8427019715309143
0.6831640005111694
0.8528429865837097
0.6758570075035095
0.8629850149154663
0.6685490012168884
0.8514869809150696
0.6636459827423096
0.8399890065193176
0.6587430238723755
0.8284900188446045
0.6538400053977966
0.8169919848442078
0.6489369869232178
0.8054940104484558
0.6440340280532837
0.7939959764480591
0.6391299962997437
0.7824980020523071
0.6342269778251648
0.770999014377594
0.6293240189552307
0.7601240277290344
0.6354870200157166
0.7492489814758301
0.6416509747505188
0.7383750081062317
0.6478139758110046
0.7275000214576721
0.6539769768714905
0.7166249752044678
0.6601409912109375
0.7057499885559082
0.6663039922714233
0.6948750019073486
0.6724669933319092
0.6840000152587891
0.6786310076713562
