0.4682770073413849
0.40553799271583557
0.4635480046272278
0.41710901260375977
0.4588190019130707
0.4286800026893616
0.4540899991989136
0.4402509927749634
0.44936099648475647
0.4518220126628876
0.44463199377059937
0.4633930027484894
0.43990299105644226
0.4749639928340912
0.43517398834228516
0.4865350127220154
0.43044498562812805
0.4981060028076172
0.4276430010795593
0.5102880001068115
0.4248420000076294
0.5224689841270447
0.4220399856567383
0.534650981426239
0.41923800110816956
0.5468329787254333
0.41643598675727844
0.5590149760246277
0.4136340022087097
0.571196973323822
0.4108319878578186
0.5833789706230164
0.4080300033092499
0.5955610275268555
0.4061410129070282
0.6079170107841492
0.40425199270248413
0.620274007320404
0.40236300230026245
0.6326299905776978
0.40047401189804077
0.6449869871139526
0.3985849916934967
0.6573429703712463
0.396696001291275
0.669700026512146
0.39480701088905334
0.6820560097694397
0.3929179906845093
0.6944130063056946
0.38068699836730957
0.6918349862098694
0.3684549927711487
0.6892579793930054
0.356224000453949
0.686680018901825
0.3439919948577881
0.6841030120849609
0.3317610025405884
0.6815249919891357
0.31953001022338867
0.6789479851722717
0.3072980046272278
0.6763700246810913
0.2950670123100281
0.6737930178642273
0.2830359935760498
0.6771849989891052
0.2710050046443939
0.6805769801139832
0.25897398591041565
0.6839690208435059
0.24694299697875977
0.6873610019683838
0.2349119931459427
0.6907529830932617
0.2228810042142868
0.6941440105438232
0.21085000038146973
0.6975359916687012
0.19881899654865265
0.7009279727935791
0.19414100050926208
0.6893370151519775
0.18946300446987152
0.67774498462677
0.18478499352931976
0.6661530137062073
0.1801069974899292
0.6545619964599609
0.17542900145053864
0.6429700255393982
0.17075100541114807
0.6313790082931519
0.1660729944705963
0.6197869777679443
0.16139499843120575
0.6081950068473816
0.16668899357318878
0.596871018409729
0.17198200523853302
0.5855479836463928
0.17727600038051605
0.5742239952087402
0.1825689971446991
0.5629000067710876
0.18786300718784332
0.5515760183334351
0.19315600395202637
0.5402519702911377
0.1984499990940094
0.5289279818534851
0.20374299585819244
0.5176050066947937
0.20853999257087708
0.5073419809341431
0.2133380025625229
0.497079998254776
0.21813499927520752
0.48681700229644775
0.22293199598789215
0.4765549898147583
