0.6407830119132996
0.04533499851822853
0.6446880102157593
0.05720939859747887
0.648593008518219
0.06908369809389114
0.6524980068206787
0.08095809817314148
0.6564030051231384
0.09283249825239182
0.6603080034255981
0.10470700263977051
0.6642130017280579
0.11658100038766861
0.6681180000305176
0.1284559965133667
0.6720229983329773
0.1403300017118454
0.684391975402832
0.14213599264621735
0.6967610120773315
0.1439419984817505
0.7091299891471863
0.14574900269508362
0.7214980125427246
0.14755499362945557
0.7338669896125793
0.1493609994649887
0.7462360262870789
0.15116700530052185
0.7586050033569336
0.1529739946126938
0.7709739804267883
0.15478000044822693
0.783420979976654
0.1536339968442917
0.7958679795265198
0.15248900651931763
0.8083159923553467
0.15134300291538239
0.8207629919052124
0.15019699931144714
0.8332110047340393
0.1490509957075119
0.845658004283905
0.14790600538253784
0.8581050038337708
0.1467600017786026
0.8705530166625977
0.14561399817466736
