0.036489199846982956
0.3755210041999817
0.04898909851908684
0.375575989484787
0.06148890033364296
0.3756310045719147
0.07398880273103714
0.37568598985671997
0.08648870140314102
0.3757399916648865
0.0989886000752449
0.37579500675201416
0.11148799955844879
0.37584999203681946
0.12398800253868103
0.37590500712394714
0.13648800551891327
0.37595999240875244
0.1479090005159378
0.37088000774383545
0.15933099389076233
0.36579999327659607
0.17075200378894806
0.3607200086116791
0.1821729987859726
0.3556399941444397
0.19359399378299713
0.3505600094795227
0.20501600205898285
0.3454799950122833
0.21643699705600739
0.34040001034736633
0.22785800695419312
0.33531999588012695
0.23594899475574493
0.32579201459884644
0.24403899908065796
0.31626299023628235
0.25213000178337097
0.30673500895500183
0.260221004486084
0.29720601439476013
0.2683109939098358
0.2876780033111572
0.27640199661254883
0.2781490087509155
0.28449299931526184
0.2686209976673126
0.29258298873901367
0.2590929865837097
0.2937999963760376
0.2466520071029663
0.29501599073410034
0.2342109978199005
0.29623299837112427
0.2217710018157959
0.2974500060081482
0.2093300074338913
0.29866600036621094
0.1968889981508255
0.29988300800323486
0.1844490021467209
0.3010999858379364
0.1720079928636551
0.30231600999832153
0.1595669984817505
0.31474000215530396
0.15819300711154938
0.3271639943122864
0.15681800246238708
0.33958899974823
0.1554429978132248
0.3520129919052124
0.1540679931640625
0.3644370138645172
0.1526940017938614
0.37686100602149963
0.1513189971446991
0.38928499817848206
0.149944007396698
0.40171000361442566
0.1485690027475357
0.4034709930419922
0.16094499826431274
0.4052329957485199
0.1733199954032898
0.4069949984550476
0.18569500744342804
0.40875598788261414
0.1980700045824051
0.41051799058914185
0.21044500172138214
0.41227999329566956
0.22282099723815918
0.41404101252555847
0.23519599437713623
0.4158029854297638
0.24757100641727448
0.4075179994106293
0.25337299704551697
