0.781370997428894
0.8390600085258484
0.7938219904899597
0.8379510045051575
0.8062719702720642
0.8368409872055054
0.8187230229377747
0.8357319831848145
0.8311740159988403
0.8346220254898071
0.8436239957809448
0.8335130214691162
0.8560749888420105
0.8324030041694641
0.8685259819030762
0.8312940001487732
0.8809760212898254
0.8301839828491211
0.8898450136184692
0.8213750123977661
0.8987129926681519
0.8125659823417664
0.9075809717178345
0.8037559986114502
0.9164490103721619
0.7949470281600952
0.9253169894218445
0.7861379981040955
0.9341859817504883
0.7773280143737793
0.9430540204048157
0.7685189843177795
0.9519219994544983
0.7597100138664246
0.9399409890174866
0.7632750272750854
0.9279599785804749
0.7668399810791016
0.9159799814224243
0.7704049944877625
0.9039989709854126
0.7739700078964233
0.8920180201530457
0.7775350213050842
0.8800370097160339
0.7810999751091003
0.8680559992790222
0.7846660017967224
0.8560760021209717
0.7882310152053833
0.8449140191078186
0.793857991695404
0.8337519764900208
0.799485981464386
0.8225910067558289
0.8051130175590515
0.8114290237426758
0.8107410073280334
0.8002679944038391
0.8163679838180542
0.789106011390686
0.8219959735870361
0.7779449820518494
0.8276230096817017
0.7667829990386963
0.8332509994506836
0.7612379789352417
0.822048008441925
0.7556939721107483
0.8108450174331665
0.7501490116119385
0.799642026424408
0.7446039915084839
0.7884389758110046
0.7390599846839905
0.7772359848022461
0.7335150241851807
0.7660329937934875
0.7279710173606873
0.754830002784729
0.7224259972572327
0.7436270117759705
0.7184410095214844
0.7317789793014526
0.7144569754600525
0.7199310064315796
0.7104719877243042
0.7080829739570618
0.7064869999885559
0.6962360143661499
0.7025030255317688
0.6843879818916321
0.6985179781913757
0.672540009021759
0.6945329904556274
0.6606919765472412
0.6905490159988403
0.6488440036773682
0.7030259966850281
0.6480849981307983
0.7155029773712158
0.6473259925842285
0.7279800176620483
0.6465669870376587
0.7404559850692749
0.6458079814910889
0.7529330253601074
0.6450499892234802
0.7654100060462952
0.6442909836769104
0.7778869867324829
0.6435319781303406
0.7903640270233154
0.6427729725837708
0.7839769721031189
0.6320279836654663
0.7775909900665283
0.6212829947471619
0.7712039947509766
0.6105369925498962
0.7648169994354248
0.5997920036315918
0.758430004119873
0.5890470147132874
0.7520430088043213
0.5783020257949829
0.7456570267677307
0.5675569772720337
0.7392699718475342
0.5568119883537292
0.7437480092048645
0.5451409816741943
0.74822598695755
0.5334709882736206
0.7527040243148804
0.5217999815940857
0.7571820020675659
0.510129988193512
0.7616599798202515
0.49845999479293823
0.7661380171775818
0.4867889881134033
0.7706149816513062
0.4751189947128296
0.7750930190086365
0.4634479880332947
0.7641199827194214
0.46943399310112
0.7531459927558899
0.4754190146923065
0.7421720027923584
0.48140498995780945
0.7311980128288269
0.48739001154899597
0.7202240228652954
0.4933759868144989
0.7092509865760803
0.4993610084056854
0.6982769966125488
0.5053470134735107
0.6873030066490173
0.5113319754600525
0.6769030094146729
0.5182660222053528
0.6665019989013672
0.5252000093460083
0.6561020016670227
0.5321339964866638
0.645700991153717
0.5390689969062805
0.6353009939193726
0.546002984046936
0.6249009966850281
0.5529369711875916
0.6144999861717224
0.5598710179328918
0.6040999889373779
0.5668050050735474
0.5929039716720581
0.572363018989563
0.5817070007324219
0.577921986579895
0.570510983467102
0.5834800004959106
0.559315025806427
0.5890380144119263
0.5481190085411072
0.5945960283279419
0.5369219779968262
0.6001539826393127
0.5257260203361511
0.6057130098342896
0.5145300030708313
0.6112710237503052
0.5039470195770264
0.6179230213165283
0.49336400628089905
0.6245759725570679
0.4827820062637329
0.6312280297279358
0.4721989929676056
0.6378809809684753
0.46161600947380066
0.6445329785346985
0.4510340094566345
0.6511859893798828
0.4404509961605072
0.6578390002250671
0.42986801266670227
0.6644909977912903
0.4175249934196472
0.6664639711380005
0.40518099069595337
0.6684359908103943
0.3928380012512207
0.6704090237617493
0.38049501180648804
0.6723809838294983
0.3681510090827942
0.6743540167808533
0.35580798983573914
0.6763259768486023
0.34346500039100647
0.6782990097999573
0.3311209976673126
0.6802710294723511
0.3189989924430847
0.6772199869155884
0.3068769872188568
0.6741690039634705
0.2947559952735901
0.6711170077323914
0.2826339900493622
0.6680660247802734
0.27051201462745667
0.6650149822235107
0.25839000940322876
0.6619629859924316
0.24626800417900085
0.6589120030403137
0.23414599895477295
0.6558610200881958
0.22705300152301788
0.6455680131912231
0.21995900571346283
0.6352760195732117
0.21286499500274658
0.6249840259552002
0.20577099919319153
0.614691972732544
0.19867700338363647
0.6043999791145325
0.1915840059518814
0.594107985496521
0.18448999524116516
0.5838159918785095
0.1773959994316101
0.573523998260498
0.1894949972629547
0.5700860023498535
0.20159399509429932
0.5666490197181702
0.21369299292564392
0.563211977481842
0.22579200565814972
0.5597749948501587
