0.0762593001127243
0.4771139919757843
0.08684030175209045
0.4704590141773224
0.09742119908332825
0.4638029932975769
0.10800199955701828
0.4571479856967926
0.11858300119638443
0.4504919946193695
0.12916399538516998
0.4438369870185852
0.13974499702453613
0.4371820092201233
0.15032599866390228
0.4305259883403778
0.16090700030326843
0.4238710105419159
0.15643300116062164
0.4121989905834198
0.15195800364017487
0.4005270004272461
0.14748400449752808
0.3888559937477112
0.1430100053548813
0.3771840035915375
0.1385360062122345
0.36551201343536377
0.1340620070695877
0.3538399934768677
0.12958799302577972
0.34216800332069397
0.12511299550533295
0.33049601316452026
0.1269489973783493
0.3181320130825043
0.12878499925136566
0.3057669997215271
0.13062000274658203
0.2934029996395111
0.1324560046195984
0.28103798627853394
0.13429200649261475
0.26867398619651794
0.13612699508666992
0.25630900263786316
0.13796299695968628
0.24394500255584717
0.13979899883270264
0.2315800040960312
0.1401209980249405
0.2190849930047989
0.14044399559497833
0.2065889984369278
0.1407659947872162
0.1940930038690567
0.14108799397945404
0.18159699440002441
0.14141100645065308
0.16910099983215332
0.14173300564289093
0.15660500526428223
0.14205500483512878
0.14410999417304993
0.14237800240516663
0.13161399960517883
0.15303799510002136
0.13814200460910797
0.1636980026960373
0.14466899633407593
0.17435799539089203
0.15119700133800507
0.18501800298690796
0.1577250063419342
0.1956779956817627
0.16425299644470215
0.20633800327777863
0.1707810014486313
0.21699799597263336
0.17730900645256042
0.2276580035686493
0.18383699655532837
0.23923799395561218
0.1791290044784546
0.25081801414489746
0.17442099750041962
0.26239699125289917
0.16971400380134583
0.27397701144218445
0.16500599682331085
0.28555598855018616
0.16029900312423706
0.29713600873947144
0.1555909961462021
0.3087159991264343
0.1508830040693283
0.3202950060367584
0.14617599546909332
0.3315750062465668
0.15156300365924835
0.3428550064563751
0.1569499969482422
0.3541339933872223
0.16233700513839722
0.36541399359703064
0.16772399842739105
0.3766930103302002
0.17311100661754608
0.38797301054000854
0.17849799990653992
0.3992519974708557
0.18388499319553375
0.41053199768066406
0.18927299976348877
0.42071399092674255
0.19652299582958221
0.4308969974517822
0.20377400517463684
0.4410789906978607
0.21102400124073029
0.4512610137462616
0.21827499568462372
0.4614430069923401
0.22552600502967834
0.47162601351737976
0.2327760010957718
0.48180800676345825
0.24002699553966522
0.49199000000953674
0.24727800488471985
0.4975050091743469
0.2584950029850006
0.5030189752578735
0.26971301436424255
0.5085340142250061
0.2809309959411621
0.5140489935874939
0.29214900732040405
0.5195630192756653
0.3033669888973236
0.5250779986381531
0.31458398699760437
0.5305929780006409
0.3258019983768463
0.5361070036888123
0.33702000975608826
0.5415869951248169
0.3482550084590912
0.5470669865608215
0.35948899388313293
0.5525469779968262
0.37072399258613586
0.5580270290374756
0.3819589912891388
0.5635070204734802
0.3931939899921417
0.5689870119094849
0.40442800521850586
0.5744670033454895
0.4156630039215088
0.5799469947814941
0.4268980026245117
0.5878859758377075
0.4365530014038086
0.5958250164985657
0.44620901346206665
0.6037629842758179
0.4558640122413635
0.611702024936676
0.4655199944972992
0.6196399927139282
0.47517499327659607
0.6275789737701416
0.4848310053348541
0.6355180144309998
0.494486004114151
0.643455982208252
0.5041419863700867
0.6467750072479248
0.5161929726600647
0.6500939726829529
0.5282440185546875
0.6534129977226257
0.5402960181236267
0.6567320227622986
0.5523470044136047
0.6600509881973267
0.5643979907035828
0.6633700132369995
0.576449990272522
0.6666889786720276
0.5885009765625
0.6700080037117004
0.6005520224571228
0.680118978023529
0.6079019904136658
0.6902310252189636
0.6152510046958923
0.7003419995307922
0.6226000189781189
0.710453987121582
0.6299489736557007
0.7205650210380554
0.6372979879379272
0.730675995349884
0.6446470022201538
0.7407879829406738
0.6519960165023804
0.7508990168571472
0.6593459844589233
0.7537819743156433
0.6715090274810791
0.7566649913787842
0.6836720108985901
0.7595469951629639
0.6958349943161011
0.7624300122261047
0.7079979777336121
0.7653130292892456
0.7201610207557678
0.7681959867477417
0.7323240041732788
0.7710779905319214
0.7444869875907898
0.7739610075950623
0.7566499710083008
0.7758740186691284
0.7690029740333557
0.7777870297431946
0.7813550233840942
0.7797009944915771
0.7937080264091492
0.7816140055656433
0.8060610294342041
0.7835270166397095
0.8184139728546143
0.7854400277137756
0.8307660222053528
0.7873539924621582
0.8431190252304077
0.7892670035362244
0.8554720282554626
0.800134003162384
0.8616489768028259
0.8110010027885437
0.867825984954834
0.8218680024147034
0.8740040063858032
0.832735002040863
0.8801810145378113
0.8436020016670227
0.8863580226898193
0.8544690012931824
0.8925349712371826
0.865336000919342
0.8987129926681519
0.8762030005455017
0.9048900008201599
0.8808109760284424
0.9166679978370667
0.885420024394989
0.9284449815750122
0.8900290131568909
0.940222978591919
0.8946380019187927
0.9520009756088257
