0.11152300238609314
0.7105270028114319
0.1240210011601448
0.7107769846916199
0.13651800155639648
0.7110260128974915
0.14901599287986755
0.7112749814987183
0.16151300072669983
0.711525022983551
0.1740110069513321
0.7117739915847778
0.18650799989700317
0.7120230197906494
0.19900600612163544
0.7122730016708374
0.21150299906730652
0.7125219702720642
0.22396400570869446
0.7135149836540222
0.23642399907112122
0.7145079970359802
0.24888500571250916
0.7155020236968994
0.2613449990749359
0.7164949774742126
0.27380600571632385
0.7174879908561707
0.2862659990787506
0.7184810042381287
0.29872599244117737
0.7194740176200867
0.3111869990825653
0.7204679846763611
0.3116770088672638
0.7079769968986511
0.3121669888496399
0.6954870223999023
0.3126569986343384
0.6829969882965088
0.31314700841903687
0.6705060005187988
0.31363698840141296
0.65801602602005
0.31412699818611145
0.6455249786376953
0.31461700797080994
0.6330350041389465
0.31510698795318604
0.6205450296401978
0.3237859904766083
0.6115490198135376
0.3324649930000305
0.6025530099868774
0.34114399552345276
0.5935570001602173
0.349822998046875
0.5845609903335571
0.35850200057029724
0.575564980506897
0.3671810030937195
0.566569983959198
0.3758600056171417
0.5575739741325378
0.38453900814056396
0.5485780239105225
0.39698800444602966
0.547448992729187
0.40943700075149536
0.5463209748268127
0.42188599705696106
0.5451920032501221
0.43433499336242676
0.5440639853477478
0.44678398966789246
0.5429350137710571
0.45923298597335815
0.5418059825897217
0.47168201208114624
0.5406780242919922
0.48413100838661194
0.5395489931106567
0.4849349856376648
0.5520229935646057
0.4857400059700012
0.5644969940185547
0.48654499650001526
0.5769709944725037
0.4873499870300293
0.5894449949264526
0.4881550073623657
0.6019189953804016
0.48895901441574097
0.6143940091133118
0.489764004945755
0.6268680095672607
0.49056899547576904
0.6393420100212097
0.4914669990539551
0.6518089771270752
0.49236398935317993
0.6642770171165466
0.49326199293136597
0.6767449975013733
0.4941590130329132
0.6892129778862
0.49505698680877686
0.7016800045967102
0.4959540069103241
0.7141479849815369
0.49685201048851013
0.7266160249710083
0.49775001406669617
0.739084005355835
0.48833298683166504
0.7370849847793579
0.4789159893989563
0.7350860238075256
