0.22782200574874878
0.5570989847183228
0.23118600249290466
0.5691369771957397
0.23454999923706055
0.5811759829521179
0.23791399598121643
0.5932149887084961
0.24127799272537231
0.6052539944648743
0.2446420043706894
0.6172930002212524
0.24800699949264526
0.6293309926986694
0.25137099623680115
0.6413699984550476
0.25473499298095703
0.6534090042114258
0.257858008146286
0.6645870208740234
0.2609820067882538
0.6757659912109375
0.26410600543022156
0.6869440078735352
0.26723000407218933
0.6981229782104492
