0.40716201066970825
0.07913140207529068
0.40751901268959045
0.09162630140781403
0.40787601470947266
0.10412099957466125
0.40823298692703247
0.11661600321531296
0.4085899889469147
0.12911100685596466
0.4089469909667969
0.14160600304603577
0.4093030095100403
0.15410099923610687
0.4096600115299225
0.16659599542617798
0.4100170135498047
0.17909100651741028
0.41123300790786743
0.1915310025215149
0.4124490022659302
0.2039719969034195
0.4136640131473541
0.2164130061864853
0.41488000750541687
0.2288540005683899
0.4160960018634796
0.2412939965724945
0.41731199622154236
0.2537350058555603
0.4185270071029663
0.2661759853363037
0.41974300146102905
0.2786169946193695
0.41997501254081726
0.2911140024662018
0.4202069938182831
0.30361199378967285
0.4204390048980713
0.3161099851131439
0.4206719994544983
0.3286080062389374
0.4209040105342865
0.34110599756240845
0.4211359918117523
0.3536039888858795
0.4213680028915405
0.3661009967327118
0.42160001397132874
0.37859898805618286
0.4215500056743622
0.3910990059375763
0.42149901390075684
0.40359899401664734
0.4214479923248291
0.41609901189804077
0.42139801383018494
0.4285989999771118
0.4213469922542572
0.44109898805618286
0.42129600048065186
0.4535990059375763
0.4212459921836853
0.46609899401664734
0.42119500041007996
0.4785979986190796
0.4219050109386444
0.4910779893398285
0.42261600494384766
0.5035579800605774
0.4233259856700897
0.5160380005836487
0.4240359961986542
0.52851802110672
0.42474600672721863
0.5409970283508301
0.4254559874534607
0.5534769892692566
0.42616599798202515
0.5659570097923279
0.4268769919872284
0.5784369707107544
0.42725199460983276
0.5909309983253479
0.42762699723243713
0.6034259796142578
0.4280030131340027
0.6159200072288513
0.42837798595428467
0.6284139752388
0.42875298857688904
0.6409090161323547
0.4291290044784546
0.6534029841423035
0.42950400710105896
0.665897011756897
0.42987900972366333
0.6783919930458069
0.42911699414253235
0.6908689737319946
0.42835599184036255
0.703345000743866
0.42759400606155396
0.7158219814300537
0.426831990480423
0.7282990217208862
0.4260700047016144
0.740776002407074
0.4253079891204834
0.7532520294189453
0.4245460033416748
0.7657290101051331
0.4237839877605438
0.7782059907913208
0.424686998128891
0.790673017501831
0.42559000849723816
0.8031409978866577
0.42649298906326294
0.815608024597168
0.4273959994316101
0.8280749917030334
0.4282990097999573
0.8405429720878601
0.42920300364494324
0.8530099987983704
0.4301060140132904
0.8654770255088806
0.4310089945793152
0.8779450058937073
0.4435169994831085
0.8737090229988098
0.45602598786354065
0.8694729804992676
0.46853500604629517
0.8652380108833313
0.4810439944267273
0.8610020279884338
0.49355199933052063
0.8567669987678528
0.5060610175132751
0.8525310158729553
