0.9404060244560242
0.8244389891624451
0.9421219825744629
0.8120570182800293
0.9438390135765076
0.7996749877929688
0.9455549716949463
0.7872939705848694
0.947272002696991
0.7749119997024536
0.9489880204200745
0.7625309824943542
0.9507049918174744
0.7501490116119385
0.952422022819519
0.7377669811248779
0.9541379809379578
0.7253860235214233
0.9457679986953735
0.7161020040512085
0.9373980164527893
0.7068179845809937
0.9290279746055603
0.6975340247154236
0.9206579923629761
0.6882500052452087
0.9122880101203918
0.6789659857749939
0.9039180278778076
0.6696820259094238
0.8955479860305786
0.660398006439209
0.8871780037879944
0.6511139869689941
0.8843169808387756
0.638945996761322
0.8814550042152405
0.6267780065536499
0.8785930275917053
0.6146100163459778
0.8757320046424866
0.6024410128593445
0.8728700280189514
0.5902730226516724
0.8700079917907715
0.5781049728393555
0.8671470284461975
0.5659369826316833
0.8642849922180176
0.5537689924240112
0.8519750237464905
0.5515999794006348
0.8396639823913574
0.5494310259819031
0.8273540139198303
0.5472620129585266
0.8150439858436584
0.5450929999351501
0.8027330040931702
0.5429239869117737
0.7904229760169983
0.5407549738883972
0.7781130075454712
0.5385860204696655
0.7658020257949829
0.5364170074462891
0.7559019923210144
0.5440490245819092
0.7460029721260071
0.5516809821128845
0.7361029982566833
0.5593119859695435
0.7262030243873596
0.5669440031051636
0.7163029909133911
0.5745760202407837
0.7064030170440674
0.582207977771759
0.6965029835700989
0.589838981628418
0.6866030097007751
0.5974709987640381
0.6742860078811646
0.5953440070152283
0.6619679927825928
0.5932170152664185
0.649649977684021
0.5910900235176086
0.6373329758644104
0.588962972164154
0.6250150203704834
0.5868359804153442
0.6126970052719116
0.5847089886665344
0.600380003452301
0.5825819969177246
0.5880619883537292
0.5804550051689148
0.5756549835205078
0.5789300203323364
0.5632479786872864
0.5774059891700745
0.5508419871330261
0.5758810043334961
0.5384349822998047
0.5743560194969177
0.5260279774665833
0.5728319883346558
0.513621985912323
0.5713070034980774
0.5012149810791016
0.569782018661499
0.4888080060482025
0.5682579874992371
0.47637900710105896
0.5669320225715637
0.4639489948749542
0.5656059980392456
0.45151999592781067
0.5642809867858887
0.4390900135040283
0.5629550218582153
0.42666101455688477
0.5616289973258972
0.41423100233078003
0.5603029727935791
0.4018020033836365
0.5589780211448669
0.38937199115753174
0.5576519966125488
0.3853819966316223
0.5458059906959534
0.3813909888267517
0.5339599847793579
0.3774000108242035
0.5221139788627625
0.3734099864959717
0.5102689862251282
0.36941900849342346
0.4984230101108551
0.36542800068855286
0.48657700419425964
0.36143800616264343
0.4747309982776642
0.3574469983577728
0.4628849923610687
0.3531999886035919
0.4511289894580841
0.3489530086517334
0.4393720030784607
0.3447059988975525
0.4276160001754761
0.3404589891433716
0.41585901379585266
0.33621200919151306
0.40410301089286804
0.33196499943733215
0.3923470079898834
0.32771798968315125
0.3805899918079376
0.3234710097312927
0.368833988904953
0.3150469958782196
0.3595989942550659
0.3066219985485077
0.35036501288414
0.2981970012187958
0.3411310017108917
0.28977200388908386
0.33189600706100464
0.28134799003601074
0.32266199588775635
0.27292299270629883
0.31342801451683044
0.2644979953765869
0.30419299006462097
0.256072998046875
0.29495900869369507
0.2623090147972107
0.2841250002384186
0.2685439884662628
0.2732909917831421
0.27477899193763733
0.262457013130188
0.28101399540901184
0.2516230046749115
0.28725001215934753
0.240789994597435
0.29348498582839966
0.2299560010433197
0.29971998929977417
0.2191219925880432
0.3059549927711487
0.20828799903392792
0.2919969856739044
0.2070010006427765
0.27803799510002136
0.20571400225162506
