0.7474780082702637
0.45974498987197876
0.7511789798736572
0.4716840088367462
0.7548800110816956
0.48362401127815247
0.7585809826850891
0.49556300044059753
0.7622820138931274
0.5075029730796814
0.765982985496521
0.5194420218467712
0.7696840167045593
0.5313820242881775
0.7733849883079529
0.5433210134506226
0.7770860195159912
0.5552610158920288
0.779187023639679
0.5675830245018005
0.7812870144844055
0.5799049735069275
0.7833880186080933
0.5922279953956604
0.785489022731781
0.6045500040054321
0.7875890135765076
0.6168720126152039
0.7896900177001953
0.6291940212249756
0.7917900085449219
0.6415169835090637
0.7938910126686096
0.6538389921188354
0.8007379770278931
0.6642969846725464
0.8075839877128601
0.6747549772262573
0.8144310116767883
0.685213029384613
0.8212779760360718
0.695671021938324
0.8281239867210388
0.7061300277709961
0.834971010684967
0.716588020324707
0.8418179750442505
0.727046012878418
0.8486639857292175
0.7375040054321289
0.8581370115280151
0.7297390103340149
0.867609977722168
0.7219730019569397
0.8770819902420044
0.7142080068588257
0.886555016040802
0.7064430117607117
