0.14723099768161774
0.4160119891166687
0.15862900018692017
0.4211429953575134
0.17002800107002258
0.426272988319397
0.181427001953125
0.4314039945602417
0.19282500445842743
0.43653398752212524
0.20422400534152985
0.44166499376296997
0.21562300622463226
0.4467949867248535
0.2270209938287735
0.45192500948905945
0.23841999471187592
0.4570559859275818
0.24717600643634796
0.44813498854637146
0.25593098998069763
0.43921300768852234
0.2646870017051697
0.430292010307312
0.2734430134296417
0.4213710129261017
0.2821980118751526
0.41244998574256897
0.29095399379730225
0.40352898836135864
0.2997100055217743
0.3946070075035095
0.30846500396728516
0.3856860101222992
0.3190470039844513
0.3923409879207611
0.32962799072265625
0.3989950120449066
0.3402099907398224
0.40564998984336853
0.35079100728034973
0.41230499744415283
0.36137300729751587
0.41895899176597595
0.3719539940357208
0.42561399936676025
0.38253501057624817
0.4322679936885834
0.3931170105934143
0.4389230012893677
0.40393000841140747
0.44519299268722534
0.41474398970603943
0.4514639973640442
0.4255569875240326
0.45773398876190186
0.43637099862098694
0.4640040099620819
0.4471839964389801
0.47027501463890076
0.45799800753593445
0.4765450060367584
0.4688119888305664
0.48281601071357727
0.47962498664855957
0.48908600211143494
0.48289400339126587
0.5011510252952576
0.486162006855011
0.5132160186767578
0.4894300103187561
0.5252810120582581
0.49269899725914
0.5373460054397583
0.49596700072288513
0.5494120121002197
0.49923598766326904
0.56147700548172
0.5025039911270142
0.5735419988632202
0.5057730078697205
0.5856069922447205
0.5059729814529419
0.5981050133705139
0.5061730146408081
0.6106039881706238
0.5063719749450684
0.6231020092964172
0.5065720081329346
0.6356009840965271
0.506771981716156
0.6480990052223206
0.5069720149040222
0.660597026348114
0.5071719884872437
0.6730960011482239
0.5073720216751099
0.6855940222740173
0.5064489841461182
0.6980599761009216
0.5055260062217712
0.7105259895324707
0.5046039819717407
0.7229920029640198
0.5036810040473938
0.7354580163955688
0.5027580261230469
0.7479239702224731
0.5018349885940552
0.760388970375061
0.5009120106697083
0.7728549838066101
0.49998900294303894
0.7853209972381592
0.49926701188087463
0.7978000044822693
0.49854400753974915
0.8102790117263794
0.49782198667526245
0.8227580189704895
0.49709901213645935
0.835237979888916
0.49637600779533386
0.8477169871330261
0.49565398693084717
0.8601959943771362
0.49493101239204407
0.8726750016212463
0.4942089915275574
0.8851540088653564
0.49132099747657776
0.8967750072479248
0.48843398690223694
0.908394992351532
0.4855470061302185
0.9200159907341003
0.4826590120792389
0.9316359758377075
0.47977200150489807
0.9432569742202759
