0.6357539892196655
0.6815699934959412
0.633795976638794
0.6939160227775574
0.631837010383606
0.7062609791755676
0.6298789978027344
0.7186070084571838
0.6279199719429016
0.7309520244598389
0.6259620189666748
0.7432979941368103
0.6240040063858032
0.7556440234184265
0.6220449805259705
0.7679889798164368
0.6200870275497437
0.780335009098053
0.6192150115966797
0.792805016040802
0.6183429956436157
0.8052740097045898
0.6174719929695129
0.8177440166473389
0.616599977016449
0.8302130103111267
0.6157280206680298
0.8426830172538757
0.614857017993927
0.8551520109176636
0.613985002040863
0.8676220178604126
0.6131139993667603
0.8800920248031616
0.618287980556488
0.8689380288124084
0.623462975025177
0.8577830195426941
0.6286380290985107
0.8466290235519409
