0.19508199393749237
0.5749920010566711
0.18516500294208527
0.5673819780349731
0.17524799704551697
0.5597720146179199
0.16533100605010986
0.5521630048751831
0.15541499853134155
0.5445529818534851
0.14549799263477325
0.5369439721107483
0.13558100163936615
0.5293340086936951
0.12566399574279785
0.5217239856719971
0.11574699729681015
0.5141149759292603
0.11155200004577637
0.5023400187492371
0.107355996966362
0.4905650019645691
0.10316000133752823
0.4787899851799011
0.0989644005894661
0.4670160114765167
0.0947687029838562
0.45524099469184875
0.09057299792766571
0.4434660077095032
0.08637720346450806
0.4316909909248352
0.08218149840831757
0.4199160039424896
0.08108530193567276
0.40746399760246277
0.07998909801244736
0.3950130045413971
0.07889299839735031
0.38256099820137024
0.0777968019247055
0.3701089918613434
0.0767005980014801
0.35765698552131653
0.0756044015288353
0.34520500898361206
0.0745081976056099
0.3327530026435852
0.07341200113296509
0.32030200958251953
0.07630830258131027
0.3081420063972473
0.0792044997215271
0.2959820032119751
0.08210069686174393
0.2838220000267029
0.08499690145254135
0.27166199684143066
0.08789309859275818
0.25950199365615845
0.0907893031835556
0.24734200537204742
0.09368550032377243
0.2351830005645752
0.09658180177211761
0.22302299737930298
0.10027100145816803
0.21107999980449677
0.10396099835634232
0.19913700222969055
0.10764999687671661
0.18719400465488434
0.1113400012254715
0.17524999380111694
0.1150289997458458
0.16330699622631073
0.11871899664402008
0.15136399865150452
0.12240900099277496
0.1394210010766983
0.12609800696372986
0.1274780035018921
0.13711699843406677
0.13338099420070648
0.1481350064277649
0.13928300142288208
0.1591539978981018
0.14518600702285767
0.17017200589179993
0.15108899772167206
0.18119099736213684
0.15699100494384766
0.19220900535583496
0.16289399564266205
0.20322799682617188
0.16879700124263763
0.21424700319766998
0.17469899356365204
0.2243109941482544
0.1672859936952591
0.2343759983778
0.15987299382686615
0.2444400042295456
0.1524599939584732
0.2545050084590912
0.14504699409008026
0.2645699977874756
0.13763399422168732
0.2746340036392212
0.13022099435329437
0.2846989929676056
0.12280800193548203
0.2947640120983124
0.11539500206708908
0.3072490096092224
0.11479999870061874
0.31973499059677124
0.114205002784729
0.33222100138664246
0.11361099779605865
0.34470701217651367
0.11301600188016891
0.3571929931640625
0.11242099851369858
0.3696790039539337
0.11182600259780884
0.38216400146484375
0.1112309992313385
0.39465001225471497
0.11063700169324875
0.4067560136318207
0.11375200003385544
0.4188610017299652
0.11686699837446213
0.4309670031070709
0.1199830025434494
0.44307199120521545
0.12309800088405609
0.45517799258232117
0.12621399760246277
0.4672839939594269
0.12932899594306946
0.4793890118598938
0.13244399428367615
0.4914950132369995
0.13556000590324402
0.4925050139427185
0.1480190008878708
0.4935150146484375
0.16047799587249756
0.4945249855518341
0.17293700575828552
0.4955349862575531
0.1853960007429123
0.4965449869632721
0.19785599410533905
0.4975549876689911
0.21031500399112701
0.4985649883747101
0.22277399897575378
0.4995749890804291
0.23523299396038055
0.5011940002441406
0.24762800335884094
0.5028129816055298
0.26002201437950134
0.5044320225715637
0.27241700887680054
0.5060499906539917
0.28481200337409973
0.5076689720153809
0.2972069978713989
0.5092880129814148
0.3096010088920593
0.510906994342804
0.3219960033893585
0.5125259757041931
0.3343909978866577
0.5032510161399841
0.3442089855670929
0.49397599697113037
0.35402700304985046
