0.1424800008535385
0.1318880021572113
0.14287999272346497
0.14438199996948242
0.1432799994945526
0.15687599778175354
0.14368000626564026
0.16936899721622467
0.1440799981355667
0.1818629950284958
0.14448100328445435
0.19435599446296692
0.1448809951543808
0.20685000717639923
0.14528100192546844
0.21934400498867035
0.1456809937953949
0.23183700442314148
0.14445799589157104
0.2442770004272461
0.1432349979877472
0.2567169964313507
0.14201200008392334
0.2691569924354553
0.1407890021800995
0.28159698843955994
0.13956600427627563
0.29403701424598694
0.13834300637245178
0.30647701025009155
0.13711999356746674
0.31891700625419617
0.13589699566364288
0.3313570022583008
0.13667899370193481
0.34383299946784973
0.13746100664138794
0.3563080132007599
0.13824300467967987
0.36878401041030884
0.1390250027179718
0.3812589943408966
0.13980700075626373
0.39373499155044556
0.14058899879455566
0.4062109887599945
0.1413709968328476
0.41868600249290466
0.14215299487113953
0.4311619997024536
0.14003700017929077
0.4434809982776642
0.137922003865242
0.45580101013183594
0.13580699265003204
0.4681209921836853
0.1336909979581833
0.4804399907588959
0.13157600164413452
0.4927600026130676
0.12946100533008575
0.505079984664917
0.1273459941148758
0.5174000263214111
0.12522999942302704
0.5297189950942993
0.12311500310897827
0.5420389771461487
0.12099999934434891
0.5543590188026428
0.11888399720191956
0.5666790008544922
0.11676900088787079
0.5789980292320251
0.11465399712324142
0.5913180112838745
0.11253800243139267
0.6036379933357239
0.1104229986667633
0.6159570217132568
0.10830800235271454
0.6282770037651062
0.10643500089645386
0.6391869783401489
