0.2704879939556122
0.7114930152893066
0.262006014585495
0.7023109793663025
0.2535240054130554
0.6931300163269043
0.24504199624061584
0.6839479804039001
0.23656000196933746
0.6747660040855408
0.2280779927968979
0.6655840277671814
0.2195959985256195
0.6564019918441772
0.21111400425434113
0.6472200155258179
0.20263199508190155
0.6380379796028137
0.2015320062637329
0.625586986541748
0.20043200254440308
0.6131349802017212
0.19933199882507324
0.6006839871406555
0.19823099672794342
0.5882319808006287
0.1971309930086136
0.575780987739563
0.19603100419044495
0.5633289813995361
0.19493000209331512
0.5508779883384705
0.1938299983739853
0.5384259819984436
0.19558300077915192
0.5260499715805054
0.19733600318431854
0.5136730074882507
0.19908900558948517
0.5012969970703125
0.2008419930934906
0.48892098665237427
0.20259499549865723
0.47654399275779724
0.20434799790382385
0.4641680121421814
0.20610100030899048
0.451790988445282
0.2078540027141571
0.43941500782966614
0.20299500226974487
0.448855996131897
0.19813600182533264
0.458297997713089
0.1932770013809204
0.467739999294281
