0.6661040186882019
0.14732599258422852
0.6617529988288879
0.1590449959039688
0.657401978969574
0.17076300084590912
0.6530519723892212
0.18248100578784943
0.648701012134552
0.19419999420642853
0.644349992275238
0.20591799914836884
0.6399989724159241
0.21763600409030914
0.6356480121612549
0.22935500741004944
0.6312969923019409
0.24107299745082855
0.6264039874076843
0.25257599353790283
0.6215119957923889
0.2640790045261383
0.6166189908981323
0.2755810022354126
0.6117259860038757
0.28708401322364807
0.6068339943885803
0.29858699440956116
0.6019409894943237
0.31008899211883545
0.5970479846000671
0.3215920031070709
0.5921549797058105
0.3330950140953064
0.5851510167121887
0.3434469997882843
0.5781459808349609
0.3537999987602234
0.5711410045623779
0.3641529977321625
0.5641360282897949
0.37450599670410156
0.5571320056915283
0.38485899567604065
0.5501270294189453
0.39521199464797974
0.5431219935417175
0.4055649936199188
0.5361170172691345
0.4159179925918579
0.5272499918937683
0.42472800612449646
0.5183830261230469
0.4335379898548126
0.5095149874687195
0.44234898686408997
0.500648021697998
0.4511590003967285
0.49178001284599304
0.45996901392936707
0.48291298747062683
0.4687789976596832
0.474045991897583
0.4775890111923218
0.4651780128479004
0.4864000082015991
0.4548090100288391
0.49338001012802124
0.44444000720977783
0.5003610253334045
0.43407100439071655
0.5073410272598267
0.4237009882926941
0.5143219828605652
0.4133319854736328
0.5213019847869873
0.4029630124568939
0.5282829999923706
0.39259299635887146
0.5352630019187927
0.3822239935398102
0.542244017124176
0.37478798627853394
0.5321969985961914
0.3673509955406189
0.5221499800682068
0.35991400480270386
0.5121020078659058
0.3524779975414276
0.5020549893379211
0.3450410068035126
0.4920080006122589
0.33760499954223633
0.4819610118865967
0.3301680088043213
0.47191300988197327
0.32273200154304504
0.46186599135398865
0.31529501080513
0.4518190026283264
0.3078579902648926
0.441771000623703
0.3004220128059387
0.43172401189804077
0.2929849922657013
0.42167699337005615
0.28554901480674744
0.4116300046443939
0.27811199426651
0.4015820026397705
0.27067598700523376
0.3915350139141083
0.2632389962673187
0.38148799538612366
0.25074198842048645
0.38120099902153015
0.23824599385261536
0.38091400265693665
0.22574900090694427
0.38062700629234314
0.213251993060112
0.38034000992774963
0.20075500011444092
0.38005301356315613
0.18825900554656982
0.37976598739624023
0.17576199769973755
0.3794800043106079
0.16326500475406647
0.3791930079460144
0.16031399369239807
0.3670459985733032
0.15736199915409088
0.3549000024795532
0.1544100046157837
0.34275299310684204
0.1514579951763153
0.33060699701309204
0.14850600063800812
0.31845998764038086
0.14555500447750092
0.30631399154663086
0.14260299503803253
0.29416701197624207
0.13965100049972534
0.2820209860801697
0.1465959995985031
0.2716279923915863
0.15354099869728088
0.26123499870300293
0.16048599779605865
0.25084200501441956
0.16743099689483643
0.240448996424675
0.1743759959936142
0.23005500435829163
0.18132199347019196
0.21966199576854706
0.18826699256896973
0.20926900207996368
0.1952120065689087
0.19887599349021912
0.18330900371074677
0.2054709941148758
0.17140699923038483
0.21206699311733246
0.1595049947500229
0.21866199374198914
