0.8893420100212097
0.14414000511169434
0.8891929984092712
0.1566389948129654
0.8890439867973328
0.16913899779319763
0.8888940215110779
0.18163800239562988
0.8887450098991394
0.19413700699806213
0.8885959982872009
0.2066359966993332
0.8884469866752625
0.21913500130176544
0.888297975063324
0.2316340059041977
0.8881490230560303
0.24413299560546875
0.8852300047874451
0.25628799200057983
0.882311999797821
0.2684420049190521
0.8793929815292358
0.2805970013141632
0.8764749765396118
0.2927510142326355
0.8735569715499878
0.3049060106277466
0.8706380128860474
0.31706100702285767
0.8677200078964233
0.32921499013900757
0.8648020029067993
0.34136998653411865
0.863739013671875
0.3538239896297455
0.8626750111579895
0.3662790060043335
0.8616120219230652
0.3787339925765991
0.8605489730834961
0.39118799567222595
0.8594859838485718
0.40364301204681396
0.8584229946136475
0.4160979986190796
0.8573600053787231
0.4285529851913452
0.8562960028648376
0.44100698828697205
0.8552619814872742
0.45346400141716003
0.8542270064353943
0.465921014547348
0.8531929850578308
0.4783790111541748
0.8521580100059509
0.4908359944820404
0.8511229753494263
0.503292977809906
0.8500890135765076
0.515749990940094
0.8490539789199829
0.528207004070282
0.848019003868103
0.54066401720047
0.8380969762802124
0.5344229936599731
0.8281750082969666
0.5281810164451599
0.8182529807090759
0.5219389796257019
