0.594681978225708
0.3991749882698059
0.6066709756851196
0.40271198749542236
0.6186599731445312
0.40625
0.6306489706039429
0.40978699922561646
0.6426380276679993
0.4133250117301941
0.6546270251274109
0.41686201095581055
0.6666160225868225
0.4203999936580658
0.6786050200462341
0.42393800616264343
0.6905940175056458
0.4274750053882599
0.7030749917030334
0.42677998542785645
0.7155560255050659
0.4260849952697754
0.7280359864234924
0.42539098858833313
0.7405170202255249
0.4246959984302521
0.7529979944229126
0.424001008272171
0.7654780149459839
0.4233059883117676
0.7779589891433716
0.4226109981536865
0.790440022945404
0.42191600799560547
0.8028619885444641
0.42330801486968994
0.815284013748169
0.424699991941452
0.8277069926261902
0.4260919988155365
0.840129017829895
0.4274829924106598
0.8525509834289551
0.42887499928474426
0.8649730086326599
0.43026700615882874
0.8773959875106812
0.4316590130329132
0.889818012714386
0.4330500066280365
0.8978840112686157
0.42350101470947266
0.9059510231018066
0.4139530062675476
0.9140170216560364
0.40440401434898376
0.9220839738845825
0.39485499262809753
0.9301499724388123
0.3853060007095337
0.9382169842720032
0.37575700879096985
0.9462829828262329
0.3662079870700836
0.9543499946594238
0.3566589951515198
0.9422360062599182
0.3597410023212433
0.9301220178604126
0.3628230094909668
0.918008029460907
0.3659049868583679
0.9058930277824402
0.36898699402809143
0.8937789797782898
0.37206900119781494
0.8816649913787842
0.37515100836753845
0.8695510029792786
0.3782329857349396
0.857437014579773
0.38131600618362427
0.8614410161972046
0.36947399377822876
0.8654450178146362
0.35763299465179443
0.8694490194320679
0.3457910120487213
0.8734520077705383
0.333950012922287
0.87745600938797
0.3221080005168915
0.8814600110054016
0.31026700139045715
0.8854640126228333
0.2984260022640228
0.8894680142402649
0.2865839898586273
0.8973860144615173
0.2763589918613434
0.905305027961731
0.26613399386405945
