0.5072489976882935
0.3991830050945282
0.5044500231742859
0.41136598587036133
0.5016509890556335
0.42354801297187805
0.498852014541626
0.4357309937477112
0.496053010225296
0.4479140043258667
0.49325400590896606
0.46009600162506104
0.4904550015926361
0.47227901220321655
0.48765599727630615
0.4844610095024109
0.4848569929599762
0.496643990278244
0.48240500688552856
0.5089010000228882
0.4799540042877197
0.52115797996521
0.4775019884109497
0.5334159731864929
0.4750500023365021
0.5456730127334595
0.47259899973869324
0.5579299926757812
0.4701470136642456
0.570186972618103
0.46769601106643677
0.5824440121650696
0.46524399518966675
0.5947020053863525
0.4613490104675293
0.6065790057182312
0.45745399594306946
0.618457019329071
0.453559011220932
0.6303349733352661
0.44966399669647217
0.642212986946106
0.4457699954509735
0.6540899872779846
0.44187501072883606
0.6659680008888245
0.4379799962043762
0.6778460144996643
0.43408501148223877
0.689723014831543
0.4298129975795746
0.7014709711074829
0.4255410134792328
0.7132179737091064
0.4212689995765686
0.72496497631073
0.4169969856739044
0.7367129921913147
0.4127250015735626
0.7484599947929382
0.40845298767089844
0.7602069973945618
0.40418100357055664
0.7719550132751465
0.39990800619125366
0.78370201587677
0.38781800866127014
0.7805290222167969
0.37572699785232544
0.7773569822311401
0.36363598704338074
0.774183988571167
0.3515459895133972
0.7710109949111938
0.3394550085067749
0.7678390145301819
0.3273639976978302
0.7646660208702087
0.3152740001678467
0.761493980884552
0.303182989358902
0.7583209872245789
0.2926799952983856
0.7515429854393005
0.28217700123786926
0.7447649836540222
0.2716749906539917
0.7379869818687439
0.26117199659347534
0.7312089800834656
0.250669002532959
0.7244309782981873
0.24016599357128143
0.7176529765129089
0.22966299951076508
0.7108749747276306
0.2191610038280487
0.7040969729423523
0.2105650007724762
0.6950209736824036
0.2019689977169037
0.685945987701416
0.19337399303913116
0.6768699884414673
0.18477800488471985
0.6677950024604797
0.17618300020694733
0.658719003200531
0.16758699715137482
0.6496440172195435
0.1589909940958023
0.6405680179595947
0.15039600431919098
0.6314929723739624
0.14922299981117249
0.619047999382019
0.14805099368095398
0.6066030263900757
0.14687800407409668
0.5941579937934875
0.14570599794387817
0.5817130208015442
0.14453299343585968
0.569267988204956
0.14336100220680237
0.5568230152130127
0.14218799769878387
0.5443779826164246
0.14101600646972656
0.5319330096244812
0.137923002243042
0.5198220014572144
0.1348309963941574
0.5077109932899475
0.13173900544643402
0.49559900164604187
0.12864600121974945
0.483487993478775
0.12555399537086487
0.4713760018348694
0.1224609985947609
0.45926499366760254
0.11936900019645691
0.4471530020236969
0.11627700179815292
0.43504199385643005
0.11701499670743942
0.42256399989128113
0.1177539974451065
0.4100860059261322
0.1184919998049736
0.3976069986820221
0.11923100054264069
0.38512900471687317
0.11996900290250778
0.37265101075172424
0.12070800364017487
0.36017298698425293
0.12144599854946136
0.347694993019104
0.12218499928712845
0.3352169990539551
0.1312589943408966
0.3266200125217438
0.14033299684524536
0.3180229961872101
0.14940699934959412
0.3094260096549988
0.15848100185394287
0.3008289933204651
0.1675560027360916
0.2922320067882538
0.17663000524044037
0.2836349904537201
0.18570399284362793
0.2750380039215088
0.19477799534797668
0.2664409875869751
0.19293899834156036
0.2540769875049591
0.19110000133514404
0.2417130023241043
0.18926100432872772
0.22934900224208832
0.1874220073223114
0.21698500216007233
0.1855829954147339
0.20462100207805634
0.18374399840831757
0.19225700199604034
0.18190500140190125
0.17989300191402435
0.18006600439548492
0.16752900183200836
0.16865800321102142
0.1726360023021698
0.15724900364875793
0.17774300277233124
0.14584000408649445
0.18285100162029266
0.13443100452423096
0.1879580020904541
0.12302199751138687
0.19306500256061554
0.11161299794912338
0.19817300140857697
0.1002039983868599
0.2032800018787384
0.08879459649324417
0.20838700234889984
0.09636150300502777
0.2187339961528778
0.10392799973487854
0.22908100485801697
0.1114950031042099
0.23942700028419495
0.11906199902296066
0.2497739940881729
