0.6548849940299988
0.3400290012359619
0.6591730117797852
0.3517700135707855
0.6634619832038879
0.36351099610328674
0.6677500009536743
0.37525299191474915
0.6720380187034607
0.38699400424957275
0.6763259768486023
0.39873600006103516
0.6806139945983887
0.41047701239585876
0.684902012348175
0.42221900820732117
0.6891899704933167
0.4339599907398224
0.695667028427124
0.4446519911289215
0.7021430134773254
0.45534300804138184
0.708620011806488
0.4660339951515198
0.7150959968566895
0.4767259955406189
0.7215719819068909
0.4874170124530792
0.7280489802360535
0.49810901284217834
0.7345250248908997
0.5088000297546387
0.7410020232200623
0.5194910168647766
0.752003014087677
0.5254250168800354
0.7630050182342529
0.5313590168952942
0.7740070223808289
0.537293016910553
0.7850090265274048
0.5432270169258118
0.7960100173950195
0.5491610169410706
0.8070120215415955
0.5550950169563293
0.8180140256881714
0.5610290169715881
0.8290159702301025
0.5669630169868469
0.8339790105819702
0.5554909706115723
0.8389430046081543
0.5440179705619812
0.8439059853553772
0.5325459837913513
0.8488690257072449
0.5210739970207214
0.853833019733429
0.5096009969711304
0.8587960004806519
0.4981290102005005
0.8637599945068359
0.4866569936275482
0.8687229752540588
0.47518399357795715
0.8709310293197632
0.4628809988498688
0.8731380105018616
0.4505769908428192
0.8753460049629211
0.43827399611473083
0.8775529861450195
0.4259699881076813
0.8797609806060791
0.4136669933795929
0.8819680213928223
0.40136298537254333
0.8841760158538818
0.38905999064445496
0.8863829970359802
0.3767560124397278
0.8859549760818481
0.36426299810409546
0.8855260014533997
0.3517709970474243
0.8850970268249512
0.3392780125141144
0.8846679925918579
0.32678601145744324
0.8842399716377258
0.3142929971218109
0.8838109970092773
0.301800012588501
0.8833820223808289
0.28930801153182983
0.8829529881477356
0.2768149971961975
0.8832489848136902
0.26311901211738586
0.8835449814796448
0.24942399561405182
