0.6139900088310242
0.3682740032672882
0.6208530068397522
0.37872201204299927
0.6277160048484802
0.38916900753974915
0.6345790028572083
0.3996169865131378
0.6414420008659363
0.4100640118122101
0.6483049988746643
0.42051199078559875
0.6551679968833923
0.43095898628234863
0.6620309948921204
0.4414069950580597
0.6688939929008484
0.45185399055480957
0.6732789874076843
0.46355998516082764
0.6776630282402039
0.4752660095691681
0.6820480227470398
0.486970990896225
0.6864320039749146
0.49867698550224304
0.6908169984817505
0.5103830099105835
0.6952009797096252
0.5220890045166016
0.6995859742164612
0.5337949991226196
0.7039700150489807
0.5455009937286377
0.7043480277061462
0.5579950213432312
0.7047250270843506
0.5704889893531799
0.7051029801368713
0.5829830169677734
0.7054799795150757
0.5954779982566833
0.7058579921722412
0.6079720258712769
0.7062360048294067
0.6204659938812256
0.7066130042076111
0.6329609751701355
0.7069910168647766
0.645455002784729
0.7140219807624817
0.6545420289039612
