0.8452349901199341
0.8679329752922058
0.8330320119857788
0.8652200102806091
0.8208299875259399
0.8625079989433289
0.8086280226707458
0.8597959876060486
0.796425998210907
0.8570830225944519
0.7842239737510681
0.8543710112571716
0.772022008895874
0.8516579866409302
0.759818971157074
0.8489459753036499
0.7476170063018799
0.8462340235710144
0.7595970034599304
0.8426640033721924
0.7715759873390198
0.8390939831733704
0.7835549712181091
0.8355240225791931
0.7955350279808044
0.8319529891014099
0.8075140118598938
0.8283830285072327
0.8194929957389832
0.8248130083084106
0.8314729928970337
0.8212429881095886
0.843451976776123
0.8176730275154114
0.830964982509613
0.8171039819717407
0.818477988243103
0.8165349960327148
0.805990993976593
0.815966010093689
0.793503999710083
0.8153970241546631
0.781017005443573
0.8148279786109924
0.768530011177063
0.8142589926719666
0.756043016910553
0.8136910200119019
0.743556022644043
0.8131219744682312
0.7338629961013794
0.8210150003433228
0.7241700291633606
0.8289080262184143
0.714477002620697
0.8368009924888611
0.7047849893569946
0.8446940183639526
0.6950920224189758
0.8525869846343994
0.6853989958763123
0.860480010509491
0.6757060289382935
0.8683729767799377
0.6660140156745911
0.8762660026550293
0.6561170220375061
0.8839020133018494
0.6462209820747375
0.8915380239486694
0.6363239884376526
0.8991739749908447
0.6264269948005676
0.9068099856376648
0.6165310144424438
0.9144459962844849
0.6066340208053589
0.9220820069313049
0.5967379808425903
0.929718017578125
0.5868409872055054
0.9373540282249451
0.5743560194969177
0.9379559755325317
0.5618699789047241
0.9385579824447632
0.5493850111961365
0.9391599893569946
0.5368989706039429
0.9397619962692261
0.5244140028953552
0.9403629899024963
0.5119280219078064
0.9409649968147278
0.499442994594574
0.9415670037269592
0.48695701360702515
0.9421690106391907
0.4745050072669983
0.9432610273361206
0.46205300092697144
0.9443519711494446
0.4496000111103058
0.9454439878463745
0.43714800477027893
0.9465349912643433
0.4246959984302521
0.947625994682312
0.4122439920902252
0.9487180113792419
0.39979100227355957
0.9498090147972107
0.3873389959335327
0.9509009718894958
0.3811190128326416
0.9400579929351807
0.3748979866504669
0.9292160272598267
0.3686780035495758
0.9183740019798279
0.3624579906463623
0.9075310230255127
0.3562380075454712
0.8966889977455139
0.3500170111656189
0.8858460187911987
0.3437969982624054
0.8750039935112
0.3375769853591919
0.8641610145568848
0.3288379907608032
0.8552240133285522
0.32009801268577576
0.8462870121002197
0.3113589882850647
0.837348997592926
0.302619993686676
0.8284119963645935
0.29388099908828735
0.819474995136261
0.2851420044898987
0.8105369806289673
0.27640199661254883
0.8015999794006348
0.26766300201416016
0.7926629781723022
0.2591109871864319
0.783545970916748
0.250559002161026
0.774429976940155
0.24200700223445892
0.7653130292892456
0.23345500230789185
0.7561969757080078
0.22490200400352478
0.7470800280570984
0.2163500040769577
0.7379639744758606
0.20779800415039062
0.7288470268249512
0.19924600422382355
0.7197309732437134
0.20160900056362152
0.7074559926986694
0.20397299528121948
0.6951810121536255
0.20633600652217865
0.682906985282898
0.2087000012397766
0.670632004737854
0.21106299757957458
0.6583579778671265
0.21342599391937256
0.6460829973220825
0.2157900035381317
0.633808970451355
0.2181529998779297
0.621533989906311
0.20624999701976776
0.617717981338501
0.19434699416160583
0.6139010190963745
0.1824440062046051
0.6100850105285645
0.17054100334644318
0.6062690019607544
0.15863800048828125
0.6024519801139832
0.14673399925231934
0.5986359715461731
0.1348309963941574
0.5948190093040466
0.12292800098657608
0.5910030007362366
0.11019399762153625
0.5869200229644775
0.0974591001868248
0.5828369855880737
0.08472450077533722
0.5787540078163147
0.0719899982213974
0.5746709704399109
0.05925549939274788
0.5705879926681519
