0.6992849707603455
0.07094209641218185
0.6973080039024353
0.08328480273485184
0.6953309774398804
0.09562739729881287
0.693352997303009
0.10796999931335449
0.6913759708404541
0.12031300365924835
0.689399003982544
0.13265499472618103
0.687421977519989
0.1449979990720749
0.6854439973831177
0.15734000504016876
0.6834669709205627
0.16968299448490143
0.6791960000991821
0.18143099546432495
0.6749250292778015
0.19317899644374847
0.6706539988517761
0.204925999045372
0.6663830280303955
0.21667400002479553
0.6621119976043701
0.22842200100421906
0.6578410267829895
0.2401690036058426
0.6535699963569641
0.2519170045852661
0.6492990255355835
0.26366499066352844
0.6430500149726868
0.27449101209640503
0.63680100440979
0.28531599044799805
0.6305519938468933
0.29614201188087463
0.6243029832839966
0.30696800351142883
0.6180539727210999
0.31779399514198303
0.6118040084838867
0.32861998677253723
0.60555499792099
0.3394460082054138
0.5993059873580933
0.35027098655700684
0.5893809795379639
0.35787099599838257
0.5794559717178345
0.3654699921607971
0.5695319771766663
0.37306898832321167
0.5596070289611816
0.3806680142879486
0.5496820211410522
0.38826701045036316
0.5397570133209229
0.3958660066127777
0.5298320055007935
0.40346598625183105
0.5199069976806641
0.411065012216568
0.508916974067688
0.4170190095901489
0.4979259967803955
0.42297399044036865
0.4869360029697418
0.42892900109291077
0.47594499588012695
0.4348840117454529
0.46495500206947327
0.4408380091190338
0.4539639949798584
0.44679298996925354
0.4429740011692047
0.45274800062179565
0.43198299407958984
0.4587019979953766
0.4250519871711731
0.4691050052642822
0.41812101006507874
0.4795069992542267
0.4111909866333008
0.4899100065231323
0.4042600095272064
0.5003119707107544
0.3973290026187897
0.5107150077819824
0.3903979957103729
0.5211179852485657
0.3834669888019562
0.5315200090408325
0.3765360116958618
0.5419229865074158
0.36427798867225647
0.5394729971885681
0.3520210087299347
0.5370230078697205
0.33976298570632935
0.5345739722251892
0.32750600576400757
0.5321239829063416
0.3152480125427246
0.5296739935874939
0.30298998951911926
0.5272250175476074
0.2907330095767975
0.5247750282287598
0.27847498655319214
0.5223249793052673
0.2728550136089325
0.5111600160598755
0.26723599433898926
0.4999940097332001
0.2616159915924072
0.48882898688316345
0.2559959888458252
0.4776630103588104
0.25037598609924316
0.4664979875087738
0.24475599825382233
0.4553320109844208
0.23913699388504028
0.44416698813438416
0.23351700603961945
0.4330019950866699
0.23329399526119232
0.42050400376319885
0.23307199776172638
0.4080049991607666
0.23285000026226044
0.39550700783729553
0.2326270043849945
0.3830089867115021
0.23240500688552856
0.370510995388031
0.23218199610710144
0.35801300406455994
0.2319599986076355
0.34551501274108887
0.23173800110816956
0.3330169916152954
0.23566600680351257
0.3211509883403778
0.23959499597549438
0.3092840015888214
0.2435230016708374
0.297417014837265
0.24745100736618042
0.2855510115623474
0.25137999653816223
0.27368399500846863
0.25530800223350525
0.26181700825691223
0.25923699140548706
0.24995100498199463
0.2631649971008301
0.23808400332927704
0.25883999466896057
0.22635599970817566
0.25451499223709106
0.21462799608707428
0.25018998980522156
0.20290100574493408
0.24586500227451324
0.1911730021238327
0.24153999984264374
0.17944499850273132
0.23721399903297424
0.16771699488162994
0.23288899660110474
0.15598900616168976
0.22856399416923523
0.14426100254058838
0.22423900663852692
0.132532998919487
0.2199140042066574
0.12080500274896622
0.2155890017747879
0.10907699912786484
0.2112639993429184
0.09734959900379181
0.2069389969110489
0.08562169969081879
0.2026129961013794
0.07389380037784576
0.1982879936695099
0.06216590106487274
0.19396300613880157
0.05043800175189972
