0.9323030114173889
0.6300899982452393
0.9199830293655396
0.6322000026702881
0.9076619744300842
0.6343089938163757
0.8953409790992737
0.6364189982414246
0.8830209970474243
0.6385279893875122
0.8707000017166138
0.640637993812561
0.8583790063858032
0.6427469849586487
0.8460590243339539
0.6448569893836975
0.8337380290031433
0.6469669938087463
0.825547993183136
0.6564099788665771
0.8173589706420898
0.6658539772033691
0.8091689944267273
0.6752970218658447
0.8009799718856812
0.6847410202026367
0.7927899956703186
0.6941840052604675
0.784600019454956
0.7036280035972595
0.7764109969139099
0.7130709886550903
0.7682210206985474
0.7225149869918823
0.7576310038566589
0.7291560173034668
0.7470409870147705
0.7357959747314453
0.7364510297775269
0.7424370050430298
0.7258599996566772
0.7490770220756531
0.7152699828147888
0.7557179927825928
0.7046800255775452
0.7623590230941772
0.6940900087356567
0.7689989805221558
0.6834999918937683
0.7756400108337402
0.6710000038146973
0.7756760120391846
0.6585000157356262
0.7757120132446289
0.6460000276565552
0.7757480144500732
0.6334999799728394
0.7757840156555176
0.6209999918937683
0.7758209705352783
0.6085000038146973
0.7758569717407227
0.5960000157356262
0.775892972946167
0.5835000276565552
0.7759289741516113
0.5711460113525391
0.7778369784355164
0.5587930083274841
0.7797449827194214
0.546438992023468
0.7816529870033264
0.5340859889984131
0.7835609912872314
0.521731972694397
0.7854689955711365
0.5093790292739868
0.7873769998550415
0.4970250129699707
0.7892850041389465
0.48467200994491577
0.7911930084228516
0.4726639986038208
0.7946659922599792
0.46065598726272583
0.7981399893760681
0.44864898920059204
0.801613986492157
0.43664100766181946
0.8050869703292847
0.4246329963207245
0.8085610270500183
0.4126259982585907
0.812034010887146
0.4006179869174957
0.8155080080032349
0.38861000537872314
0.8189820051193237
0.3850240111351013
0.8070070147514343
0.3814370036125183
0.7950329780578613
0.3778510093688965
0.7830579876899719
0.3742640018463135
0.7710840106010437
0.37067800760269165
0.7591090202331543
0.36709100008010864
0.7471349835395813
0.3635050058364868
0.7351610064506531
0.3599179983139038
0.7231860160827637
0.34808099269866943
0.7272030115127563
0.33624398708343506
0.7312189936637878
0.32440701127052307
0.7352359890937805
0.3125700056552887
0.739251971244812
0.3007330000400543
0.7432690262794495
0.28889599442481995
0.747285008430481
0.2770580053329468
0.7513020038604736
0.2652209997177124
0.7553179860115051
0.2645539939403534
0.767799973487854
0.2638869881629944
0.7802820205688477
0.2632189989089966
0.7927650213241577
0.2625519931316376
0.8052470088005066
0.26188400387763977
0.8177289962768555
0.26121699810028076
0.8302109837532043
0.26054999232292175
0.8426929712295532
0.25988200306892395
0.8551750183105469
