0.4160209894180298
0.8041499853134155
0.4130840003490448
0.8162999749183655
0.4101479947566986
0.8284509778022766
0.4072119891643524
0.8406010270118713
0.40427500009536743
0.8527510166168213
0.40133899450302124
0.8649010062217712
0.39840200543403625
0.8770509958267212
0.39546599984169006
0.8892019987106323
0.39252999424934387
0.9013519883155823
0.381509006023407
0.8954520225524902
0.3704890012741089
0.8895519971847534
0.3594689965248108
0.8836529850959778
0.3484489917755127
0.8777530193328857
0.3374289870262146
0.8718529939651489
0.3264090120792389
0.8659530282020569
0.3153890073299408
0.8600540161132812
0.3043690025806427
0.8541539907455444
0.29713499546051025
0.8439599871635437
0.2899009883403778
0.8337649703025818
0.28266701102256775
0.8235710263252258
0.2754330039024353
0.8133770227432251
0.26820001006126404
0.8031830191612244
0.2609660029411316
0.7929890155792236
0.25373199582099915
0.7827939987182617
0.2464980036020279
0.772599995136261
0.2455040067434311
0.7601400017738342
0.2445099949836731
0.7476789951324463
0.2435149997472763
0.7352190017700195
0.2425210028886795
0.7227590084075928
0.2415270060300827
0.7102980017662048
0.24053199589252472
0.6978380084037781
0.23953799903392792
0.6853770017623901
0.23854400217533112
0.6729170083999634
0.24273699522018433
0.6611409783363342
0.24693000316619873
0.649366021156311
0.25112301111221313
0.6375899910926819
0.25531598925590515
0.6258140206336975
0.25950899720191956
0.6140379905700684
0.26370200514793396
0.6022629737854004
0.26789501309394836
0.590487003326416
0.2720879912376404
0.5787109732627869
0.2595990002155304
0.5781890153884888
0.24710999429225922
0.5776659846305847
0.23462100327014923
0.5771430134773254
0.22213199734687805
0.5766209959983826
0.20964300632476807
0.5760980248451233
0.1971540004014969
0.5755760073661804
0.1846649944782257
0.5750529766082764
0.17217600345611572
0.5745300054550171
0.1585250049829483
0.5739589929580688
0.14487400650978088
0.5733879804611206
0.13122299313545227
0.5728170275688171
0.11757300049066544
0.5722460150718689
