0.40319299697875977
0.8446990251541138
0.3963479995727539
0.8551579713821411
0.38950300216674805
0.8656179904937744
0.3826580047607422
0.8760769963264465
0.37581300735473633
0.8865370154380798
0.36896899342536926
0.896996021270752
0.3621239960193634
0.9074550271034241
0.35527899861335754
0.9179149866104126
0.3484340012073517
0.9283739924430847
0.33917099237442017
0.9199820160865784
0.32990700006484985
0.9115890264511108
0.32064300775527954
0.9031969904899597
0.311379998922348
0.8948040008544922
0.3021160066127777
0.8864120244979858
0.2928520143032074
0.8780189752578735
0.2835879921913147
0.8696269989013672
0.27432501316070557
0.8612340092658997
0.27498099207878113
0.8487510085105896
0.27563801407814026
0.8362690210342407
0.276295006275177
0.8237860202789307
0.27695199847221375
0.8113030195236206
0.2776080071926117
0.7988200187683105
0.27826499938964844
0.7863379716873169
0.2789219915866852
0.7738549709320068
0.27957800030708313
0.7613720297813416
0.2723189890384674
0.751196026802063
0.2650600075721741
0.7410200238227844
0.25780099630355835
0.7308430075645447
0.250542014837265
0.7206670045852661
0.2432830035686493
0.7104910016059875
0.23602400720119476
0.700314998626709
0.22876499593257904
0.6901389956474304
0.2215059995651245
0.6799619793891907
0.23059000074863434
0.6713749766349792
0.23967300355434418
0.662788987159729
0.248757004737854
0.6542019844055176
0.25784099102020264
0.6456149816513062
0.26692500710487366
0.6370279788970947
0.2760089933872223
0.6284419894218445
0.2850930094718933
0.6198549866676331
0.29417699575424194
0.6112679839134216
0.29732000827789307
0.5991700291633606
0.3004629909992218
0.5870710015296936
0.3036060035228729
0.5749729871749878
0.30674898624420166
0.5628740191459656
0.3098919987678528
0.5507760047912598
0.3130350112915039
0.538677990436554
0.31617799401283264
0.5265790224075317
0.31932100653648376
0.5144810080528259
0.32829099893569946
0.505774974822998
0.33726099133491516
0.4970700144767761
0.34623199701309204
0.48836401104927063
0.35520198941230774
0.47965899109840393
0.3641720116138458
0.47095298767089844
0.3731420040130615
0.4622479975223541
0.3821119964122772
0.4535430073738098
0.3910830020904541
0.4448370039463043
0.38387998938560486
0.43462100625038147
0.3766759932041168
0.4244050085544586
0.36947301030158997
0.41418901085853577
0.3622699975967407
0.4039730131626129
0.35506701469421387
0.39375799894332886
0.3478640019893646
0.383542001247406
0.3406609892845154
0.37332600355148315
0.3334580063819885
0.3631100058555603
0.3217819929122925
0.3675749897956848
0.3101069927215576
0.3720400035381317
0.29843199253082275
0.3765049874782562
0.2867560088634491
0.3809710144996643
0.27508100867271423
0.3854359984397888
0.26340600848197937
0.3899010121822357
0.2517299950122833
0.39436599612236023
0.24005499482154846
0.39883100986480713
0.2371090054512024
0.38668298721313477
0.23416200280189514
0.37453600764274597
0.23121599853038788
0.362388014793396
0.22826899588108063
0.35023999214172363
0.22532300651073456
0.33809199929237366
0.2223760038614273
0.3259449899196625
0.21942999958992004
0.3137969970703125
0.2164829969406128
0.3016490042209625
0.22889800369739532
0.30019599199295044
0.24131299555301666
0.29874199628829956
0.253728985786438
0.2972880005836487
0.2661440074443817
0.2958349883556366
0.27855899930000305
0.2943809926509857
0.2909739911556244
0.292928010225296
0.3033890128135681
0.29147401452064514
0.31580498814582825
0.2900199890136719
0.3139199912548065
0.277662992477417
0.31203600764274597
0.2653059959411621
0.31015101075172424
0.2529489994049072
0.3082660138607025
0.24059200286865234
0.3063820004463196
0.22823500633239746
0.30449700355529785
0.21587799489498138
0.3026129901409149
0.2035209983587265
0.3007279932498932
0.19116300344467163
0.3074049949645996
0.1805959939956665
0.31408199667930603
0.17002899944782257
0.32075899839401245
0.15946100652217865
0.32743600010871887
0.14889399707317352
0.3341130018234253
0.1383270025253296
0.3407900035381317
0.12775899469852448
0.34746599197387695
0.11719200015068054
0.3541429936885834
0.10662499815225601
0.3632270097732544
0.09803710132837296
0.37231001257896423
0.08944959938526154
0.3813929855823517
0.08086209744215012
0.3904759883880615
0.0722746029496193
0.39955899119377136
0.06368710100650787
0.4086430072784424
0.055099599063396454
0.4177260100841522
0.046512000262737274
0.42680901288986206
0.037924498319625854
0.4327940046787262
0.048898398876190186
0.4387800097465515
0.05987219884991646
0.44476500153541565
0.07084610313177109
0.4507499933242798
0.08181989938020706
0.4567359983921051
0.09279379993677139
0.46272099018096924
0.1037679985165596
0.46870699524879456
0.1147409975528717
0.4746919870376587
0.1257150024175644
0.481810986995697
0.1359899938106537
0.48893100023269653
0.1462640017271042
0.49605000019073486
0.15653899312019348
0.5031690001487732
0.16681300103664398
0.5102890133857727
0.17708800733089447
0.517408013343811
0.18736200034618378
0.5245270133018494
0.19763700664043427
0.5316470265388489
0.20791099965572357
0.5418220162391663
0.21517199277877808
0.5519970059394836
0.2224320024251938
0.562171995639801
0.2296929955482483
0.5723469853401184
0.236954003572464
0.5825219750404358
0.2442139983177185
0.5926979780197144
0.2514750063419342
0.6028730273246765
0.2587350010871887
0.6130480170249939
0.2659960091114044
0.6236910223960876
0.2725510001182556
0.6343349814414978
0.279105007648468
0.6449790000915527
0.2856599986553192
0.6556220054626465
0.2922149896621704
0.6662660241127014
0.2987689971923828
0.6769099831581116
0.305323988199234
0.6875529885292053
0.3118779957294464
0.6981970071792603
0.3184329867362976
0.7082719802856445
0.32097700238227844
0.7183459997177124
0.3235209882259369
