0.15865899622440338
0.943901002407074
0.1631779968738556
0.9322460293769836
0.1676959991455078
0.9205909967422485
0.17221499979496002
0.9089369773864746
0.17673400044441223
0.8972820043563843
0.18125200271606445
0.8856269717216492
0.18577100336551666
0.8739719986915588
0.19029000401496887
0.8623179793357849
0.1948080062866211
0.8506630063056946
0.20439499616622925
0.8426420092582703
0.2139820009469986
0.8346199989318848
0.22356900572776794
0.8265990018844604
0.2331549972295761
0.818576991558075
0.24274200201034546
0.8105559945106506
0.2523289918899536
0.8025349974632263
0.26191601157188416
0.7945129871368408
0.2715030014514923
0.7864919900894165
0.2745180130004883
0.7743610143661499
0.27753201127052307
0.7622299790382385
0.28054699301719666
0.7500990033149719
0.2835620045661926
0.7379680275917053
0.2865769863128662
0.725836992263794
0.2895919978618622
0.7137060165405273
0.29260700941085815
0.701574981212616
0.29562199115753174
0.6894440054893494
0.2886120080947876
0.6790940165519714
0.28160300850868225
0.6687440276145935
0.2745940089225769
0.6583939790725708
0.2675839960575104
0.648045003414154
0.26057499647140503
0.6376950144767761
0.2535659968852997
0.6273450255393982
0.24655599892139435
0.6169949769973755
0.239546999335289
0.6066449880599976
0.24072599411010742
0.5942010283470154
0.24190600216388702
0.5817570090293884
0.24308599531650543
0.5693129897117615
0.24426500499248505
0.5568680167198181
0.24544499814510345
0.5444239974021912
0.24662399291992188
0.5319799780845642
0.24780400097370148
0.519536018371582
0.2489829957485199
0.5070919990539551
0.24040000140666962
0.4980050027370453
0.23181599378585815
0.4889180064201355
0.22323200106620789
0.4798310101032257
0.21464799344539642
0.4707449972629547
0.20606400072574615
0.4616580009460449
0.19748100638389587
0.45257100462913513
0.1888969987630844
0.44348499178886414
0.18031300604343414
0.43439799547195435
0.18826599419116974
0.42475399374961853
0.19621999561786652
0.4151110053062439
0.2041729986667633
0.4054679870605469
0.2121260017156601
0.39582398533821106
0.22007900476455688
0.3861809968948364
0.22803199291229248
0.3765369951725006
0.23598599433898926
0.366894006729126
0.24393899738788605
0.35725000500679016
0.2558189928531647
0.35336199402809143
0.2676979899406433
0.3494729995727539
0.27957800030708313
0.3455840051174164
0.29145801067352295
0.34169501066207886
0.3033370077610016
0.33780598640441895
0.315216988325119
0.3339180052280426
0.32709699869155884
0.3300290107727051
0.33897700905799866
0.32613998651504517
0.34477800130844116
0.31506800651550293
0.35057899355888367
0.3039950132369995
0.35637998580932617
0.2929230034351349
0.36218199133872986
0.28185099363327026
0.36798301339149475
0.270779013633728
0.37378400564193726
0.2597059905529022
0.37958601117134094
0.2486339956521988
0.38538700342178345
0.23756200075149536
0.39729800820350647
0.24135500192642212
0.4092079997062683
0.24514800310134888
0.42111900448799133
0.24894000589847565
0.43303000926971436
0.2527329921722412
0.4449400007724762
0.25652599334716797
0.4568510055541992
0.2603189945220947
0.46876201033592224
0.2641119956970215
0.4806720018386841
0.26790401339530945
0.488411009311676
0.27772098779678345
0.4961499869823456
0.28753700852394104
0.5038880109786987
0.2973540127277374
0.5116270184516907
0.30717000365257263
0.5193660259246826
0.316987007856369
0.5271040201187134
0.3268029987812042
0.5348430275917053
0.3366200029850006
0.5425819754600525
0.3464359939098358
0.5485820174217224
0.3574019968509674
0.5545819997787476
0.3683669865131378
0.5605829954147339
0.3793329894542694
0.566582977771759
0.390298992395401
0.5725839734077454
0.4012640118598938
0.5785840153694153
0.4122300148010254
0.5845839977264404
0.4231959879398346
0.5905849933624268
0.4341610074043274
0.5961419939994812
0.445358008146286
0.6017000079154968
0.45655399560928345
0.6072580218315125
0.46775099635124207
0.6128150224685669
0.4789479970932007
0.6183729767799377
0.4901440143585205
0.6239299774169922
0.5013409852981567
0.6294879913330078
0.5125370025634766
0.6350460052490234
0.5237339735031128
0.6428179740905762
0.5335239768028259
0.6505910158157349
0.5433130264282227
0.6583629846572876
0.5531030297279358
0.6661360263824463
0.5628929734230042
0.673907995223999
0.5726820230484009
0.6816809773445129
0.582472026348114
0.6894530057907104
0.592261016368866
0.6972259879112244
0.6020510196685791
0.7088549733161926
0.6066359877586365
0.7204830050468445
0.6112220287322998
0.7321119904518127
0.6158069968223572
0.7437400221824646
0.6203920245170593
0.7553690075874329
0.6249780058860779
0.7669979929924011
0.6295629739761353
0.778626024723053
0.6341480016708374
0.7902550101280212
0.638733983039856
0.8007789850234985
0.6443470120429993
0.811303973197937
0.649960994720459
0.8218290209770203
0.6555740237236023
0.8323529958724976
0.661188006401062
