0.2625280022621155
0.40017399191856384
0.27397099137306213
0.39514100551605225
0.28541299700737
0.39010798931121826
0.29685500264167786
0.38507598638534546
0.3082970082759857
0.38004299998283386
0.3197390139102936
0.37501099705696106
0.33118098974227905
0.36997801065444946
0.3426229953765869
0.3649449944496155
0.35406601428985596
0.3599129915237427
0.3647010028362274
0.35334399342536926
0.3753359913825989
0.34677600860595703
0.3859710097312927
0.3402079939842224
0.39660701155662537
0.3336400091648102
0.4072420001029968
0.32707101106643677
0.4178769886493683
0.32050299644470215
0.42851200699806213
0.3139350116252899
0.4391480088233948
0.3073669970035553
0.4516400098800659
0.3069339990615845
0.46413299441337585
0.30650100111961365
0.476624995470047
0.3060680031776428
0.48911699652671814
0.305635005235672
0.5016099810600281
0.30520200729370117
0.5141019821166992
0.30476900935173035
0.5265949964523315
0.3043360114097595
0.5390869975090027
0.3039030134677887
0.5514950156211853
0.3054180145263672
0.5639029741287231
0.3069329857826233
0.5763109922409058
0.3084479868412018
0.5887190103530884
0.3099629878997803
0.601127028465271
0.31147900223731995
0.6135339736938477
0.31299400329589844
0.6259419918060303
0.31450900435447693
0.6383500099182129
0.3160240054130554
0.6451799869537354
0.30555498600006104
0.6520090103149414
0.29508501291275024
0.6588389873504639
0.28461599349975586
0.6656680107116699
0.27414700388908386
0.6724979877471924
0.2636770009994507
0.6793280243873596
0.2532080113887787
0.6861569881439209
0.2427390068769455
0.6929870247840881
0.23226900398731232
0.6986460089683533
0.22112399339675903
0.7043049931526184
0.20997799932956696
0.7099639773368835
0.19883200526237488
0.7156230211257935
0.1876869946718216
0.7212820053100586
0.17654100060462952
0.7269409894943237
0.16539500653743744
0.7325999736785889
0.15424999594688416
0.7382590174674988
0.14310400187969208
0.7390850186347961
0.1323239952325821
0.7399110198020935
0.1215440034866333
