0.3918190002441406
0.6328999996185303
0.3839249908924103
0.6232079863548279
0.3760310113430023
0.6135159730911255
0.368137001991272
0.6038240194320679
0.3602429926395416
0.5941309928894043
0.35234901309013367
0.5844389796257019
0.3444559872150421
0.5747470259666443
0.33656200766563416
0.5650550127029419
0.3286679983139038
0.5553629994392395
0.3251110017299652
0.5433800220489502
0.3215549886226654
0.5313959717750549
0.3179979920387268
0.5194129943847656
0.3144420087337494
0.5074290037155151
0.3108850121498108
0.49544599652290344
0.307328999042511
0.48346298933029175
0.3037720024585724
0.47147899866104126
0.3002159893512726
0.45949599146842957
0.3072519898414612
0.4491640031337738
0.3142879903316498
0.43883201479911804
0.3213230073451996
0.4285010099411011
0.3283590078353882
0.4181689918041229
0.3353950083255768
0.40783700346946716
0.3424310088157654
0.397504985332489
0.349467009305954
0.38717299699783325
0.3565030097961426
0.3768410086631775
0.3638930022716522
0.3667599856853485
0.37128400802612305
0.3566789925098419
0.3786740005016327
0.3465979993343353
0.38606399297714233
0.33651599287986755
0.39345499873161316
0.32643499970436096
0.4008449912071228
0.31635400652885437
0.40823501348495483
0.3062720000743866
0.41562598943710327
0.29619100689888
0.4229249954223633
0.30633801221847534
0.4302250146865845
0.3164860010147095
0.4375239908695221
0.3266330063343048
0.4448240101337433
0.33678001165390015
0.4521229863166809
0.3469269871711731
0.4594230055809021
0.3570750057697296
0.4667220115661621
0.36722201108932495
0.4740220010280609
0.3773689866065979
0.47999900579452515
0.3883480131626129
0.4859760105609894
0.39932599663734436
0.4919529855251312
0.4103040099143982
0.49792999029159546
0.4212830066680908
0.5039070248603821
0.43226099014282227
0.5098839998245239
0.4432399868965149
0.5158609747886658
0.4542180001735687
0.5218380093574524
0.46519601345062256
0.5272189974784851
0.4764789938926697
0.532600998878479
0.487760990858078
0.5379819869995117
0.4990440011024475
0.5433629751205444
0.5103260278701782
0.5487440228462219
0.5216079950332642
0.5541250109672546
0.5328909754753113
0.5595059990882874
0.544173002243042
0.5648869872093201
0.5554559826850891
0.57088702917099
0.5664219856262207
0.5768870115280151
0.5773869752883911
0.5828869938850403
0.5883529782295227
0.5888869762420654
0.5993189811706543
0.5948870182037354
0.6102849841117859
0.6008870005607605
0.6212509870529175
0.6068869829177856
0.6322169899940491
0.6128870248794556
0.6431829929351807
0.6216539740562439
0.6520929932594299
0.6304200291633606
0.6610040068626404
0.6391869783401489
0.6699140071868896
0.6479529738426208
0.6788250207901001
0.656719982624054
0.6877350211143494
0.6654859781265259
0.696645975112915
0.674252986907959
0.7055569887161255
0.6830189824104309
0.7144669890403748
0.6895830035209656
0.7251049876213074
0.6961470246315002
0.73574298620224
0.702709972858429
0.7463809847831726
0.7092739939689636
0.7570199966430664
0.7158380150794983
0.767657995223999
0.7224010229110718
0.7782959938049316
0.7289649844169617
0.7889339923858643
0.7355279922485352
0.7995719909667969
0.7348719835281372
0.8120549917221069
0.7342159748077393
0.8245369791984558
0.7335600256919861
0.8370199799537659
0.732903003692627
0.8495029807090759
0.732246994972229
0.861985981464386
0.731590986251831
0.8744680285453796
0.7309340238571167
0.8869510293006897
0.7302780151367188
0.899433970451355
0.7389079928398132
0.8922020196914673
0.7475379705429077
0.8849700093269348
