0.6279320120811462
0.49779999256134033
0.6158300042152405
0.5009289979934692
0.6037279963493347
0.5040590167045593
0.591625988483429
0.5071880221366882
0.5795239806175232
0.5103170275688171
0.5674219727516174
0.5134459733963013
0.5553200244903564
0.5165749788284302
0.5432180166244507
0.5197049975395203
0.5311160087585449
0.5228340029716492
0.5186370015144348
0.523563027381897
0.5061590075492859
0.5242919921875
0.4936800003051758
0.5250210165977478
0.4812009930610657
0.5257499814033508
0.46872198581695557
0.5264790058135986
0.45624399185180664
0.5272089838981628
0.4437650144100189
0.5279380083084106
0.4312860071659088
0.5286669731140137
0.41878700256347656
0.5288100242614746
0.4062879979610443
0.5289530158042908
0.39378899335861206
0.5290960073471069
0.3812899887561798
0.5292389988899231
0.36879000067710876
0.5293809771537781
0.3562909960746765
0.529524028301239
0.34379199147224426
0.5296670198440552
0.331292986869812
0.5298100113868713
0.3342060148715973
0.5176550149917603
0.337119996547699
0.505499005317688
0.34003400802612305
0.4933429956436157
0.34294700622558594
0.48118799924850464
0.3458609879016876
0.4690319895744324
0.3487749993801117
0.4568760097026825
0.3516879975795746
0.44472000002861023
0.35460200905799866
0.43256500363349915
0.360632985830307
0.42161598801612854
0.36666399240493774
0.4106670022010803
0.37269601225852966
0.3997189998626709
0.378726989030838
0.3887700140476227
0.38475799560546875
0.3778209984302521
0.3907899856567383
0.36687299609184265
0.396820992231369
0.35592401027679443
0.40285199880599976
0.34497499465942383
0.41465699672698975
0.3408629894256592
0.42646101117134094
0.3367519974708557
0.43826499581336975
0.33263999223709106
0.45006999373435974
0.3285279870033264
0.46187400817871094
0.32441601157188416
0.47367799282073975
0.3203040063381195
0.48548200726509094
0.31619200110435486
0.49728700518608093
0.3120799958705902
0.5063350200653076
0.3034549951553345
0.5153830051422119
0.2948310077190399
0.5244320034980774
0.286206990480423
0.5334799885749817
0.27758198976516724
0.542527973651886
0.2689580023288727
0.5515760183334351
0.2603340148925781
0.5606250166893005
0.2517090141773224
0.5696730017662048
0.24308499693870544
0.5766159892082214
0.23269100487232208
0.583558976650238
0.22229599952697754
0.5905020236968994
0.21190199255943298
0.5974439978599548
0.20150700211524963
0.6043869853019714
0.19111299514770508
0.611329972743988
0.18071800470352173
0.6182730197906494
0.17032299935817719
0.625216007232666
0.15992900729179382
0.6359750032424927
0.1662919968366623
0.6467339992523193
0.17265500128269196
0.6574940085411072
0.17901800572872162
0.6682530045509338
0.18538199365139008
0.6790120005607605
0.19174499809741974
0.6897709965705872
0.1981080025434494
0.7005299925804138
0.20447100698947906
0.7112900018692017
0.21083399653434753
0.7237160205841064
0.20947900414466858
0.7361419796943665
0.20812399685382843
0.7485690116882324
0.20676900446414948
0.7609949707984924
0.20541299879550934
0.7734209895133972
0.20405800640583038
0.7858480215072632
0.20270299911499023
0.7982739806175232
0.20134800672531128
0.810699999332428
0.19999299943447113
0.81107097864151
0.18749800324440002
0.8114410042762756
0.1750040054321289
0.8118119835853577
0.1625089943408966
0.8121820092201233
0.1500149965286255
0.8125529885292053
0.13752000033855438
0.812923014163971
0.12502600252628326
0.813293993473053
0.11253099888563156
0.813664972782135
0.10003700107336044
0.8254119753837585
0.09649019688367844
0.8371599912643433
0.0929436981678009
0.848908007144928
0.08939710259437561
