0.663847029209137
0.15247100591659546
0.6588699817657471
0.16393700242042542
0.653892993927002
0.17540399730205536
0.6489160060882568
0.18686999380588531
0.6439390182495117
0.19833600521087646
0.6389619708061218
0.2098030000925064
0.6339840292930603
0.22126899659633636
0.6290069818496704
0.2327360063791275
0.6240299940109253
0.24420200288295746
0.6193519830703735
0.2557930052280426
0.6146730184555054
0.26738500595092773
0.6099950075149536
0.2789759933948517
0.6053159832954407
0.2905679941177368
0.6006379723548889
0.30215901136398315
0.5959600210189819
0.3137510120868683
0.591280996799469
0.32534199953079224
0.5866029858589172
0.33693400025367737
0.582656979560852
0.34879499673843384
0.578711986541748
0.3606559932231903
0.574766993522644
0.3725169897079468
0.5708209872245789
0.38437798619270325
0.5668759942054749
0.3962390124797821
0.5629310011863708
0.4081000089645386
0.5589860081672668
0.41996100544929504
0.5550400018692017
0.4318220019340515
0.5486459732055664
0.442562997341156
0.5422530174255371
0.4533039927482605
0.5358589887619019
0.464044988155365
0.5294650197029114
0.47478601336479187
0.5230709910392761
0.48552700877189636
0.5166770219802856
0.49626800417900085
0.5102829933166504
0.5070090293884277
0.5038890242576599
0.5177500247955322
0.4964889883995056
0.5278239846229553
0.4890879988670349
0.537896990776062
0.4816870093345642
0.5479710102081299
0.4742859899997711
0.5580450296401978
0.4668860137462616
0.5681179761886597
0.4594849944114685
0.5781919956207275
0.4520840048789978
0.5882660150527954
0.4446829855442047
0.5983390212059021
0.4380300045013428
0.608922004699707
0.43137699365615845
0.6195039749145508
0.4247240126132965
0.6300860047340393
0.4180710017681122
0.6406689882278442
0.41141799092292786
0.6512510180473328
0.40476399660110474
0.6618329882621765
0.3981109857559204
0.6724159717559814
0.39145800471305847
0.68299800157547
0.3829059898853302
0.6921150088310242
0.3743549883365631
0.7012320160865784
0.3658030033111572
0.7103490233421326
0.35725098848342896
0.719465970993042
0.34869998693466187
0.7285829782485962
0.340148001909256
0.7376999855041504
0.3315959870815277
0.7468169927597046
0.3230449855327606
0.7559329867362976
0.31063199043273926
0.7544620037078857
0.2982180118560791
0.7529910206794739
0.28580498695373535
0.7515199780464172
0.273391991853714
0.7500489950180054
0.2609789967536926
0.7485780119895935
0.24856600165367126
0.7471070289611816
0.2361530065536499
0.7456349730491638
0.22373999655246735
0.744163990020752
0.21512199938297272
0.7351089715957642
0.20650500059127808
0.7260550260543823
0.19788700342178345
0.7170000076293945
0.18926900625228882
0.7079449892044067
0.18065199255943298
0.6988909840583801
0.17203399538993835
0.6898360252380371
0.1634169965982437
0.6807810068130493
0.15479899942874908
0.6717270016670227
0.14366799592971802
0.6774140000343323
0.13253599405288696
0.6831009984016418
0.12140499800443649
0.6887879967689514
0.11027400195598602
0.694474995136261
0.09914229810237885
0.7001619935035706
0.08801089972257614
0.7058489918708801
0.07687950134277344
0.7115359902381897
0.06574810296297073
0.7172229886054993
0.059220798313617706
0.7205579876899719
