0.22040699422359467
0.4569759964942932
0.22585999965667725
0.44572800397872925
0.23131300508975983
0.4344800114631653
0.23676499724388123
0.42323198914527893
0.2422180026769638
0.41198399662971497
0.2476709932088852
0.400736004114151
0.2531229853630066
0.38948801159858704
0.25857600569725037
0.3782399892807007
0.26402899622917175
0.3669919967651367
0.2753069996833801
0.3616029918193817
0.2865859866142273
0.3562150001525879
0.29786500334739685
0.3508259952068329
0.309143990278244
0.3454369902610779
0.3204230070114136
0.34004899859428406
0.33170199394226074
0.33465999364852905
0.3429810106754303
0.32927098870277405
0.35425901412963867
0.3238829970359802
0.36586999893188477
0.31925201416015625
0.37748101353645325
0.31462201476097107
0.38909199833869934
0.3099919855594635
0.40070199966430664
0.3053610026836395
0.4123130142688751
0.30073100328445435
0.4239239990711212
0.29610100388526917
0.4355350136756897
0.2914699912071228
0.4471459984779358
0.2868399918079376
0.4595929980278015
0.28569498658180237
0.47203999757766724
0.2845489978790283
0.48448801040649414
0.28340399265289307
0.49693500995635986
0.2822589874267578
0.5093830227851868
0.28111299872398376
0.5218300223350525
0.2799679934978485
0.5342770218849182
0.27882200479507446
0.5467249751091003
0.2776769995689392
0.5476030111312866
0.26531699299812317
0.5484809875488281
0.25295698642730713
0.5493590235710144
0.24059699475765228
0.5502380132675171
0.22823600471019745
0.5511159896850586
0.2158759981393814
0.5519940257072449
0.20351600646972656
0.5528720021247864
0.19115599989891052
