0.17778700590133667
0.5997989773750305
0.1893489956855774
0.5950490236282349
0.2009119987487793
0.5903000235557556
0.2124740034341812
0.5855510234832764
0.22403700649738312
0.5808010101318359
0.23559999465942383
0.5760520100593567
0.24716199934482574
0.5713019967079163
0.25872498750686646
0.566552996635437
0.27028700709342957
0.5618039965629578
0.27567601203918457
0.5505250096321106
0.2810649871826172
0.5392460227012634
0.2864530086517334
0.5279669761657715
0.2918420135974884
0.5166879892349243
0.297230988740921
0.5054100155830383
0.302619993686676
0.4941309988498688
0.30800798535346985
0.4828520119190216
0.31339699029922485
0.47157299518585205
0.31688201427459717
0.4595690071582794
0.3203679919242859
0.4475649893283844
0.3238529860973358
0.4355599880218506
0.3273389935493469
0.42355599999427795
0.33082398772239685
0.4115520119667053
0.33430901169776917
0.3995479941368103
0.3377949893474579
0.3875429928302765
0.3412800133228302
0.37553900480270386
0.3517270088195801
0.36867499351501465
0.36217400431632996
0.3618119955062866
0.37262099981307983
0.3549480140209198
0.3830679953098297
0.3480840027332306
0.3935149908065796
0.34122100472450256
0.40396198630332947
0.33435699343681335
0.41440901160240173
0.32749301195144653
0.4248560070991516
0.3206300139427185
0.43672600388526917
0.32454800605773926
0.4485960006713867
0.32846599817276
0.46046701073646545
0.33238399028778076
0.472337007522583
0.3363020122051239
0.48420700430870056
0.34022000432014465
0.4960770010948181
0.3441379964351654
0.5079470276832581
0.34805598855018616
0.5198169946670532
0.3519740104675293
0.5321099758148193
0.3542419970035553
0.544402003288269
0.3565100133419037
0.556693971157074
0.3587779998779297
0.5689870119094849
0.36104699969291687
0.5812789797782898
0.36331498622894287
0.5935720205307007
0.36558300256729126
0.6058639883995056
0.36785098910331726
0.6181570291519165
0.37011900544166565
0.6176779866218567
0.3576279878616333
0.6172000169754028
0.3451380133628845
0.616720974445343
0.3326469957828522
0.616241991519928
0.3201560080051422
0.6157640218734741
0.30766499042510986
0.6152849793434143
0.2951740026473999
0.6148070096969604
0.28268301486968994
0.6143280267715454
0.2701930105686188
0.6178460121154785
0.25819799304008484
0.6213639974594116
0.2462030053138733
0.6248829960823059
0.23420900106430054
0.628400981426239
0.2222139984369278
0.6319190263748169
0.21021899580955505
0.63543701171875
0.1982250064611435
0.6389549970626831
0.18623000383377075
0.6424739956855774
0.174235001206398
0.6346099972724915
0.1805420070886612
0.6267459988594055
0.18684899806976318
