0.7261530160903931
0.061841901391744614
0.7239170074462891
0.07414030283689499
0.7216820120811462
0.08643870055675507
0.7194460034370422
0.0987372025847435
0.7172099947929382
0.11103600263595581
0.7149739861488342
0.12333399802446365
0.7127389907836914
0.1356319934129715
0.7105029821395874
0.14793099462985992
0.7082669734954834
0.16022899746894836
0.7052479982376099
0.17235900461673737
0.7022290229797363
0.18448899686336517
0.699209988117218
0.19661900401115417
0.6961910128593445
0.20874899625778198
0.6931719779968262
0.22087900340557098
0.6901530027389526
0.2330089956521988
0.6871340274810791
0.2451390027999878
0.6841149926185608
0.2572689950466156
0.6806600093841553
0.2692820131778717
0.6772059798240662
0.2812950015068054
0.6737509965896606
0.29330798983573914
0.6702970266342163
0.30532199144363403
0.6668429970741272
0.31733500957489014
0.6633880138397217
0.32934799790382385
0.6599339842796326
0.34136098623275757
0.656479001045227
0.35337400436401367
0.6548799872398376
0.365772008895874
0.6532800197601318
0.3781690001487732
0.6516810059547424
0.39056599140167236
0.6500809788703918
0.4029630124568939
0.648481011390686
0.4153609871864319
0.6468819975852966
0.42775800824165344
0.645281970500946
0.4401549994945526
0.6436820030212402
0.4525519907474518
0.6431300044059753
0.465039998292923
0.6425780057907104
0.47752800583839417
0.6420260071754456
0.49001601338386536
0.6414740085601807
0.502502977848053
0.6409209966659546
0.5149909853935242
0.6403689980506897
0.5274789929389954
0.6398169994354248
0.5399670004844666
0.6392650008201599
0.5524550080299377
0.6351919770240784
0.5642729997634888
0.6311200261116028
0.5760899782180786
0.6270470023155212
0.5879080295562744
0.6229739785194397
0.5997260212898254
0.6189020276069641
0.6115440130233765
0.6148290038108826
0.6233620047569275
0.6107569932937622
0.6351799964904785
0.6066840291023254
0.6469979882240295
0.6057140231132507
0.6594610214233398
0.604744017124176
0.6719229817390442
0.6037750244140625
0.6843850016593933
0.6028050184249878
0.6968479752540588
0.6018350124359131
0.709309995174408
0.6008650064468384
0.7217720150947571
0.5998950004577637
0.7342339754104614
0.5989260077476501
0.7466970086097717
0.5953620076179504
0.7586780190467834
0.5917980074882507
0.7706590294837952
0.588234007358551
0.7826399803161621
0.5846700072288513
0.794622004032135
0.5811070203781128
0.8066030144691467
0.5775430202484131
0.8185840249061584
0.5739790201187134
0.8305649757385254
0.5704150199890137
0.8425459861755371
0.5653290152549744
0.8539649844169617
0.5602430105209351
0.8653830289840698
0.5551559925079346
0.8768020272254944
0.5500699877738953
0.8882200121879578
0.544983983039856
0.8996379971504211
0.5398979783058167
0.9110569953918457
0.5348110198974609
0.9224749803543091
0.5297250151634216
0.9338939785957336
0.516631007194519
0.9356629848480225
0.5035359859466553
0.9374330043792725
