0.4700930118560791
0.5474749803543091
0.4716230034828186
0.5598809719085693
0.4731529951095581
0.5722870230674744
0.4746829867362976
0.5846930146217346
0.4762139916419983
0.5970990061759949
0.4777440130710602
0.6095049977302551
0.4792740046977997
0.6219109892845154
0.4808039963245392
0.6343169808387756
0.48233500123023987
0.6467229723930359
0.48300701379776
0.6592040061950684
0.48368000984191895
0.6716859936714172
0.4843519926071167
0.6841679811477661
0.48502498865127563
0.6966500282287598
0.4856970012187958
0.7091320157051086
0.4863699972629547
0.7216140031814575
0.48704299330711365
0.7340959906578064
0.4877150058746338
0.7465779781341553
0.49807101488113403
0.7492210268974304
0.5084270238876343
0.7518640160560608
