0.613415002822876
0.47010600566864014
0.6010519862174988
0.4682610034942627
0.5886890292167664
0.46641600131988525
0.5763260126113892
0.4645709991455078
0.563962996006012
0.46272701025009155
0.5515999794006348
0.4608820080757141
0.5392370223999023
0.45903700590133667
0.5268740057945251
0.457192987203598
0.5145099759101868
0.45534801483154297
0.5020650029182434
0.45418500900268555
0.4896189868450165
0.4530220031738281
0.47717300057411194
0.4518589973449707
0.4647270143032074
0.4506959915161133
0.45228201150894165
0.44953298568725586
0.4398359954357147
0.4483700096607208
0.4273900091648102
0.4472070038318634
0.41494399309158325
0.446043998003006
0.4267979860305786
0.44207701086997986
0.43865200877189636
0.43810901045799255
0.45050498843193054
0.43414199352264404
0.4623590111732483
0.4301750063896179
0.47421300411224365
0.4262070059776306
0.4860660135746002
0.4222399890422821
0.4979200065135956
0.4182719886302948
0.5097740292549133
0.4143050014972687
0.511493980884552
0.4019240140914917
0.5132129788398743
0.38954299688339233
0.5149329900741577
0.37716200947761536
0.5166530013084412
0.3647800087928772
0.5183730125427246
0.35239899158477783
0.5200930237770081
0.34001800417900085
0.5218129754066467
0.3276369869709015
0.5235329866409302
0.3152559995651245
0.5119479894638062
0.31995001435279846
0.5003629922866821
0.32464399933815
0.4887779951095581
0.329338014125824
0.4771920144557953
0.33403199911117554
0.4656069874763489
0.3387260138988495
0.45402199029922485
0.34341999888420105
0.44243699312210083
0.348114013671875
0.4308519959449768
0.35280799865722656
0.41875898838043213
0.3559719920158386
0.40666601061820984
0.3591359853744507
0.39457300305366516
0.36230000853538513
0.3824799954891205
0.3654640018939972
0.3703869879245758
0.36862799525260925
0.3582940101623535
0.3717919886112213
0.34620100259780884
0.3749549984931946
0.33410799503326416
0.37811899185180664
0.33098000288009644
0.3902220129966736
0.3278520107269287
0.40232399106025696
0.3247239887714386
0.4144259989261627
0.3215959966182709
0.4265289902687073
0.31846800446510315
0.43863099813461304
0.3153400123119354
0.4507330060005188
0.3122119903564453
0.46283501386642456
0.3090839982032776
0.4749380052089691
0.297435998916626
0.4794749915599823
0.28578901290893555
0.48401200771331787
0.27414101362228394
0.48854899406433105
0.2624939978122711
0.4930860102176666
0.2508459985256195
0.497624009847641
0.23919899761676788
0.5021610260009766
0.22755099833011627
0.5066980123519897
0.21590399742126465
0.5112349987030029
0.20451299846172333
0.5163829922676086
0.193122997879982
0.5215319991111755
0.18173199892044067
0.5266799926757812
0.17034099996089935
0.531827986240387
0.15895099937915802
0.5369759798049927
0.1475600004196167
0.5421249866485596
0.13616999983787537
0.5472729802131653
0.12477900087833405
0.552420973777771
0.11377599835395813
0.5548110008239746
0.10277300328016281
0.5572010278701782
