0.8540459871292114
0.35306400060653687
0.8619970083236694
0.34341898560523987
0.8699480295181274
0.33377400040626526
0.8778989911079407
0.32412898540496826
0.8858500123023987
0.31448298692703247
0.8938000202178955
0.30483800172805786
0.9017509818077087
0.29519298672676086
0.9097020030021667
0.2855469882488251
0.9176530241966248
0.27590200304985046
0.9056239724159241
0.2792989909648895
0.8935940265655518
0.282696008682251
0.8815649747848511
0.28609299659729004
0.8695350289344788
0.2894900143146515
0.8575059771537781
0.29288700222969055
0.845475971698761
0.2962839901447296
0.8334460258483887
0.29968100786209106
0.821416974067688
0.3030779957771301
0.8109139800071716
0.30985701084136963
0.8004119992256165
0.31663501262664795
0.7899090051651001
0.32341399788856506
0.7794070243835449
0.3301919996738434
0.7689039707183838
0.3369700014591217
0.7584019899368286
0.3437489867210388
0.7478989958763123
0.35052698850631714
0.7373970150947571
0.35730600357055664
0.7408620119094849
0.3452959954738617
0.7443280220031738
0.33328598737716675
0.747793972492218
0.3212760090827942
0.7512590289115906
0.30926600098609924
0.7547249794006348
0.2972559928894043
0.7581899762153625
0.28524601459503174
0.7616559863090515
0.2732360064983368
0.7651219964027405
0.26122599840164185
0.7526569962501526
0.26028600335121155
0.7401919960975647
0.25934600830078125
0.727728009223938
0.25840699672698975
0.7152630090713501
0.25746700167655945
0.7027980089187622
0.25652700662612915
0.6903340220451355
0.25558701157569885
0.6778690218925476
0.25464800000190735
0.6654049754142761
0.25370800495147705
0.6681510210037231
0.24028700590133667
0.6708970069885254
0.2268660068511963
0.6736429929733276
0.2134460061788559
0.6763889789581299
0.20002500712871552
