0.22556500136852264
0.3766520023345947
0.23786099255084991
0.37890300154685974
0.2501559853553772
0.38115400075912476
0.26245200634002686
0.38340499997138977
0.2747479975223541
0.3856559991836548
0.2870430052280426
0.3879059851169586
0.2993389964103699
0.390157014131546
0.31163498759269714
0.39240801334381104
0.3239299952983856
0.39465901255607605
0.3329539895057678
0.38600900769233704
0.34197700023651123
0.37735798954963684
0.35100001096725464
0.3687080144882202
0.36002400517463684
0.36005699634552
0.36904698610305786
0.351406991481781
0.37806999683380127
0.342756986618042
0.38709399104118347
0.3341059982776642
0.3961170017719269
0.32545599341392517
0.3995479941368103
0.31343600153923035
0.4029789865016937
0.3014160096645355
0.40641099214553833
0.2893959879875183
0.40984201431274414
0.2773759961128235
0.41327300667762756
0.26535698771476746
0.41670501232147217
0.25333699584007263
0.4201360046863556
0.2413170039653778
0.423566997051239
0.2292969971895218
0.43509700894355774
0.2341269999742508
0.4466260075569153
0.2389560043811798
0.4581550061702728
0.2437860071659088
0.46968498826026917
0.24861499667167664
0.4812139868736267
0.25344499945640564
0.49274399876594543
0.25827398896217346
0.504272997379303
0.26310399174690247
0.5158020257949829
0.2679330110549927
0.5281540155410767
0.2660140097141266
0.5405060052871704
0.2640950083732605
0.5528579950332642
0.2621760070323944
0.5652099847793579
0.2602570056915283
0.5775610208511353
0.25833800435066223
0.589913010597229
0.25641998648643494
0.6022650003433228
0.25450098514556885
0.6146169900894165
0.25258201360702515
0.606427013874054
0.24313899874687195
0.5982360243797302
0.23369599878787994
0.5900459885597229
0.22425299882888794
0.5818560123443604
0.21480999886989594
0.5736650228500366
0.20536699891090393
0.5654749870300293
0.19592399895191193
0.5572850108146667
0.18648099899291992
0.549094021320343
0.17703799903392792
0.5493299961090088
0.16437900066375732
0.5495659708976746
0.15172000229358673
0.5498020052909851
0.13906100392341614
0.5500379800796509
0.12640200555324554
0.5502740144729614
0.11374299973249435
0.5505099892616272
0.10108300298452377
