0.6055120229721069
0.3988940119743347
0.5944240093231201
0.3931240141391754
0.5833359956741333
0.38735300302505493
0.5722470283508301
0.38158300518989563
0.5611590147018433
0.37581199407577515
0.5500699877738953
0.37004199624061584
0.5389819741249084
0.36427199840545654
0.5278940200805664
0.35850098729133606
0.5168049931526184
0.35273098945617676
0.5140269994735718
0.3405430018901825
0.5112490057945251
0.328355997800827
0.5084710121154785
0.31616899371147156
0.5056930184364319
0.3039810061454773
0.5029150247573853
0.2917940020561218
0.5001369714736938
0.27960601449012756
0.4973590075969696
0.2674190104007721
0.494581013917923
0.2552320063114166
0.4832659959793091
0.26054298877716064
0.4719499945640564
0.26585501432418823
0.4606350064277649
0.27116599678993225
0.449319988489151
0.27647799253463745
0.4380039870738983
0.28178900480270386
0.4266889989376068
0.28710100054740906
0.4153740108013153
0.29241201281547546
0.4040580093860626
0.29772400856018066
0.400301992893219
0.2858690023422241
0.39654698967933655
0.2740139961242676
0.3927910029888153
0.26215898990631104
0.3890349864959717
0.2503040134906769
0.3852800130844116
0.23844900727272034
0.381523996591568
0.2265940010547638
0.37776800990104675
0.21473899483680725
