0.5066490173339844
0.3909339904785156
0.5062990188598633
0.4034290015697479
0.5059490203857422
0.415924996137619
0.5055999755859375
0.4284200072288513
0.5052499771118164
0.44091498851776123
0.5048999786376953
0.45340999960899353
0.5045499801635742
0.46590501070022583
0.5041999816894531
0.47839999198913574
0.503849983215332
0.49089500308036804
0.5050010085105896
0.5033419728279114
0.506151020526886
0.5157889723777771
0.5073019862174988
0.5282359719276428
0.5084519982337952
0.5406829714775085
0.5096030235290527
0.5531299710273743
0.5107529759407043
0.56557697057724
0.5119040012359619
0.5780240297317505
0.5130540132522583
0.5904710292816162
0.5142629742622375
0.6029120087623596
0.5154730081558228
0.615352988243103
0.5166820287704468
0.6277949810028076
0.517890989780426
0.6402360200881958
0.51910001039505
0.6526780128479004
0.5203099846839905
0.6651189923286438
0.5215190052986145
0.6775599718093872
0.5227280259132385
0.6900020241737366
0.5217409729957581
0.6760129928588867
0.520753026008606
0.6620240211486816
