0.94480299949646
0.4903919994831085
0.9372360110282898
0.5003420114517212
0.929669976234436
0.5102919936180115
0.922104001045227
0.5202419757843018
0.9145380258560181
0.5301929712295532
0.9069719910621643
0.5401430130004883
0.8994060158729553
0.5500929951667786
0.8918399810791016
0.5600429773330688
0.8842740058898926
0.5699930191040039
0.8741409778594971
0.5773130059242249
0.8640090227127075
0.5846329927444458
0.853875994682312
0.5919529795646667
0.8437439799308777
0.5992730259895325
0.833611011505127
0.6065930128097534
0.8234789967536926
0.6139129996299744
0.8133460283279419
0.6212329864501953
0.8032140135765076
0.6285529732704163
0.7950019836425781
0.6379770040512085
0.7867900133132935
0.647400975227356
0.7785789966583252
0.6568260192871094
0.7703670263290405
0.6662499904632568
0.7621549963951111
0.6756740212440491
0.7539430260658264
0.6850990056991577
0.7457320094108582
0.6945229768753052
0.7375199794769287
0.7039470076560974
0.7251150012016296
0.7054870128631592
0.7127100229263306
0.707027018070221
0.7003059983253479
0.7085660099983215
0.6879010200500488
0.7101060152053833
0.675495982170105
0.7116450071334839
0.6630910038948059
0.7131850123405457
0.6506860256195068
0.7147240042686462
0.638280987739563
0.716264009475708
0.6260110139846802
0.7186480164527893
0.6137400269508362
0.7210310101509094
0.6014699935913086
0.7234150171279907
0.5891990065574646
0.725799024105072
0.5769280195236206
0.7281829714775085
0.564657986164093
0.7305660247802734
0.552386999130249
0.73294997215271
0.5401170253753662
0.7353339791297913
0.5281670093536377
0.7316669821739197
0.5162169933319092
0.7279999852180481
0.5042660236358643
0.7243329882621765
0.49231600761413574
0.7206659913063049
0.4803659915924072
0.7169989943504333
0.4684160053730011
0.7133319973945618
0.4564659893512726
0.7096650004386902
0.44451600313186646
0.7059980034828186
0.4418950080871582
0.6937749981880188
0.43927401304244995
0.6815530061721802
0.4366529881954193
0.6693310141563416
0.43403199315071106
0.6571090221405029
0.4314109981060028
0.6448869705200195
0.42879000306129456
0.6326649785041809
0.4261679947376251
0.6204429864883423
0.42354699969291687
0.6082209944725037
0.4150190055370331
0.61735999584198
0.4064910113811493
0.6264979839324951
0.3979620039463043
0.6356369853019714
0.38943400979042053
0.6447759866714478
0.38090598583221436
0.6539149880409241
0.3723770081996918
0.6630539894104004
0.363849014043808
0.6721919775009155
0.3553209900856018
0.6813309788703918
0.3464429974555969
0.672531008720398
0.33756598830223083
0.6637309789657593
0.32868900895118713
0.6549299955368042
0.31981098651885986
0.6461300253868103
0.31093400716781616
0.6373299956321716
0.3020569980144501
0.6285300254821777
0.293179988861084
0.6197299957275391
0.2843019962310791
0.610929012298584
0.2763719856739044
0.6012669801712036
0.2684429883956909
0.5916039943695068
0.2605130076408386
0.5819410085678101
0.25258299708366394
0.5722789764404297
0.24465300142765045
0.5626159906387329
0.23672300577163696
0.5529530048370361
0.22879299521446228
0.5432909727096558
0.2208629995584488
0.533627986907959
0.21613900363445282
0.5220549702644348
0.21141399443149567
0.5104830265045166
0.2066899985074997
0.49891000986099243
0.20196500420570374
0.48733699321746826
0.19724099338054657
0.4757640063762665
0.1925169974565506
0.4641909897327423
0.18779200315475464
0.4526189863681793
0.18306800723075867
0.44104599952697754
0.18871399760246277
0.42989298701286316
0.19436000287532806
0.41874098777770996
0.20000599324703217
0.40758898854255676
0.20565100014209747
0.39643600583076477
0.21129700541496277
0.3852840065956116
0.21694299578666687
0.3741320073604584
0.22258900105953217
0.3629800081253052
0.22823500633239746
0.3518269956111908
0.2397110015153885
0.3468729853630066
0.2511880099773407
0.3419190049171448
0.26266399025917053
0.33696499466896057
0.27414000034332275
0.33201101422309875
0.28561699390411377
0.32705599069595337
0.297093003988266
0.32210201025009155
0.3085690140724182
0.31714800000190735
0.32004600763320923
0.31219398975372314
0.33152198791503906
0.30724000930786133
0.3429979979991913
0.3022859990596771
0.3544749915599823
0.2973310053348541
0.3659510016441345
0.2923769950866699
0.37742701172828674
0.2874230146408081
0.38890400528907776
0.2824690043926239
0.4003799855709076
0.2775149941444397
0.4118559956550598
0.2725600004196167
