0.59334397315979
0.5940210223197937
0.5898659825325012
0.6060270071029663
0.5863879919052124
0.6180340051651001
0.5829100012779236
0.6300399899482727
0.5794320106506348
0.6420469880104065
0.5759549736976624
0.6540529727935791
0.5724769830703735
0.6660590171813965
0.5689989924430847
0.6780660152435303
0.5655210018157959
0.6900720000267029
0.5601320266723633
0.7012720108032227
0.5547419786453247
0.7124720215797424
0.5493530035018921
0.7236719727516174
0.5439630150794983
0.7348719835281372
0.5385739803314209
0.746071994304657
