0.03875410184264183
0.32616400718688965
0.051103901118040085
0.3280960023403168
0.0634538009762764
0.3300270140171051
0.07580369710922241
0.3319590091705322
0.08815349638462067
0.33389100432395935
0.10050299763679504
0.3358219861984253
0.11285299807786942
0.3377540111541748
0.1252029985189438
0.33968499302864075
0.13755300641059875
0.34161698818206787
0.13971799612045288
0.3293060064315796
0.1418820023536682
0.3169940114021301
0.14404700696468353
0.30468299984931946
0.14621199667453766
0.2923719882965088
0.148376002907753
0.2800610065460205
0.15054099261760712
0.26774999499320984
0.15270499885082245
0.25543901324272156
0.15487000346183777
0.2431280016899109
0.16467499732971191
0.23537400364875793
0.17448000609874725
0.22762100398540497
0.1842840015888214
0.21986700594425201
0.19408899545669556
0.21211400628089905
0.2038940042257309
0.2043599933385849
0.21369899809360504
0.19660699367523193
0.2235029935836792
0.18885299563407898
0.23330800235271454
0.181099995970726
0.23338399827480316
0.16859999299049377
0.23345999419689178
0.15610000491142273
0.2335360050201416
0.1436000019311905
0.23361200094223022
0.13110099732875824
0.23368699848651886
0.1186010017991066
0.23376299440860748
0.10610099881887436
0.2338390052318573
0.09360119700431824
0.23391500115394592
0.08110140264034271
0.24631699919700623
0.07953619956970215
0.25871801376342773
0.07797110080718994
0.27112001180648804
0.07640589773654938
0.28352099657058716
0.07484070211648941
0.29592299461364746
0.07327549904584885
0.30832499265670776
0.07171030342578888
0.3207260072231293
0.07014510035514832
0.3331280052661896
0.06857989728450775
0.3455759882926941
0.06744500249624252
0.3580250144004822
0.06631000339984894
0.3704729974269867
0.06517510116100311
0.3829210102558136
0.06404010206460953
0.3953700065612793
0.0629051998257637
0.4078179895877838
0.06177020072937012
0.4202669858932495
0.06063529849052429
0.4327149987220764
0.05950029939413071
0.43623900413513184
0.07149320095777512
0.43976399302482605
0.08348599821329117
0.44328799843788147
0.09547889977693558
0.4468129873275757
0.1074720025062561
0.4503369927406311
0.11946500092744827
0.4538620114326477
0.13145700097084045
0.45738598704338074
0.14345000684261322
0.46091100573539734
0.1554429978132248
0.469978004693985
0.1640480011701584
0.47904500365257263
0.172652006149292
0.4881120026111603
0.1812559962272644
0.4971790015697479
0.189860999584198
0.5062459707260132
0.1984650045633316
0.5153130292892456
0.207069993019104
0.5243809819221497
0.2156739979982376
0.5334479808807373
0.2242790013551712
0.545619010925293
0.22712799906730652
0.5577899813652039
0.22997699677944183
0.5699610114097595
0.23282499611377716
0.5821319818496704
0.23567399382591248
0.5943030118942261
0.23852300643920898
0.606473982334137
0.2413720041513443
0.6186450123786926
0.24422100186347961
0.6308159828186035
0.24706999957561493
0.6431229710578918
0.24925699830055237
0.655430018901825
0.2514449954032898
0.6677370071411133
0.2536320090293884
0.6800439953804016
0.2558189928531647
0.6923519968986511
0.2580069899559021
0.7046589851379395
0.26019400358200073
0.7169659733772278
0.262380987405777
0.7292730212211609
0.2645690143108368
0.7347800135612488
0.2757900059223175
0.7402859926223755
0.2870120108127594
0.7457929849624634
0.2982339859008789
0.7512999773025513
0.309455007314682
0.7568070292472839
0.3206770122051239
0.7623130083084106
0.3318989872932434
0.7678200006484985
0.3431200087070465
0.7733269929885864
0.3543420135974884
0.7872229814529419
0.3560839891433716
0.8011190295219421
0.35782700777053833
0.8150150179862976
0.3595690131187439
0.8289110064506531
0.36131200194358826
