0.699055016040802
0.2872610092163086
0.6919749975204468
0.29756200313568115
0.6848940253257751
0.3078629970550537
0.6778140068054199
0.31816399097442627
0.6707329750061035
0.32846599817276
0.6636530160903931
0.33876699209213257
0.6565719842910767
0.3490679860115051
0.6494920253753662
0.35936999320983887
0.6424109935760498
0.3696709871292114
0.63960200548172
0.3818509876728058
0.636792004108429
0.39403098821640015
0.6339830160140991
0.4062109887599945
0.6311740279197693
0.41839200258255005
0.6283640265464783
0.4305720031261444
0.6255549788475037
0.44275200366973877
0.6227449774742126
0.45493200421333313
0.6199359893798828
0.4671120047569275
0.6210349798202515
0.47956401109695435
0.6221349835395813
0.4920159876346588
0.62323397397995
0.5044670104980469
0.6243330240249634
0.5169190168380737
0.6254330277442932
0.5293700098991394
0.6265320181846619
0.5418220162391663
0.6276310086250305
0.5542730093002319
0.6287299990653992
0.5667250156402588
0.6271160244941711
0.5791199803352356
0.6255009770393372
0.5915150046348572
0.623885989189148
0.6039109826087952
0.6222710013389587
0.6163060069084167
0.6206560134887695
0.6287009716033936
0.6190419793128967
0.6410970091819763
0.6174269914627075
0.6534919738769531
0.6158120036125183
0.6658869981765747
0.6233239769935608
0.6758779883384705
0.6308349967002869
0.6858699917793274
0.6383470296859741
0.6958609819412231
0.6458590030670166
0.7058519721031189
0.6533700227737427
0.7158430218696594
0.6608819961547852
0.7258350253105164
0.6683940291404724
0.7358260154724121
0.6759049892425537
0.7458170056343079
0.68333899974823
0.7558659911155701
0.6907740235328674
0.7659149765968323
0.6982079744338989
0.7759640216827393
0.7056419849395752
0.7860130071640015
0.7130759954452515
0.7960619926452637
0.7205100059509277
0.8061109781265259
0.7279450297355652
0.8161600232124329
0.7353789806365967
0.8262090086936951
0.7447599768638611
0.8344699740409851
0.7541409730911255
0.8427309989929199
0.7635229825973511
0.8509920239448547
0.7729039788246155
0.8592519760131836
0.7822849750518799
0.8675130009651184
0.7916669845581055
0.8757740259170532
0.8010479807853699
0.8840349912643433
0.8104289770126343
0.8922960162162781
0.8220509886741638
0.8968999981880188
0.8336719870567322
0.9015039801597595
0.8452929854393005
0.9061089754104614
0.8569139838218689
0.9107130169868469
0.8685349822044373
0.9153169989585876
0.8801559805870056
0.9199219942092896
0.891776978969574
0.9245259761810303
0.9033979773521423
0.9291309714317322
0.913794994354248
0.9356110095977783
0.9241930246353149
0.9420909881591797
