0.47016599774360657
0.05769120156764984
0.47178399562835693
0.07008609920740128
0.4734010100364685
0.08248099684715271
0.4750179946422577
0.09487590193748474
0.47663599252700806
0.10727100074291229
0.47825300693511963
0.11966600269079208
0.4798699915409088
0.13206100463867188
0.4814879894256592
0.14445599913597107
0.48310500383377075
0.15685099363327026
0.48538199067115784
0.1691409945487976
0.4876599907875061
0.18143199384212494
0.4899370074272156
0.19372299313545227
0.49221399426460266
0.2060140073299408
0.4944919943809509
0.21830500662326813
0.4967690110206604
0.23059499263763428
0.4990459978580475
0.2428860068321228
0.5013239979743958
0.25517699122428894
0.5038650035858154
0.26741600036621094
0.5064070224761963
0.27965500950813293
0.5089489817619324
0.29189398884773254
0.511489987373352
0.30413201451301575
0.5140320062637329
0.31637099385261536
0.5165740251541138
0.32861000299453735
0.5191159844398499
0.34084901213645935
0.5216569900512695
0.35308799147605896
0.5238410234451294
0.36539599299430847
0.5260239839553833
0.377703994512558
0.528207004070282
0.3900110125541687
0.5303909778594971
0.4023190140724182
0.5325739979743958
0.41462698578834534
0.5347570180892944
0.42693498730659485
0.5369409918785095
0.43924298882484436
0.5391240119934082
0.45155099034309387
0.542165994644165
0.46367499232292175
0.5452079772949219
0.47579899430274963
0.5482500195503235
0.4879229962825775
0.5512930154800415
0.5000470280647278
0.5543349981307983
0.5121709704399109
0.5573769807815552
0.5242959856987
0.5604190230369568
0.5364199876785278
0.5634610056877136
0.5485439896583557
0.5672770142555237
0.5604469776153564
0.5710930228233337
0.572350025177002
0.5749099850654602
0.5842540264129639
0.5787259936332703
0.5961570143699646
0.5825420022010803
0.6080600023269653
0.5863590240478516
0.6199629902839661
0.5901749730110168
0.6318659782409668
0.5939909815788269
0.6437699794769287
0.602787971496582
0.6528390049934387
0.6115850210189819
0.661907970905304
0.6203820109367371
0.670976996421814
0.629177987575531
0.6800469756126404
