0.7496200203895569
0.5618879795074463
0.7371349930763245
0.5612720251083374
0.7246500253677368
0.5606549978256226
0.7121649980545044
0.5600389838218689
0.6996809840202332
0.55942302942276
0.6871960163116455
0.5588060021400452
0.6747109889984131
0.5581899881362915
0.6622260212898254
0.5575739741325378
0.649740993976593
0.5569570064544678
0.6372429728507996
0.5567770004272461
0.6247439980506897
0.5565959811210632
0.6122450232505798
0.5564159750938416
0.5997470021247864
0.5562350153923035
0.5872480273246765
0.5560550093650818
0.5747489929199219
0.5558739900588989
0.562250018119812
0.5556939840316772
0.5497519969940186
0.5555130243301392
0.5383890271186829
0.5607230067253113
0.5270270109176636
0.5659329891204834
0.5156639814376831
0.5711429715156555
0.5043020248413086
0.5763530135154724
0.4929389953613281
0.5815629959106445
0.4815770089626312
0.5867720246315002
0.47021400928497314
0.5919820070266724
0.45885199308395386
0.5971919894218445
0.44772499799728394
0.6028890013694763
0.436598002910614
0.608585000038147
0.4254719913005829
0.6142809987068176
0.41434499621391296
0.6199769973754883
0.40321800112724304
0.6256729960441589
0.3920919895172119
0.6313700079917908
0.380964994430542
0.6370660066604614
0.36983799934387207
0.6427620053291321
0.3623639941215515
0.6327430009841919
0.35488998889923096
0.6227239966392517
0.3474160134792328
0.6127039790153503
0.33994099497795105
0.6026849746704102
0.3324669897556305
0.59266597032547
0.3249930143356323
0.5826460123062134
0.31751900911331177
0.5726270079612732
0.3100450038909912
0.562608003616333
0.30400100350379944
0.5516660213470459
0.29795700311660767
0.540723979473114
0.2919130027294159
0.5297819972038269
0.2858699858188629
0.518841028213501
0.27982598543167114
0.5078989863395691
0.27378201484680176
0.496957004070282
0.2677389979362488
0.4860149919986725
0.261694997549057
0.4750730097293854
0.2492379993200302
0.4740299880504608
0.2367819994688034
0.47298601269721985
0.2243259996175766
0.4719429910182953
0.2118690013885498
0.47089898586273193
0.199413001537323
0.46985501050949097
0.1869570016860962
0.4688119888305664
0.1745000034570694
0.46776801347732544
0.1620440036058426
0.4667249917984009
0.16470299661159515
0.45451098680496216
0.1673630028963089
0.4422970116138458
0.17002199590206146
0.4300830066204071
0.1726820021867752
0.4178690016269684
0.17534099519252777
0.40565600991249084
0.17800100147724152
0.3934420049190521
0.18065999448299408
0.3812279999256134
0.18332000076770782
0.3690139949321747
0.18985000252723694
0.3583559989929199
0.19638000428676605
0.347696989774704
0.20291100442409515
0.3370389938354492
0.20944100618362427
0.32638001441955566
0.2159709930419922
0.3157210052013397
0.2225019931793213
0.30506300926208496
0.2290319949388504
0.294404000043869
0.23556199669837952
0.28374600410461426
0.24209299683570862
0.2730869948863983
0.24862299859523773
0.26242899894714355
0.25515300035476685
0.2517699897289276
0.26168400049209595
0.24111199378967285
0.26821398735046387
0.2304529994726181
0.2747440040111542
0.21979400515556335
0.2812750041484833
0.2091359943151474
0.2878049910068512
0.19847699999809265
0.29495200514793396
0.18681299686431885
0.30209800601005554
0.17514899373054504
0.3092449903488159
0.16348500549793243
0.3163909912109375
0.15182000398635864
