0.38679400086402893
0.9560660123825073
0.3799790143966675
0.9455879926681519
0.37316301465034485
0.93510901927948
0.366347998380661
0.9246309995651245
0.3595319986343384
0.9141520261764526
0.35271701216697693
0.9036740064620972
0.3459010124206543
0.8931949734687805
0.33908599615097046
0.8827170133590698
0.332271009683609
0.8722379803657532
0.3197749853134155
0.8725789785385132
0.3072800040245056
0.8729199767112732
0.2947849929332733
0.8732609748840332
0.2822889983654022
0.8736029863357544
0.2697939872741699
0.8739439845085144
0.25729900598526
0.8742849826812744
0.24480299651622772
0.8746259808540344
0.23230800032615662
0.8749669790267944
0.2234400063753128
0.8661569952964783
0.2145719975233078
0.8573480248451233
0.205704003572464
0.8485379815101624
0.19683599472045898
0.8397279977798462
0.18796899914741516
0.8309190273284912
0.17910100519657135
0.8221089839935303
0.17023299634456635
0.8132990002632141
0.16136500239372253
0.8044899702072144
0.16369399428367615
0.7922080159187317
0.16602300107479095
0.7799270153045654
0.16835199296474457
0.7676460146903992
0.17068099975585938
0.7553650140762329
0.17301000654697418
0.7430840134620667
0.1753389984369278
0.7308030128479004
0.1776690036058426
0.7185220122337341
0.1799979954957962
0.7062410116195679
0.18821200728416443
0.696819007396698
0.19642600417137146
0.6873959898948669
0.2046400010585785
0.6779739856719971
0.21285399794578552
0.6685519814491272
0.22106899321079254
0.6591299772262573
0.22928300499916077
0.6497079730033875
0.2374970018863678
0.6402860283851624
0.24571099877357483
0.6308640241622925
0.24078500270843506
0.6193749904632568
0.2358579933643341
0.6078870296478271
0.23093199729919434
0.5963990092277527
0.22600500285625458
0.5849109888076782
0.22107799351215363
0.5734220147132874
0.21615199744701385
0.5619339942932129
0.2112250030040741
0.5504459738731384
0.20629900693893433
0.5389580130577087
0.2056419998407364
0.5264750123023987
0.20498600602149963
0.5139920115470886
0.2043289989233017
0.5015100240707397
0.20367300510406494
0.4890269935131073
0.203015998005867
0.47654399275779724
0.20236000418663025
0.4640609920024872
0.2017029970884323
0.4515790045261383
0.20104700326919556
0.43909600377082825
0.1885489970445633
0.43888700008392334
0.17605000734329224
0.43867799639701843
0.16355200111865997
0.4384689927101135
0.1510539948940277
0.4382590055465698
0.13855600357055664
0.4380500018596649
0.1260569989681244
0.43784099817276
0.11355900019407272
0.4376319944858551
0.10106100142002106
0.4374229907989502
0.09964869916439056
0.4250029921531677
0.09823650121688843
0.41258299350738525
0.09682440012693405
0.4001629948616028
0.09541220217943192
0.3877429962158203
0.09400010108947754
0.37532299757003784
0.0925879031419754
0.36290299892425537
0.09117569774389267
0.3504830002784729
0.0897635966539383
0.33806300163269043
0.10109099745750427
0.3327769935131073
0.11241800338029861
0.32749098539352417
0.12374500185251236
0.32220399379730225
0.1350719928741455
0.3169179856777191
0.14639900624752045
0.3116320073604584
0.15772700309753418
0.30634498596191406
0.16905400156974792
0.3010590076446533
0.18038100004196167
0.2957729995250702
0.17644399404525757
0.28390899300575256
0.17250700294971466
0.27204498648643494
0.16856899857521057
0.2601819932460785
0.16463199257850647
0.24831800162792206
0.16069500148296356
0.23645399510860443
0.15675799548625946
0.224590003490448
0.15282100439071655
0.21272699534893036
0.14888300001621246
0.20086300373077393
0.14351999759674072
0.18957200646400452
0.138155996799469
0.1782809942960739
0.13279299437999725
0.1669899970293045
0.12742899358272552
0.1556989997625351
0.12206599861383438
0.14440900087356567
0.11670199781656265
0.13311800360679626
0.11133900284767151
0.12182699888944626
0.10597500205039978
0.11053600162267685
0.11725900322198868
0.10515700280666351
0.1285420060157776
0.09977740049362183
0.1398250013589859
0.09439799934625626
0.1511079967021942
0.08901859819889069
0.1623920053243637
0.08363919705152512
0.17367500066757202
0.07825980335474014
0.18495799601078033
0.07288040220737457
0.19624100625514984
0.067501001060009
0.2061610072851181
0.07510650157928467
0.21608099341392517
0.0827120989561081
0.22600099444389343
0.09031769633293152
0.2359209954738617
0.09792330116033554
0.24584099650382996
0.10552900284528732
0.2557609975337982
0.11313500255346298
0.2656809985637665
0.12073999643325806
0.27560099959373474
0.12834599614143372
0.28488999605178833
0.11998099833726883
0.2941789925098419
0.11161600053310394
0.3034679889678955
0.10325200110673904
0.3127560019493103
0.09488719701766968
0.3220449984073639
0.08652260154485703
0.3313339948654175
0.07815799862146378
0.34062299132347107
0.06979340314865112
0.34991198778152466
0.061428800225257874
0.36204099655151367
0.05840729922056198
0.3741709887981415
0.05538589879870415
0.3862999975681305
0.052364498376846313
0.3984290063381195
0.04934300109744072
0.4105589985847473
0.046321600675582886
0.42268800735473633
0.04330020025372505
0.43481698632240295
0.04027869924902916
0.44694700837135315
0.037257298827171326
0.4506799876689911
0.04918679967522621
0.4544129967689514
0.061116401106119156
0.45814600586891174
0.07304590195417404
0.4618789851665497
0.08497539907693863
0.46561199426651
0.09690500050783157
0.46934500336647034
0.10883499681949615
0.47307801246643066
0.12076400220394135
0.4768120050430298
0.13269400596618652
0.48322001099586487
0.14342600107192993
0.48962798714637756
0.15415799617767334
0.49603700637817383
0.16489100456237793
0.5024449825286865
0.17562299966812134
0.5088539719581604
0.18635499477386475
0.5152620077133179
0.19708700478076935
0.5216699838638306
0.20781999826431274
0.5280789732933044
0.21855199337005615
0.5386090278625488
0.2252880036830902
0.5491390228271484
0.23202300071716309
0.559669017791748
0.23875899612903595
0.5701990127563477
0.24549399316310883
0.5807290077209473
0.2522299885749817
0.5912590026855469
0.25896498560905457
0.6017889976501465
0.2657009959220886
0.6123189926147461
0.2724370062351227
0.6217899918556213
0.28059500455856323
0.6312609910964966
0.2887530028820038
0.6407309770584106
0.29691100120544434
0.6502019762992859
0.3050689995288849
0.6596729755401611
0.31322699785232544
0.6691439747810364
0.321384996175766
0.6786140203475952
0.3295440077781677
0.6880850195884705
0.3377020061016083
0.6951910257339478
0.3274179995059967
0.7022960186004639
0.31713399291038513
0.7094020247459412
0.30684998631477356
0.7165079712867737
0.2965660095214844
0.7236130237579346
0.2862820029258728
0.7307189702987671
0.27599799633026123
0.737824022769928
0.26571398973464966
0.7449300289154053
0.2554300129413605
0.7559869885444641
0.24959899485111237
0.7670440077781677
0.24376900494098663
0.7781010270118713
0.2379390001296997
0.7891579866409302
0.2321079969406128
0.8002150058746338
0.22627800703048706
0.8112720251083374
0.22044800221920013
0.8223289847373962
0.21461699903011322
0.8333860039710999
0.2087869942188263
0.8432769775390625
0.2011439949274063
0.8531680107116699
0.19350099563598633
0.8630599975585938
0.18585899472236633
0.8729509711265564
0.17821599543094635
0.8828420042991638
0.17057299613952637
0.8927339911460876
0.16292999684810638
0.9026250243186951
0.1552869975566864
0.9125159978866577
0.1476449966430664
0.917913019657135
0.1351429969072342
0.9233109951019287
0.12264200299978256
0.928708016872406
0.11014100164175034
0.9341049790382385
0.09763909876346588
0.9395020008087158
0.08513770252466202
