0.22949300706386566
0.20872899889945984
0.24040399491786957
0.2148289978504181
0.25131499767303467
0.22092899680137634
0.2622250020503998
0.2270289957523346
0.2731359899044037
0.23312899470329285
0.28404700756073
0.2392279952764511
0.2949570119380951
0.24532799422740936
0.305867999792099
0.2514280080795288
0.3167780041694641
0.25752800703048706
0.31125399470329285
0.26874101161956787
0.3057290017604828
0.2799539864063263
0.3002049922943115
0.2911669909954071
0.29467999935150146
0.3023799955844879
0.2891559898853302
0.3135930001735687
0.28363099694252014
0.32480499148368835
0.2781069874763489
0.33601799607276917
0.2725819945335388
0.34723100066185
0.2725279927253723
0.3598639965057373
0.272473007440567
0.37249600887298584
0.27241799235343933
0.38512900471687317
