0.3298879861831665
0.42769500613212585
0.3206849992275238
0.4192369878292084
0.3114809989929199
0.4107789993286133
0.30227699875831604
0.4023210108280182
0.29307401180267334
0.3938620090484619
0.28387001156806946
0.38540399074554443
0.2746660113334656
0.37694600224494934
0.2654629945755005
0.36848700046539307
0.2562589943408966
0.360029011964798
0.2516779899597168
0.34839901328086853
0.24709700047969818
0.3367690145969391
0.24251599609851837
0.32513800263404846
0.23793500661849976
0.313508003950119
0.23335400223731995
0.3018780052661896
0.22877199947834015
0.29024699330329895
0.22419099509716034
0.2786169946193695
0.21961000561714172
0.26698699593544006
0.22942900657653809
0.2592509984970093
0.23924799263477325
0.2515160143375397
0.24906699359416962
0.2437800019979477
0.2588860094547272
0.2360440045595169
0.26870399713516235
0.2283090054988861
0.2785229980945587
0.22057299315929413
0.2883419990539551
0.21283699572086334
0.29816100001335144
0.20510199666023254
0.3103489875793457
0.2023250013589859
0.32253599166870117
0.19954800605773926
0.3347240090370178
0.1967719942331314
0.3469119966030121
0.19399499893188477
0.35910001397132874
0.19121800363063812
0.3712869882583618
0.18844200670719147
0.38347500562667847
0.18566499650478363
0.39566299319267273
0.182888001203537
0.3980979919433594
0.17062799632549286
0.400532990694046
0.15836699306964874
0.40296798944473267
0.1461070030927658
0.4054029881954193
0.1338459998369217
0.40783798694610596
0.12158600240945816
0.4102729856967926
0.10932499915361404
0.41270801424980164
0.09706459939479828
0.4151430130004883
0.08480410277843475
0.42696699500083923
0.08017779886722565
0.4387910068035126
0.07555139809846878
0.4506160020828247
0.07092510163784027
0.46244001388549805
0.0662987008690834
0.474263995885849
0.06167230010032654
