0.39706501364707947
0.16141700744628906
0.40680599212646484
0.15358300507068634
0.4165459871292114
0.14574900269508362
0.4262860119342804
0.1379150003194809
0.43602699041366577
0.13008099794387817
0.44576698541641235
0.12224700301885605
0.4555079936981201
0.11441200226545334
0.4652479887008667
0.10657799988985062
0.47498899698257446
0.09874419867992401
0.4832409918308258
0.10813300311565399
0.49149399995803833
0.1175210028886795
0.49974700808525085
0.12690900266170502
0.5080000162124634
0.13629700243473053
0.5162529945373535
0.14568600058555603
0.5245059728622437
0.15507400035858154
0.5327590107917786
0.16446200013160706
0.5410109758377075
0.17385099828243256
0.5534989833831787
0.1732950061559677
0.5659869909286499
0.17273899912834167
0.5784739851951599
0.17218300700187683
0.5909619927406311
0.1716269999742508
0.6034500002861023
0.17107099294662476
0.6159369945526123
0.1705150008201599
0.6284250020980835
0.16995899379253387
0.6409119963645935
0.16940300166606903
0.6528289914131165
0.17317700386047363
0.6647459864616394
0.17695100605487823
0.6766629815101624
0.18072499334812164
0.6885790228843689
0.18449899554252625
0.7004960179328918
0.18827299773693085
0.7124130129814148
0.19204699993133545
0.7243289947509766
0.19582100212574005
0.7362459897994995
0.19959500432014465
0.7446579933166504
0.19034899771213531
0.7530710101127625
0.18110400438308716
0.7614830136299133
0.17185799777507782
0.7698959708213806
0.16261300444602966
0.7783089876174927
0.15336699783802032
0.7867209911346436
0.14412200450897217
0.7951340079307556
0.13487599790096283
0.8035460114479065
0.12563100457191467
0.8082969784736633
0.1371929943561554
0.8130480051040649
0.1487549990415573
0.8177989721298218
0.16031700372695923
0.8225499987602234
0.17187799513339996
0.827301025390625
0.18343999981880188
0.8320519924163818
0.1950020045042038
0.8368030190467834
0.20656399428844452
0.8415539860725403
0.21812599897384644
0.8527669906616211
0.21590599417686462
0.8639799952507019
0.213686004281044
0.8751940131187439
0.2114659994840622
