0.22633500397205353
0.20946399867534637
0.23855699598789215
0.21208299696445465
0.25077998638153076
0.21470299363136292
0.2630020081996918
0.21732200682163239
0.2752250134944916
0.21994200348854065
0.2874470055103302
0.22256100177764893
0.29967001080513
0.2251809984445572
0.31189200282096863
0.22779999673366547
0.32411399483680725
0.23041999340057373
0.32691898941993713
0.24260100722312927
0.3297230005264282
0.2547819912433624
0.3325270116329193
0.26696398854255676
0.335330992937088
0.2791450023651123
0.3381359875202179
0.29132699966430664
0.340939998626709
0.3035080134868622
0.3437440097332001
0.31568899750709534
0.34654900431632996
0.3278709948062897
0.3557339906692505
0.3363490104675293
0.3649190068244934
0.34482699632644653
0.3741050064563751
0.35330501198768616
0.38328999280929565
0.3617829978466034
0.39247599244117737
0.370261013507843
0.4016610085964203
0.37873899936676025
0.4108459949493408
0.3872169852256775
0.42003199458122253
0.3956950008869171
0.42087501287460327
0.4081670045852661
0.4217190146446228
0.42063799500465393
0.42256298661231995
0.43310999870300293
0.4234060049057007
0.44558098912239075
0.4242500066757202
0.45805299282073975
0.42509299516677856
0.47052401304244995
0.4259369969367981
0.48299598693847656
0.42677998542785645
0.49546700716018677
0.4263780117034912
0.5079609751701355
0.4259749948978424
0.5204539895057678
0.425572007894516
0.5329480171203613
0.4251689910888672
0.5454419851303101
0.42476698756217957
0.5579349994659424
0.42436400055885315
0.5704290270805359
0.42396101355552673
0.5829219818115234
0.42355799674987793
0.5954160094261169
0.422230988740921
0.6078450083732605
0.4209029972553253
0.620274007320404
0.4195750057697296
0.6327030062675476
0.4182479977607727
0.6451330184936523
0.416920006275177
0.6575620174407959
0.4155920147895813
0.6699910163879395
0.4142650067806244
0.6824210286140442
0.4129369854927063
0.6948500275611877
