0.20280100405216217
0.7430989742279053
0.21107199788093567
0.733726978302002
0.21934400498867035
0.7243549823760986
0.22761499881744385
0.7149829864501953
0.23588599264621735
0.705610990524292
0.24415799975395203
0.6962389945983887
0.2524290084838867
0.6868669986724854
0.2607010006904602
0.677495002746582
0.2689720094203949
0.6681230068206787
0.28015801310539246
0.6737030148506165
0.29134300351142883
0.6792830228805542
0.3025279939174652
0.6848629713058472
0.31371399760246277
0.6904429793357849
0.32489898800849915
0.6960229873657227
0.3360849916934967
0.7016019821166992
0.34727001190185547
0.707181990146637
0.35845598578453064
0.7127619981765747
0.368925005197525
0.7059329748153687
0.3793950080871582
0.6991040110588074
0.3898639976978302
0.6922739744186401
0.4003340005874634
0.6854450106620789
0.4108029901981354
0.6786159873008728
0.42127299308776855
0.6717860102653503
0.43174201250076294
0.6649569869041443
0.44221198558807373
0.658128023147583
0.4432219862937927
0.6705870032310486
0.4442310035228729
0.6830459833145142
0.4452410042285919
0.6955050230026245
0.4462510049343109
0.7079640030860901
0.4472599923610687
0.7204229831695557
0.4482699930667877
0.7328829765319824
0.4492799937725067
0.7453420162200928
0.4502890110015869
0.7578009963035583
0.44918501377105713
0.770251989364624
0.44808098673820496
0.7827029824256897
0.44697698950767517
0.7951539754867554
0.4458729922771454
0.8076050281524658
0.4447689950466156
0.8200569748878479
0.4436649978160858
0.8325080275535583
0.44256100058555603
0.844959020614624
0.44145700335502625
0.8574100136756897
0.4289110004901886
0.8625860214233398
0.41636601090431213
0.8677629828453064
0.4038200080394745
0.8729389905929565
0.39127498865127563
0.8781149983406067
0.37872999906539917
0.883292019367218
0.3661839962005615
0.8884680271148682
