0.8135309815406799
0.2520869970321655
0.8101159930229187
0.2641119956970215
0.8067020177841187
0.27613601088523865
0.8032870292663574
0.2881610095500946
0.7998719811439514
0.30018600821495056
0.7964580059051514
0.31220999360084534
0.7930430173873901
0.3242349922657013
0.7896289825439453
0.33625900745391846
0.7862139940261841
0.3482840061187744
0.7820510268211365
0.36006999015808105
0.7778880000114441
0.3718569874763489
0.7737259864807129
0.3836430013179779
0.7695630192756653
0.3954299986362457
0.7653999924659729
0.40721601247787476
0.7612370252609253
0.4190019965171814
0.7570739984512329
0.4307889938354492
0.7529109716415405
0.44257500767707825
0.7479029893875122
0.45402801036834717
0.7428950071334839
0.4654810130596161
0.7378870248794556
0.4769339859485626
0.7328799962997437
0.48838698863983154
0.7278720140457153
0.49983999133110046
0.7228639721870422
0.5112929940223694
0.7178559899330139
0.5227460265159607
0.7128480076789856
0.5342000126838684
0.7036219835281372
0.5426329970359802
0.6943960189819336
0.5510669946670532
0.6851699948310852
0.5595009922981262
0.6759439706802368
0.5679349899291992
0.6667180061340332
0.576367974281311
0.6574910283088684
0.584801971912384
0.64826500415802
0.5932360291481018
0.6390389800071716
0.6016700267791748
0.6285359859466553
0.6084470152854919
0.6180329918861389
0.6152250170707703
0.6075299978256226
0.6220030188560486
0.5970270037651062
0.6287800073623657
0.5865240097045898
0.635558009147644
0.5760210156440735
0.6423360109329224
0.5655180215835571
0.6491140127182007
0.5550150275230408
0.6558910012245178
0.5441979765892029
0.6621549725532532
0.5333799719810486
0.6684179902076721
0.5225620269775391
0.6746810078620911
0.5117449760437012
0.68094402551651
0.5009269714355469
0.6872069835662842
0.49010899662971497
0.6934710144996643
0.47929200530052185
0.6997339725494385
0.46847400069236755
0.7059969902038574
0.4564700126647949
0.7094849944114685
0.4444670081138611
0.7129719853401184
0.43246299028396606
0.7164599895477295
0.42045900225639343
0.7199469804763794
0.4084559977054596
0.7234349846839905
0.39645200967788696
0.7269219756126404
0.38444799184799194
0.7304099798202515
0.3724449872970581
0.7338969707489014
0.36756598949432373
0.7223889827728271
0.36268699169158936
0.7108799815177917
0.357807993888855
0.6993719935417175
0.3529289960861206
0.6878629922866821
0.34804999828338623
0.6763550043106079
0.34317100048065186
0.6648460030555725
0.3382929861545563
0.6533380150794983
0.3334139883518219
0.6418290138244629
0.32100799679756165
0.6433650255203247
0.3086029887199402
0.6449009776115417
0.2961980104446411
0.6464369893074036
0.28379300236701965
0.6479730010032654
0.2713870108127594
0.6495100259780884
0.25898200273513794
0.6510459780693054
0.24657699465751648
0.6525819897651672
0.2341720014810562
0.654118001461029
0.23602500557899475
0.6410470008850098
0.2378779947757721
0.6279770135879517
