0.5256149768829346
0.4992919862270355
0.5278220176696777
0.5115950107574463
0.5300300121307373
0.5238990187644958
0.5322380065917969
0.5362020134925842
0.5344460010528564
0.5485060214996338
0.536653995513916
0.5608090162277222
0.5388619899749756
0.5731130242347717
0.5410699844360352
0.5854160189628601
0.5432779788970947
0.5977200269699097
0.5556309819221497
0.6004639863967896
0.5679839849472046
0.6032090187072754
0.5803369879722595
0.6059529781341553
0.5926899909973145
0.6086969971656799
0.6050429940223694
0.6114420294761658
0.6173970103263855
0.6141859889030457
