0.3756450116634369
0.1967020034790039
0.3874010145664215
0.192453995347023
0.39915698766708374
0.1882060021162033
0.41091299057006836
0.1839579939842224
0.422668993473053
0.1797100007534027
0.4344249963760376
0.17546199262142181
0.4461809992790222
0.17121300101280212
0.45793700218200684
0.16696499288082123
0.46969300508499146
0.16271699965000153
0.47529301047325134
0.173893004655838
0.48089200258255005
0.18506799638271332
0.48649200797080994
0.19624300301074982
0.4920920133590698
0.2074189931154251
0.4976919889450073
0.2185939997434616
0.5032920241355896
0.2297700047492981
0.5088919997215271
0.2409449964761734
0.5144919753074646
0.2521210014820099
0.5211139917373657
0.262721985578537
0.527737021446228
0.27332401275634766
0.5343589782714844
0.28392601013183594
0.5409809947013855
0.29452699422836304
0.5476030111312866
0.3051289916038513
0.5542259812355042
0.3157309889793396
0.5608479976654053
0.3263329863548279
0.5674700140953064
0.33693400025367737
0.5737590193748474
0.34773701429367065
0.5800480246543884
0.35853999853134155
0.5863369703292847
0.36934199929237366
0.5926259756088257
0.38014501333236694
0.5989149808883667
0.39094799757003784
0.6052039861679077
0.40174999833106995
0.6114929914474487
0.41255301237106323
0.6177819967269897
0.42335599660873413
0.6253610253334045
0.43329599499702454
0.6329399943351746
0.4432370066642761
0.6405190229415894
0.45317700505256653
0.6480969786643982
0.4631179869174957
0.655676007270813
0.47305798530578613
0.663254976272583
0.4829980134963989
0.6708340048789978
0.4929389953613281
0.6784129738807678
0.5028790235519409
0.6872159838676453
0.5117539763450623
0.6960189938545227
0.5206279754638672
0.7048220038414001
0.5295019745826721
0.7136250138282776
0.5383769869804382
0.722428023815155
0.5472509860992432
0.7312319874763489
0.5561249852180481
0.7400349974632263
0.5649999976158142
0.7488380074501038
0.5738739967346191
0.7579079866409302
0.5824750065803528
0.7669789791107178
0.5910760164260864
0.776049017906189
0.5996770262718201
0.7851200103759766
0.6082779765129089
0.794189989566803
0.6168789863586426
0.8032609820365906
0.6254799962043762
0.8123310208320618
0.6340810060501099
0.8214010000228882
0.6426820158958435
0.8235679864883423
0.6549929976463318
0.8257349729537964
0.6673039793968201
0.8279020190238953
0.6796140074729919
0.8300679922103882
0.6919249892234802
0.8322349786758423
0.7042359709739685
0.8344020247459412
0.7165470123291016
0.8365679979324341
0.7288569808006287
0.8387349843978882
0.7411680221557617
0.8379009962081909
0.7536399960517883
0.8370670080184937
0.7661129832267761
0.8362330198287964
0.7785850167274475
0.8353989720344543
0.7910569906234741
0.8345649838447571
0.8035290241241455
0.8337309956550598
0.8160009980201721
0.8328970074653625
0.8284729719161987
0.8320620059967041
0.8409450054168701
0.8256959915161133
0.8451319932937622
