0.2333420068025589
0.19093699753284454
0.24559499323368073
0.19341200590133667
0.25784701108932495
0.19588600099086761
0.2700999975204468
0.19836099445819855
0.2823520004749298
0.20083600282669067
0.29460498690605164
0.2033109962940216
0.30685698986053467
0.20578600466251373
0.3191100060939789
0.20825999975204468
0.3313629925251007
0.2107349932193756
0.32917898893356323
0.22304299473762512
0.32699498534202576
0.23535099625587463
0.32481101155281067
0.24765799939632416
0.3226270079612732
0.2599659860134125
0.3204439878463745
0.272273987531662
0.3182600140571594
0.2845819890499115
0.31607601046562195
0.296889990568161
0.3138920068740845
0.30919700860977173
0.3055169880390167
0.29982298612594604
0.29714199900627136
0.29045000672340393
0.2887659966945648
0.28107601404190063
0.28039100766181946
0.27170199155807495
