0.3551119863986969
0.9374470114707947
0.34921199083328247
0.9264270067214966
0.34331101179122925
0.9154080152511597
0.33741000294685364
0.9043880105018616
0.331508994102478
0.8933690190315247
0.3256079852581024
0.8823490142822266
0.3197070062160492
0.8713300228118896
0.3138059973716736
0.8603100180625916
0.307904988527298
0.8492910265922546
0.3021929860115051
0.8381720185279846
0.29648199677467346
0.8270530104637146
0.2907699942588806
0.8159340023994446
0.28505900502204895
0.8048160076141357
0.2793470025062561
0.7936969995498657
0.27363601326942444
0.7825779914855957
0.2679240107536316
0.7714589834213257
0.26221299171447754
0.7603399753570557
0.26193198561668396
0.7478430271148682
0.26165100932121277
0.7353469729423523
0.2613700032234192
0.7228500247001648
0.2610900104045868
0.7103530168533325
0.2608090043067932
0.6978560090065002
0.26052799820899963
0.685359001159668
0.26024699211120605
0.6728619933128357
0.2599659860134125
0.6603649854660034
0.26652899384498596
0.6497269868850708
0.27309200167655945
0.639087975025177
0.27965500950813293
0.6284499764442444
0.28621700406074524
0.6178110241889954
0.2927800118923187
0.6071720123291016
0.2993429899215698
0.596534013748169
0.3059059977531433
0.5858950018882751
0.3124679923057556
0.5752559900283813
0.30431100726127625
0.5657849907875061
0.2961530089378357
0.5563139915466309
0.28799599409103394
0.5468419790267944
0.2798379957675934
0.5373709797859192
0.271681010723114
0.527899980545044
0.26352399587631226
0.5184289813041687
0.2553659975528717
0.508957028388977
0.24720899760723114
0.4994859993457794
0.2452930063009262
0.48713400959968567
0.24337700009346008
0.47478100657463074
0.24146099388599396
0.4624289870262146
0.23954500257968903
0.45007699728012085
0.2376289963722229
0.4377239942550659
0.23571400344371796
0.42537200450897217
0.23379799723625183
0.4130200147628784
0.2318820059299469
0.4006670117378235
0.22809499502182007
0.3887549936771393
0.22430799901485443
0.3768419921398163
0.22052200138568878
0.36493000388145447
0.21673500537872314
0.35301700234413147
0.2129479944705963
0.34110400080680847
0.20916099846363068
0.32919201254844666
0.20537400245666504
0.31727901101112366
0.2015880048274994
0.30536699295043945
0.2037999927997589
0.2930639982223511
0.20601299405097961
0.2807610034942627
0.20822499692440033
0.2684589922428131
0.21043799817562103
0.25615599751472473
0.21265000104904175
0.24385300278663635
0.21486300230026245
0.23155100643634796
0.21707500517368317
0.2192479968070984
0.21928800642490387
0.20694500207901
0.2309969961643219
0.21131999790668488
0.2427069991827011
0.21569399535655975
0.25441598892211914
0.22006799280643463
0.26612600684165955
0.2244430035352707
0.27783599495887756
0.22881700098514557
0.2895449995994568
0.23319199681282043
0.3012549877166748
0.2375659942626953
0.31296399235725403
0.24194000661373138
0.32468700408935547
0.2463189959526062
