0.654295027256012
0.3950369954109192
0.6638280153274536
0.40312299132347107
0.6733599901199341
0.41120898723602295
0.6828929781913757
0.41929399967193604
0.6924260258674622
0.4273799955844879
0.7019590139389038
0.4354659914970398
0.7114909887313843
0.4435510039329529
0.7210239768028259
0.45163699984550476
0.7305570244789124
0.45972201228141785
0.7385349869728088
0.46934500336647034
0.7465140223503113
0.47896701097488403
0.754492998123169
0.48858898878097534
0.7624719738960266
0.4982120096683502
0.770451009273529
0.5078340172767639
0.7784299850463867
0.5174559950828552
0.786408007144928
0.5270779728889465
0.7943869829177856
0.5367010235786438
0.7983980178833008
0.5485399961471558
0.8024089932441711
0.5603790283203125
0.8064200282096863
0.5722180008888245
0.8104299902915955
0.5840569734573364
0.8144410252571106
0.5958960056304932
0.818452000617981
0.6077349781990051
0.8224629759788513
0.6195740103721619
0.8264740109443665
0.6314129829406738
0.8288189768791199
0.6436910033226013
0.8311640024185181
0.6559690237045288
0.8335090279579163
0.6682469844818115
0.8358539938926697
0.680525004863739
0.8381990194320679
0.6928039789199829
0.8405439853668213
0.7050819993019104
0.8428900241851807
0.7173600196838379
0.8452349901199341
0.7296379804611206
0.8461120128631592
0.7421069741249084
0.8469889760017395
0.7545760273933411
0.8478659987449646
0.7670450210571289
0.8487439751625061
0.7795140147209167
0.8496209979057312
0.7919840216636658
0.8504980206489563
0.8044530153274536
0.8513749837875366
0.8169220089912415
0.8522530198097229
0.8293910026550293
0.8528860211372375
0.8402280211448669
0.8535199761390686
0.8510640263557434
0.8541539907455444
0.8618999719619751
