0.2804880142211914
0.34266799688339233
0.279664009809494
0.35514000058174133
0.27883899211883545
0.3676129877567291
0.27801498770713806
0.3800860047340393
0.27719101309776306
0.3925589919090271
0.2763659954071045
0.4050320088863373
0.2755419909954071
0.4175040125846863
0.2747179865837097
0.4299769997596741
0.27389299869537354
0.44244998693466187
0.26343899965286255
0.44930300116539
0.25298601388931274
0.45615699887275696
0.24253199994564056
0.4630100131034851
0.23207800090312958
0.46986299753189087
0.2216240018606186
0.4767169952392578
0.2111710011959076
0.48357000946998596
0.2007170021533966
0.4904240071773529
0.19026300311088562
0.49727699160575867
