0.465162992477417
0.0941556990146637
0.4687120020389557
0.10614100098609924
0.4722599983215332
0.1181270033121109
0.4758079946041107
0.13011300563812256
0.4793570041656494
0.14209899306297302
0.48290500044822693
0.15408499538898468
0.4864540100097656
0.16606999933719635
0.49000200629234314
0.178056001663208
0.49355000257492065
0.19004200398921967
0.49852100014686584
0.20151099562644958
0.503491997718811
0.2129800021648407
0.5084630250930786
0.22444899380207062
0.5134339928627014
0.23591800034046173
0.5184040069580078
0.24738800525665283
0.5233749747276306
0.25885701179504395
0.5283460021018982
0.27032598853111267
0.5333170294761658
0.2817949950695038
0.5378999710083008
0.29342401027679443
0.5424829721450806
0.3050540089607239
0.5470669865608215
0.31668299436569214
0.5516499876976013
0.3283129930496216
0.5562329888343811
0.33994200825691223
0.5608159899711609
0.3515720069408417
0.5653989911079407
0.36320099234580994
0.5699830055236816
0.3748309910297394
0.5751199722290039
0.38622599840164185
0.580256998538971
0.3976219892501831
0.5853949785232544
0.40901699662208557
0.5905320048332214
0.42041200399398804
0.5956699848175049
0.4318079948425293
0.6008070111274719
0.44320300221443176
0.6059449911117554
0.454598993062973
0.6110820174217224
0.4659940004348755
0.6149399876594543
0.4778839945793152
0.6187970042228699
0.4897739887237549
0.6226549744606018
0.5016639828681946
0.6265130043029785
0.5135539770126343
0.630370020866394
0.525443971157074
0.634227991104126
0.5373330116271973
0.6380860209465027
0.549223005771637
0.6419429779052734
0.5611129999160767
0.6522229909896851
0.5527030229568481
0.6625019907951355
0.5442929863929749
0.6727820038795471
0.5358840227127075
0.6830610036849976
0.5274739861488342
0.6933410167694092
0.5190640091896057
0.7036200165748596
0.5106539726257324
