0.5968790054321289
0.3945379853248596
0.5854330062866211
0.3995630145072937
0.5739880204200745
0.4045880138874054
0.5625420212745667
0.4096130132675171
0.5510969758033752
0.4146380126476288
0.5396509766578674
0.4196630120277405
0.5282059907913208
0.4246880114078522
0.516759991645813
0.42971301078796387
0.5053150057792664
0.43473801016807556
0.494594007730484
0.4411650002002716
0.4838719964027405
0.44759100675582886
0.47315099835395813
0.4540179967880249
0.4624289870262146
0.46044498682022095
0.45170798897743225
0.4668709933757782
0.4409869909286499
0.47329801321029663
0.43026500940322876
0.4797250032424927
0.4195440113544464
0.4861510097980499
0.40709200501441956
0.4850490093231201
0.3946410119533539
0.4839470088481903
0.3821899890899658
0.4828439950942993
0.36973899602890015
0.4817419946193695
0.3572869896888733
0.4806399941444397
0.3448359966278076
0.4795370101928711
0.33238500356674194
0.4784350097179413
0.3199329972267151
0.4773330092430115
0.31237998604774475
0.48729199171066284
0.3048259913921356
0.4972519874572754
0.29727301001548767
0.5072119832038879
0.28971898555755615
0.5171710252761841
0.2821660041809082
0.5271310210227966
0.2746120095252991
0.5370910167694092
0.26705899834632874
0.5470499992370605
0.2595050036907196
0.5570099949836731
0.2692579925060272
0.5488240122795105
