0.30275800824165344
0.16649900376796722
0.31481799483299255
0.16321200132369995
0.32687801122665405
0.15992499887943268
0.33893799781799316
0.1566379964351654
0.35099801421165466
0.15335099399089813
0.3630580008029938
0.15006400644779205
0.3751179873943329
0.1467760056257248
0.3871780037879944
0.14348900318145752
0.3992379903793335
0.14020200073719025
0.40794599056243896
0.13123400509357452
0.41665399074554443
0.12226700037717819
0.4253619909286499
0.11329899728298187
0.43406999111175537
0.10433100163936615
0.44277799129486084
0.09536310285329819
0.4514859914779663
0.08639530092477798
0.4601939916610718
0.07742749899625778
0.46890199184417725
0.06845960021018982
0.47434699535369873
0.07971130311489105
0.4797919988632202
0.09096299856901169
0.4852370023727417
0.1022149994969368
0.4906820058822632
0.11346600204706192
0.49612700939178467
0.12471800297498703
0.5015730261802673
0.13596999645233154
0.5070180296897888
0.14722199738025665
0.5124629735946655
0.15847299993038177
0.523078978061676
0.1650719940662384
0.5336959958076477
0.17167100310325623
0.5443120002746582
0.17826899886131287
0.5549280047416687
0.1848679929971695
0.5655450224876404
0.19146700203418732
0.5761610269546509
0.19806599617004395
0.5867769718170166
0.20466400682926178
0.5973939895629883
0.2112630009651184
0.6087300181388855
0.2165299952030182
0.6200659871101379
0.22179600596427917
0.6314030289649963
0.22706300020217896
0.6427389979362488
0.23232999444007874
0.654075026512146
0.23759600520133972
0.6654120087623596
0.2428629994392395
0.6767479777336121
0.24812999367713928
0.6880840063095093
0.25339600443840027
0.7003139853477478
0.2508090138435364
0.7125430107116699
0.2482219934463501
0.7247719764709473
0.2456350028514862
0.7370020151138306
0.24304799735546112
0.7492309808731079
0.24046100676059723
0.76146000623703
0.23787300288677216
0.7736899852752686
0.23528599739074707
0.7859190106391907
0.23269900679588318
0.7983660101890564
0.23155300319194794
0.8108140230178833
0.2304069995880127
0.823261022567749
0.22926099598407745
0.8357080221176147
0.2281150072813034
0.8481559753417969
0.22696900367736816
0.8606029748916626
0.22582300007343292
0.8730509877204895
0.22467699646949768
0.8854979872703552
0.22353099286556244
0.8987039923667908
0.21876299381256104
0.9119099974632263
0.21399399638175964
0.9251160025596619
0.20922599732875824
0.9383209943771362
0.20445799827575684
