0.12415800243616104
0.22890500724315643
0.12567099928855896
0.24131299555301666
0.1271830052137375
0.2537209987640381
0.1286959946155548
0.2661300003528595
0.13020899891853333
0.2785379886627197
0.13172100484371185
0.29094600677490234
0.13323399424552917
0.3033539950847626
0.1347469985485077
0.3157620131969452
0.13625900447368622
0.3281700015068054
0.14397700130939484
0.338003009557724
0.15169499814510345
0.3478359878063202
0.15941199660301208
0.35766899585723877
0.1671299934387207
0.36750200390815735
0.17484800517559052
0.3773350119590759
0.18256500363349915
0.3871679902076721
0.19028300046920776
0.3970009982585907
0.19800099730491638
0.4068340063095093
0.2073799967765808
0.4150969982147217
0.21675899624824524
0.42336100339889526
0.22613799571990967
0.43162399530410767
0.23551799356937408
0.43988698720932007
0.2448969930410385
0.44815000891685486
0.25427600741386414
0.45641300082206726
0.26365500688552856
0.46467599272727966
0.2730349898338318
0.47293999791145325
0.273717999458313
0.48542100191116333
0.2744010090827942
0.4979020059108734
0.275083988904953
0.5103840231895447
0.2757669985294342
0.5228649973869324
0.2764500081539154
0.5353459715843201
0.2771329879760742
0.5478270053863525
0.2778159976005554
0.5603089928627014
0.2784990072250366
0.5727900266647339
0.2885040044784546
0.580282986164093
0.29850998520851135
0.5877749919891357
0.3085150122642517
0.5952680110931396
0.31852099299430847
0.6027600169181824
0.32852599024772644
0.6102529764175415
0.3385320007801056
0.6177459955215454
0.34853801131248474
0.6252380013465881
0.3585430085659027
0.632731020450592
0.36992600560188293
0.6378949880599976
0.38130900263786316
0.643060028553009
0.3926919996738434
0.6482250094413757
0.4040760099887848
0.6533899903297424
0.415459007024765
0.6585549712181091
0.42684200406074524
0.6637189984321594
0.43822500109672546
0.6688839793205261
0.4496079981327057
0.6740490198135376
0.4511139988899231
0.6864579916000366
0.4526199996471405
0.6988670229911804
0.4541260004043579
0.7112759947776794
0.4556320011615753
0.7236850261688232
0.4571380019187927
0.7360939979553223
0.45864400267601013
0.7485020160675049
0.46015000343322754
0.7609109878540039
0.46165600419044495
0.7733200192451477
0.4627540111541748
0.7857720255851746
0.46385300159454346
0.7982239723205566
0.4649510085582733
0.8106750249862671
0.4660489857196808
0.8231269717216492
0.4671480059623718
0.835578978061676
0.4682460129261017
0.8480299711227417
0.46934399008750916
0.8604819774627686
0.4704430103302002
0.8729339838027954
0.4676220118999481
0.8598930239677429
0.46480101346969604
0.8468530178070068
