0.208296000957489
0.7405840158462524
0.1975809931755066
0.7341470122337341
0.18686699867248535
0.7277089953422546
0.17615200579166412
0.7212709784507751
0.1654369980096817
0.7148339748382568
0.15472200512886047
0.7083960175514221
0.14400799572467804
0.7019580006599426
0.1332930028438568
0.6955209970474243
0.12257800251245499
0.6890829801559448
0.11515600234270096
0.6790249943733215
0.10773400217294693
0.6689670085906982
0.10031300038099289
0.658909022808075
0.09289070218801498
0.6488500237464905
0.08546890318393707
0.6387919783592224
0.07804709672927856
0.6287339925765991
0.07062529772520065
0.6186760067939758
0.06320349872112274
0.6086180210113525
