0.2867850065231323
0.5548499822616577
0.289216011762619
0.542589008808136
0.2916480004787445
0.5303279757499695
0.2940790057182312
0.5180659890174866
0.2965100109577179
0.5058050155639648
0.2989419996738434
0.4935440123081207
0.3013730049133301
0.4812830090522766
0.3038040101528168
0.4690209925174713
0.30623599886894226
0.4567599892616272
0.305323988199234
0.44429299235343933
0.30441200733184814
0.43182700872421265
0.3034999966621399
0.4193600118160248
0.30258798599243164
0.4068929851055145
0.3016760051250458
0.39442700147628784
0.3007639944553375
0.3819600045681
0.29985201358795166
0.3694930076599121
0.2989400029182434
0.35702699422836304
0.2987380027770996
0.34834200143814087
