0.08243740350008011
0.6219980120658875
0.09455019980669022
0.6250849962234497
0.10666300356388092
0.628171980381012
0.11877600103616714
0.631259024143219
0.13088899850845337
0.6343460083007812
0.1430010050535202
0.6374340057373047
0.15511399507522583
0.6405209898948669
0.16722699999809265
0.6436079740524292
0.17934000492095947
0.6466950178146362
0.18877600133419037
0.638496994972229
0.19821299612522125
0.6302989721298218
0.20764900743961334
0.6221020221710205
0.21708500385284424
0.6139039993286133
0.22652199864387512
0.605705976486206
0.23595799505710602
0.5975080132484436
0.2453950047492981
0.5893110036849976
0.2548309862613678
0.5811129808425903
