0.41325700283050537
0.20919199287891388
0.4183259904384613
0.22061799466609955
0.4233950078487396
0.23204399645328522
0.42846399545669556
0.2434699982404709
0.4335330128669739
0.25489598512649536
0.4386020004749298
0.2663230001926422
0.44367000460624695
0.2777490019798279
0.4487389922142029
0.28917500376701355
0.4538080096244812
0.3006010055541992
0.4589279890060425
0.3120039999485016
0.46404799818992615
0.32340800762176514
0.4691680073738098
0.3348110020160675
0.4742870032787323
0.34621500968933105
0.47940701246261597
0.3576180040836334
0.48452699184417725
0.3690209984779358
0.4896470010280609
0.38042500615119934
0.4947659969329834
0.3918280005455017
0.499330997467041
0.40346500277519226
0.5038959980010986
0.41510099172592163
0.5084620118141174
0.4267379939556122
0.513027012348175
0.43837499618530273
0.5175920128822327
0.4500109851360321
0.5221570134162903
0.46164798736572266
0.5267220139503479
0.4732840061187744
0.5312870144844055
0.48492100834846497
0.5358679890632629
0.4965510070323944
0.5404490232467651
0.5081809759140015
0.5450299978256226
0.5198119878768921
0.5496119856834412
0.5314419865608215
0.5541930198669434
0.543071985244751
0.5587739944458008
0.5547019839286804
0.563355028629303
0.566332995891571
0.5679370164871216
0.5779629945755005
0.5723339915275574
0.5896639823913574
0.5767319798469543
0.6013649702072144
0.5811290144920349
0.6130660176277161
0.5855270028114319
0.624767005443573
0.5899239778518677
0.6364679932594299
0.5943220257759094
0.6481680274009705
0.5987190008163452
0.6598690152168274
0.6031169891357422
0.6715700030326843
0.6087009906768799
0.6827530264854431
0.6142860054969788
0.6939370036125183
0.6198700070381165
0.7051200270652771
0.6254550218582153
0.7163029909133911
0.631039023399353
0.7274860143661499
0.6366239786148071
0.7386689782142639
0.642208993434906
0.7498520016670227
0.6477929949760437
0.7610350251197815
0.6538270115852356
0.7719830274581909
0.6598600149154663
0.7829310297966003
0.665893018245697
0.7938780188560486
0.6719269752502441
0.804826021194458
0.6779599785804749
0.8157730102539062
0.6839929819107056
0.8267210125923157
0.6900269985198975
0.8376680016517639
0.6960600018501282
0.8486160039901733
0.69268798828125
0.8606520295143127
0.6893150210380554
0.8726890087127686
0.6859430074691772
0.8847249746322632
0.6825709939002991
0.8967620134353638
0.6791989803314209
0.9087989926338196
0.6758270263671875
0.920835018157959
0.6724539995193481
0.9328719973564148
0.66908198595047
0.9449080228805542
0.6558669805526733
0.9412410259246826
0.6426519751548767
0.9375749826431274
0.6294360160827637
0.9339079856872559
0.616221010684967
0.9302409887313843
0.6030060052871704
0.9265739917755127
0.5897899866104126
0.9229069948196411
