0.5971009731292725
0.1421000063419342
0.6011729836463928
0.15391799807548523
0.605243980884552
0.16573700308799744
0.6093149781227112
0.17755499482154846
0.6133859753608704
0.18937399983406067
0.6174569725990295
0.2011920064687729
0.6215280294418335
0.2130109965801239
0.6255990266799927
0.22482900321483612
0.6296700239181519
0.23664799332618713
0.6340420246124268
0.24835799634456635
0.6384149789810181
0.26006799936294556
0.642786979675293
0.2717779874801636
0.647159993648529
0.2834889888763428
0.651531994342804
0.2951990067958832
0.65590500831604
0.3069089949131012
0.6602770090103149
0.3186199963092804
0.664650022983551
0.3303300142288208
0.6703829765319824
0.3414379954338074
0.6761149764060974
0.35254600644111633
0.6818479895591736
0.3636539876461029
0.6875810027122498
0.37476199865341187
0.6933140158653259
0.38586899638175964
0.6990470290184021
0.3969770073890686
0.7047799825668335
0.4080849885940552
0.7105119824409485
0.41919299960136414
0.7197380065917969
0.4276280105113983
0.7289630174636841
0.4360629916191101
0.7381880283355713
0.4444969892501831
0.7474129796028137
0.4529320001602173
0.7566379904747009
0.46136701107025146
0.7658630013465881
0.46980199217796326
0.7750890254974365
0.47823700308799744
0.784313976764679
0.4866720139980316
0.7871620059013367
0.49831199645996094
0.7900090217590332
0.5099530220031738
0.7928569912910461
0.5215939879417419
0.7957050204277039
0.5332340002059937
