0.47444599866867065
0.14560499787330627
0.4825170040130615
0.15514999628067017
0.4905889928340912
0.16469399631023407
0.49866101145744324
0.17423899471759796
0.5067319869995117
0.18378299474716187
0.5148040056228638
0.19332799315452576
0.5228750109672546
0.20287199318408966
0.5309470295906067
0.21241700649261475
0.539018988609314
0.22196200489997864
0.5510069727897644
0.22550100088119507
0.562995970249176
0.2290399968624115
0.5749840140342712
0.23257899284362793
0.5869730114936829
0.23611800372600555
0.5989609956741333
0.23965699970722198
0.6109499931335449
0.24319599568843842
0.6229379773139954
0.24673500657081604
0.634926974773407
0.25027400255203247
0.6470019817352295
0.2470410019159317
0.6590759754180908
0.24380800127983093
0.6711509823799133
0.24057500064373016
0.6832259893417358
0.23734299838542938
0.6952999830245972
0.2341099977493286
0.7073749899864197
0.23087699711322784
0.7194499969482422
0.22764399647712708
0.7315239906311035
0.2244109958410263
0.7360050082206726
0.21274200081825256
0.7404869794845581
0.20107200741767883
0.7449679970741272
0.1894029974937439
0.7494490146636963
0.17773400247097015
0.7539299726486206
0.1660650074481964
0.7584109902381897
0.15439599752426147
0.7628920078277588
0.14272700250148773
0.7673730254173279
0.1310569941997528
0.7777079939842224
0.13808999955654144
0.7880420088768005
0.1451220065355301
0.7983760237693787
0.15215399861335754
0.808709979057312
0.15918700397014618
0.8190439939498901
0.16621899604797363
0.8293790221214294
0.17325200140476227
0.8397129774093628
0.18028399348258972
0.8500469923019409
0.18731600046157837
0.8387280106544495
0.1831669956445694
0.827409029006958
0.17901800572872162
0.8160899877548218
0.17486999928951263
