0.05495600029826164
0.5274789929389954
0.06742700189352036
0.5266270041465759
0.07989790290594101
0.5257750153541565
0.09236890077590942
0.5249239802360535
0.1048400029540062
0.524071991443634
0.11731100082397461
0.5232200026512146
0.12978200614452362
0.5223680138587952
0.14225299656391144
0.5215169787406921
0.15472400188446045
0.5206649899482727
0.1542849987745285
0.5081729888916016
0.15384599566459656
0.4956800043582916
0.1534080058336258
0.4831880033016205
0.15296900272369385
0.47069600224494934
0.1525299996137619
0.458202987909317
0.15209199488162994
0.4457109868526459
0.1516530066728592
0.43321898579597473
0.15121500194072723
0.420727014541626
0.1544560045003891
0.40865400433540344
0.15769800543785095
0.3965820074081421
0.1609400063753128
0.38451001048088074
0.16418200731277466
0.3724370002746582
0.16742399334907532
0.36036500334739685
0.17066599428653717
0.3482930064201355
0.17390799522399902
0.33621999621391296
0.1771489977836609
0.3241479992866516
0.17570899426937103
0.3117310106754303
0.17426800727844238
0.2993150055408478
0.17282800376415253
0.2868979871273041
0.17138700187206268
0.27448099851608276
0.16994599997997284
0.26206499338150024
0.16850599646568298
0.24964800477027893
0.16706499457359314
0.23723100125789642
0.1656239926815033
0.2248149961233139
0.17667099833488464
0.21896499395370483
0.187718003988266
0.21311600506305695
0.19876499474048615
0.20726700127124786
0.2098120003938675
0.2014169991016388
0.22085900604724884
0.1955679953098297
0.231905996799469
0.18971900641918182
0.24295300245285034
0.18387000262737274
0.2540000081062317
0.17802000045776367
0.26571300625801086
0.1736530065536499
0.27742499113082886
0.16928499937057495
0.28913700580596924
0.16491800546646118
0.30084899067878723
0.16054999828338623
0.3125610053539276
0.15618300437927246
0.3242729902267456
0.1518149971961975
0.335985004901886
0.14744800329208374
0.34769800305366516
0.1430799961090088
0.35825198888778687
0.13638299703598022
0.36880698800086975
0.12968599796295166
0.37936198711395264
0.12298999726772308
0.3899169862270355
0.11629299819469452
0.4004710018634796
0.10959599912166595
0.4110260009765625
0.10289900004863739
0.4215810000896454
0.09620250016450882
0.43213599920272827
0.08950579911470413
0.44319599866867065
0.08248800039291382
0.4542570114135742
0.0754702016711235
0.4653179943561554
0.06845249980688095
0.4763779938220978
0.06143470108509064
