0.08108019828796387
0.38545799255371094
0.08746320009231567
0.39620500802993774
0.09384629875421524
0.40695199370384216
0.10022900253534317
0.41769999265670776
0.10661199688911438
0.42844700813293457
0.11299499869346619
0.43919500708580017
0.119378000497818
0.4499419927597046
0.1257610023021698
0.4606899917125702
0.1321440041065216
0.471437007188797
0.12736600637435913
0.45988699793815613
0.12258700281381607
0.44833600521087646
0.11780799925327301
0.4367859959602356
0.11302900314331055
0.42523500323295593
0.10824999958276749
0.41368499398231506
0.10347200185060501
0.4021340012550354
0.09869279712438583
0.39058399200439453
0.09391400218009949
0.37903299927711487
0.09139340370893478
0.3667899966239929
0.08887290209531784
0.35454699397087097
0.0863524004817009
0.342303991317749
0.0838318020105362
0.3300600051879883
0.08131130039691925
0.31781700253486633
0.07879070192575455
0.3055739998817444
0.0762702003121376
0.29333099722862244
0.07374969869852066
0.2810870110988617
0.08390910178422928
0.27380499243736267
0.0940684974193573
0.26652199029922485
0.10422799736261368
0.2592400014400482
0.11438699811697006
0.2519569993019104
0.12454699724912643
0.24467399716377258
0.13470600545406342
0.23739199340343475
0.1448660045862198
0.23010900616645813
0.15502500534057617
0.2228270024061203
0.15022699534893036
0.21128399670124054
0.14542900025844574
0.19974100589752197
0.1406320035457611
0.1881989985704422
0.1358339935541153
0.17665599286556244
0.13103599846363068
0.16511400043964386
0.12623800337314606
0.1535709947347641
0.12144099920988083
0.14202800393104553
0.11664299666881561
0.13048599660396576
0.12610599398612976
0.12231899797916412
0.1355690062046051
0.1141510009765625
0.14503200352191925
0.10598400235176086
0.1544950008392334
0.09781710058450699
0.16395799815654755
0.089649997651577
0.1734199970960617
0.08148279786109924
0.18288299441337585
0.07331559807062149
0.1923460066318512
0.0651485025882721
0.20444999635219574
0.0682716965675354
0.2165530025959015
0.0713948979973793
0.22865700721740723
0.07451819628477097
0.24075999855995178
0.07764139771461487
0.2528640031814575
0.08076459914445877
0.26496800780296326
0.08388780057430267
0.2770709991455078
0.08701109886169434
0.28917500376701355
0.09013430029153824
0.2881160080432892
0.10258899629116058
0.2870570123195648
0.1150439977645874
0.28599798679351807
0.1274999976158142
0.2849400043487549
0.13995499908924103
0.2838810086250305
0.15241000056266785
0.28282201290130615
0.16486500203609467
0.2817640006542206
0.17732000350952148
0.2807050049304962
0.1897750049829483
0.28578799962997437
0.20119500160217285
0.2908709943294525
0.2126149982213974
0.29595398902893066
0.22403399646282196
0.3010370135307312
0.2354539930820465
0.30612000823020935
0.24687400460243225
0.3112039864063263
0.2582939863204956
0.31628701090812683
0.26971399784088135
0.321370005607605
0.2811329960823059
0.3249639868736267
0.2691609859466553
0.328559011220932
0.257189005613327
0.33215299248695374
0.2452169954776764
0.33574798703193665
0.23324500024318695
0.33934199810028076
0.2212730050086975
0.3429360091686249
0.20930099487304688
0.3465310037136078
0.19732899963855743
0.3501250147819519
0.185357004404068
0.36202898621559143
0.18154099583625793
0.37393200397491455
0.17772600054740906
0.38583600521087646
0.17391100525856018
0.3977389931678772
0.17009499669075012
0.4096429944038391
0.16628000140190125
0.42154601216316223
0.1624639928340912
0.43345001339912415
0.1586489975452423
0.4453530013561249
0.15483300387859344
0.4500249922275543
0.16642700135707855
0.45469799637794495
0.17802099883556366
0.4593699872493744
0.18961499631404877
0.4640420079231262
0.20120899379253387
0.46871399879455566
0.21280300617218018
0.4733870029449463
0.22439700365066528
0.47805899381637573
0.2359910011291504
0.48273101449012756
0.2475849986076355
0.48994699120521545
0.25779199600219727
0.49716201424598694
0.26799899339675903
0.5043780207633972
0.2782059907913208
0.5115939974784851
0.28841400146484375
0.5188090205192566
0.2986209988594055
0.5260249972343445
0.3088279962539673
0.533240020275116
0.31903499364852905
0.5404559969902039
0.3292419910430908
0.5490679740905762
0.33830198645591736
0.5576800107955933
0.3473620116710663
0.5662919878959656
0.3564220070838928
0.5749040246009827
0.36548200249671936
0.583516001701355
0.3745410144329071
0.5921289920806885
0.38360100984573364
0.6007410287857056
0.3926610052585602
0.6093530058860779
0.4017210006713867
0.618457019329071
0.410286009311676
0.6275609731674194
0.4188520014286041
0.6366649866104126
0.42741701006889343
0.6457690000534058
0.43598198890686035
0.6548730134963989
0.44454801082611084
0.6639779806137085
0.45311298966407776
0.6730819940567017
0.46167799830436707
0.6821860074996948
0.47024399042129517
0.6880350112915039
0.4812909960746765
0.6938830018043518
0.49233800172805786
0.6997320055961609
0.5033860206604004
0.70558100938797
0.5144330263137817
0.7114289999008179
0.5254799723625183
0.717278003692627
0.5365279912948608
0.723127007484436
0.5475749969482422
0.7289760112762451
0.5586220026016235
0.7392439842224121
0.5663819909095764
0.7495120167732239
0.5741410255432129
0.7597799897193909
0.5819010138511658
