0.06744000315666199
0.8503900170326233
0.06926660239696503
0.8380240201950073
0.07109309732913971
0.8256589770317078
0.07291969656944275
0.8132929801940918
0.07474630326032639
0.8009269833564758
0.07657279819250107
0.7885609865188599
0.07839939743280411
0.7761949896812439
0.08022589981555939
0.7638300061225891
0.08205249905586243
0.7514640092849731
0.09369640052318573
0.7469170093536377
0.10533999651670456
0.7423710227012634
0.11698400229215622
0.737824022769928
0.12862800061702728
0.7332779765129089
0.14027200639247894
0.7287309765815735
0.1519159972667694
0.7241849899291992
0.16356000304222107
0.7196379899978638
0.17520299553871155
0.7150920033454895
0.18133799731731415
0.7259830236434937
0.18747299909591675
0.736873984336853
0.19360700249671936
0.7477650046348572
0.19974200427532196
0.7586560249328613
0.20587700605392456
0.7695469856262207
0.21201099455356598
0.780439019203186
0.21814599633216858
0.7913299798965454
0.2242799997329712
0.8022210001945496
0.2167239934206009
0.8134400248527527
0.2091670036315918
0.824658989906311
0.2016109973192215
0.8358780145645142
0.1940539926290512
0.8470969796180725
0.18649700284004211
0.8583160042762756
