0.6767879724502563
0.6898229718208313
0.6642959713935852
0.6893799901008606
0.6518039703369141
0.6889370083808899
0.6393110156059265
0.688493013381958
0.6268190145492554
0.6880499720573425
0.6143270134925842
0.6876069903373718
0.6018350124359131
0.6871640086174011
0.5893430113792419
0.6867210268974304
0.5768510103225708
0.6862779855728149
0.5644270181655884
0.6848989725112915
0.552003026008606
0.6835209727287292
0.5395799875259399
0.6821420192718506
0.5271559953689575
0.6807630062103271
0.5147320032119751
0.6793850064277649
0.5023080110549927
0.6780059933662415
0.48988500237464905
0.6766279935836792
0.4774610102176666
0.6752489805221558
0.46619099378585815
0.6806570291519165
0.45492100715637207
0.6860650181770325
0.4436520040035248
0.6914730072021484
0.4323819875717163
0.6968809962272644
0.4211130142211914
0.7022879719734192
0.40984299778938293
0.7076960206031799
0.39857301115989685
0.7131040096282959
0.38730400800704956
0.7185119986534119
0.3755300045013428
0.7227110266685486
0.363756000995636
0.7269099950790405
0.3519830107688904
0.7311090230941772
0.3402090072631836
0.7353079915046692
0.3284359872341156
0.7395070195198059
0.3166620135307312
0.7437059879302979
0.3048880100250244
0.7479060292243958
0.2931149899959564
0.7521049976348877
0.28189200162887573
0.7466009855270386
0.27066901326179504
0.7410969734191895
0.2594450116157532
0.7355930209159851
0.2482219934463501
0.730089008808136
0.2369990050792694
0.7245849967002869
0.22577600181102753
0.7190819978713989
0.21455299854278564
0.7135779857635498
0.20332999527454376
0.7080739736557007
0.20161999762058258
0.6956909894943237
0.1999090015888214
0.683309018611908
0.19819900393486023
0.6709269881248474
0.19648799300193787
0.6585440039634705
0.19477799534797668
0.6461619734764099
0.19306699931621552
0.633778989315033
0.19135700166225433
0.6213970184326172
0.18964600563049316
0.6090139746665955
0.1864289939403534
0.5969359874725342
0.18321099877357483
0.5848569869995117
0.17999300360679626
0.5727779865264893
0.1767749935388565
0.560699999332428
0.17355699837207794
0.5486209988594055
0.17033900320529938
0.5365419983863831
0.16712099313735962
0.5244629979133606
0.16390399634838104
0.5123850107192993
0.16295799612998962
0.4999200105667114
0.1620129942893982
0.48745599389076233
0.16106800734996796
0.4749920070171356
0.16012300550937653
0.4625279903411865
0.1591780036687851
0.4500640034675598
0.15823300182819366
0.4375990033149719
0.15728799998760223
0.4251349866390228
0.15634199976921082
0.4126709997653961
0.16640900075435638
0.40526100993156433
0.17647700011730194
0.39785099029541016
0.1865440011024475
0.39044201374053955
0.19661100208759308
0.3830319941043854
0.20667800307273865
0.3756220042705536
0.21674500405788422
0.3682120144367218
0.22681200504302979
0.3608030080795288
0.23687900602817535
0.35339298844337463
0.23241199553012848
0.34171798825263977
0.22794599831104279
0.3300429880619049
0.2234800010919571
0.31836798787117004
0.2190130054950714
0.30669400095939636
0.21454699337482452
0.2950190007686615
0.21007999777793884
0.28334400057792664
0.20561400055885315
0.2716690003871918
0.20114700496196747
0.2599940001964569
0.19242599606513977
0.2689040005207062
0.18370500206947327
0.27781400084495544
0.17498299479484558
0.2867240011692047
0.16626200079917908
0.295634001493454
0.1575399935245514
0.30454400181770325
