0.3583590090274811
0.06501960009336472
0.3708550035953522
0.06472159922122955
0.38335201144218445
0.06442359834909439
0.39584800601005554
0.06412559747695923
0.4083450138568878
0.0638274997472763
0.4208410084247589
0.06352949887514114
0.43333700299263
0.06323149800300598
0.4458340108394623
0.06293349713087082
0.4583300054073334
0.06263550370931625
0.46474599838256836
0.07336340099573135
0.47116199135780334
0.0840912014245987
0.4775780141353607
0.0948190987110138
0.4839940071105957
0.10554700344800949
0.4904089868068695
0.11627499759197235
0.4968250095844269
0.1270029991865158
0.5032410025596619
0.13773100078105927
0.5096570253372192
0.14845900237560272
0.5173959732055664
0.15827499330043793
0.5251349806785583
0.16809099912643433
0.5328739881515503
0.17790700495243073
0.5406129956245422
0.18772299587726593
0.5483530163764954
0.19753900170326233
0.5560920238494873
0.20735499262809753
0.5638309717178345
0.21717099845409393
0.5715699791908264
0.22698700428009033
0.5766329765319824
0.23841600120067596
0.5816959738731384
0.2498439997434616
0.5867599844932556
0.26127299666404724
0.5918229818344116
0.27270200848579407
0.5968859791755676
0.2841300070285797
0.6019489765167236
0.29555898904800415
0.6070119738578796
0.306988000869751
0.6120749711990356
0.3184159994125366
0.6126530170440674
0.33090299367904663
0.6132310032844543
0.34338998794555664
0.6138089895248413
0.35587599873542786
0.6143869757652283
0.36836299300193787
0.61496502161026
0.3808499872684479
0.615543007850647
0.3933359980583191
0.6161199808120728
0.4058229923248291
0.6166980266571045
0.4183099865913391
0.6219660043716431
0.42964598536491394
0.6272330284118652
0.44098100066185
0.6325010061264038
0.4523169994354248
0.6377679705619812
0.46365299820899963
0.6430360078811646
0.47498899698257446
0.6483029723167419
0.4863249957561493
0.6535699963569641
0.4976609945297241
0.6588379740715027
0.5089970231056213
0.6710649728775024
0.5115939974784851
0.6832929849624634
0.5141900181770325
0.6955199837684631
0.5167859792709351
0.7077469825744629
0.5193830132484436
0.7199749946594238
0.5219789743423462
0.7322019934654236
0.5245749950408936
0.7444300055503845
0.5271720290184021
0.7566570043563843
0.5297679901123047
0.7619820237159729
0.5167279839515686
0.7673069834709167
0.5036870241165161
0.7726320028305054
0.49064698815345764
0.7779579758644104
0.47760701179504395
0.783282995223999
0.4645659923553467
0.7886080145835876
0.4515259861946106
