0.37243300676345825
0.44146600365638733
0.36800000071525574
0.42977800965309143
0.3635680079460144
0.41808998584747314
0.3591359853744507
0.40640199184417725
0.35470300912857056
0.39471399784088135
0.35027098655700684
0.38302698731422424
0.3458389937877655
0.37133899331092834
0.34140700101852417
0.35965099930763245
0.33697399497032166
0.34796300530433655
0.3254390060901642
0.35277900099754333
0.3139039874076843
0.35759401321411133
0.30236899852752686
0.36240899562835693
0.2908329963684082
0.3672249913215637
0.27929800748825073
0.3720400035381317
0.2677629888057709
0.3768549859523773
0.2562279999256134
0.3816710114479065
0.24469199776649475
0.3864859938621521
0.23271100223064423
0.3829230070114136
0.22072899341583252
0.37936100363731384
0.208747997879982
0.37579798698425293
0.19676600396633148
0.3722350001335144
0.18478499352931976
0.3686720132827759
0.17280299961566925
0.36510899662971497
0.16082200407981873
0.36154600977897644
0.14883999526500702
0.3579840064048767
0.15067799389362335
0.34561899304389954
0.15251600742340088
0.33325499296188354
0.1543540060520172
0.32089099287986755
0.15619100630283356
0.30852699279785156
0.1580290049314499
0.29616299271583557
0.15986700356006622
0.2837989926338196
0.16170400381088257
0.2714340090751648
0.1635420024394989
0.2590700089931488
0.1758739948272705
0.2570280134677887
0.1882060021162033
0.2549850046634674
0.20053799450397491
0.2529419958591461
0.21287000179290771
0.250900000333786
0.22520199418067932
0.24885700643062592
0.23753400146961212
0.24681499600410461
0.24986599385738373
0.24477200210094452
0.26219800114631653
0.2427300065755844
0.2746190130710602
0.2441290020942688
0.2870410084724426
0.24552799761295319
0.2994619905948639
0.24692699313163757
0.31188398599624634
0.24832600355148315
0.32430499792099
0.24972499907016754
0.33672699332237244
0.25112399458885193
0.3491480052471161
0.2525230050086975
0.36157000064849854
0.2539219856262207
0.37106001377105713
0.24578699469566345
0.3805510103702545
0.2376520037651062
0.3900409936904907
0.22951699793338776
0.3995319902896881
0.2213820070028305
0.4090229868888855
0.21324600279331207
0.4185130000114441
0.20511099696159363
0.4280039966106415
0.19697600603103638
0.4374940097332001
0.18884100019931793
0.44421499967575073
0.1993809938430786
0.4509359896183014
0.2099200040102005
0.45765700936317444
0.22045999765396118
0.4643779993057251
0.23099899291992188
0.47109898924827576
0.24153800308704376
0.4778200089931488
0.25207799673080444
0.48454099893569946
0.26261699199676514
0.4912619888782501
0.273157000541687
0.4985699951648712
0.28329798579216003
0.5058779716491699
0.29343798756599426
0.5131869912147522
0.3035790026187897
0.5204949975013733
0.3137199878692627
0.5278040170669556
0.3238610029220581
0.5351120233535767
0.33400198817253113
0.5424209833145142
0.34414300322532654
0.5497289896011353
0.35428398847579956
0.5575870275497437
0.364003986120224
0.5654460191726685
0.3737249970436096
0.5733039975166321
0.38344600796699524
0.5811619758605957
0.39316698908805847
0.5890210270881653
0.4028880000114441
0.5968790054321289
0.4126090109348297
0.6047379970550537
0.42232999205589294
0.6125959753990173
0.43205100297927856
0.6224719882011414
0.4397130012512207
0.6323490142822266
0.44737499952316284
0.6422250270843506
0.455036997795105
0.652101993560791
0.4626989960670471
0.661978006362915
0.47036099433898926
0.6718549728393555
0.4780229926109314
0.6817309856414795
0.48568400740623474
0.6916080117225647
0.4933460056781769
0.6987839937210083
0.5035809874534607
0.7059609889984131
0.5138149857521057
0.7131379842758179
0.5240499973297119
0.7203140258789062
0.5342839956283569
0.727491021156311
0.5445190072059631
0.7346680164337158
0.5547530055046082
0.7418439984321594
0.5649880170822144
0.7490209937095642
0.5752220153808594
0.7498819828033447
0.5876929759979248
0.7507429718971252
0.6001629829406738
0.7516030073165894
0.6126329898834229
0.7524639964103699
0.6251040101051331
0.7533249855041504
0.6375740170478821
0.7541859745979309
0.6500440239906311
0.755046010017395
0.6625149846076965
0.7559069991111755
0.6749849915504456
0.7636719942092896
0.68545001745224
0.7714369893074036
0.6959139704704285
0.7792019844055176
0.7063789963722229
