0.2641269862651825
0.30974099040031433
0.2613599896430969
0.3219299912452698
0.25859200954437256
0.3341200053691864
0.2558239996433258
0.34630998969078064
0.25305700302124023
0.35850000381469727
0.2502889931201935
0.3706890046596527
0.24752099812030792
0.38287898898124695
0.24475400149822235
0.3950690031051636
0.2419860064983368
0.4072589874267578
0.22949199378490448
0.4076499938964844
0.21699799597263336
0.40804100036621094
0.20450499653816223
0.4084329903125763
0.1920109987258911
0.40882399678230286
0.17951700091362
0.4092150032520294
0.16702300310134888
0.4096069931983948
0.15452900528907776
0.40999799966812134
0.14203499257564545
0.4103890061378479
0.13847799599170685
0.4223729968070984
0.13492099940776825
0.4343560039997101
0.13136300444602966
0.4463390111923218
0.12780599296092987
0.4583219885826111
0.12424899637699127
0.4703049957752228
0.12069199979305267
0.4822880029678345
0.11713399738073349
0.49427199363708496
0.11357700079679489
0.5062549710273743
0.11217000335454941
0.5186750292778015
0.11076200008392334
0.5310959815979004
0.10935500264167786
0.5435159802436829
0.10794799774885178
0.5559369921684265
0.10654100030660629
0.568356990814209
0.10513299703598022
0.5807780027389526
0.10372599959373474
0.5931980013847351
0.10231900215148926
0.6056190133094788
0.11278799921274185
0.6124489903450012
0.12325700372457504
0.6192780137062073
0.13372600078582764
0.6261079907417297
0.14419600367546082
0.632938027381897
0.1546649932861328
0.6397669911384583
0.165133997797966
0.6465970277786255
0.1756030023097992
0.653427004814148
0.18607300519943237
0.6602569818496704
0.19577600061893463
0.6681360006332397
0.20547999441623688
0.6760159730911255
0.21518400311470032
0.683896005153656
0.22488699853420258
0.6917750239372253
0.23459100723266602
0.6996549963951111
0.24429400265216827
0.7075350284576416
0.2539980113506317
0.7154150009155273
0.26370200514793396
0.7232940196990967
0.27567699551582336
0.7286270260810852
0.28765198588371277
0.733959972858429
0.29962700605392456
0.7392929792404175
0.31160101294517517
0.7446249723434448
