0.3845660090446472
0.1339610069990158
0.381835013628006
0.14615899324417114
0.37910398840904236
0.15835699439048767
0.3763729929924011
0.1705549955368042
0.3736419975757599
0.18275299668312073
0.37091100215911865
0.19495099782943726
0.3681800067424774
0.20714899897575378
0.3654490113258362
0.2193470001220703
0.36271798610687256
0.23154500126838684
0.3538469970226288
0.24035100638866425
0.344976007938385
0.24915699660778046
0.33610400557518005
0.25796300172805786
0.3272329866886139
0.2667689919471741
0.3183610141277313
0.27557599544525146
0.30948999524116516
0.2843819856643677
0.3006179928779602
0.2931880056858063
0.29174700379371643
0.3019939959049225
0.2879349887371063
0.3138979971408844
0.2841219902038574
0.3258030116558075
0.2803100049495697
0.3377070128917694
0.2764970064163208
0.3496119976043701
0.2726849913597107
0.36151599884033203
0.2688719928264618
0.37342000007629395
0.2650600075721741
0.38532501459121704
0.26124700903892517
0.39722898602485657
0.2490449994802475
0.39994099736213684
0.23684300482273102
0.4026539921760559
0.22464099526405334
0.4053660035133362
0.21243800222873688
0.40807801485061646
0.2002359926700592
0.41078999638557434
0.18803399801254272
0.4135020077228546
0.17583200335502625
0.4162150025367737
0.16362899541854858
0.41892701387405396
0.15474200248718262
0.41013699769973755
0.14585399627685547
0.40134701132774353
0.1369670033454895
0.3925569951534271
0.12807899713516235
0.3837670087814331
0.11919199675321579
0.3749780058860779
0.11030399799346924
0.3661879897117615
0.10141599923372269
0.35739800333976746
0.0925287976861
0.34860798716545105
0.09464409947395325
0.3362880051136017
0.09675949811935425
0.3239690065383911
0.09887479990720749
0.31164899468421936
0.10098999738693237
0.29932901263237
0.10310500115156174
0.2870100140571594
0.10522100329399109
0.27469000220298767
0.10733599960803986
0.2623699903488159
0.10945200175046921
0.25005000829696655
0.11086100339889526
0.24184000492095947
