0.8647980093955994
0.12855300307273865
0.8613759875297546
0.14057500660419464
0.8579549789428711
0.15259799361228943
0.8545330166816711
0.16461999714374542
0.8511120080947876
0.1766429990530014
0.8476899862289429
0.18866600096225739
0.8442689776420593
0.20068800449371338
0.8408470153808594
0.21271100640296936
0.8374260067939758
0.22473399341106415
0.8346490263938904
0.23692099750041962
0.831870973110199
0.24910899996757507
0.8290939927101135
0.26129600405693054
0.8263159990310669
0.2734839916229248
0.8235390186309814
0.2856709957122803
0.8207619786262512
0.2978590130805969
0.8179839849472046
0.31004598736763
0.8152070045471191
0.32223400473594666
0.8134710192680359
0.33461299538612366
0.8117349743843079
0.34699198603630066
0.8100000023841858
0.35937100648880005
0.8082640171051025
0.37174999713897705
0.8065279722213745
0.38412800431251526
0.8047919869422913
0.39650699496269226
0.8030570149421692
0.40888598561286926
0.8013210296630859
0.42126500606536865
0.7988680005073547
0.43352198600769043
0.7964159846305847
0.4457789957523346
0.7939630150794983
0.45803600549697876
0.7915099859237671
0.47029298543930054
0.7890580296516418
0.4825499951839447
0.7866050004959106
0.49480700492858887
0.7841519713401794
0.5070639848709106
0.7817000150680542
0.5193210244178772
0.7794600129127502
0.5316190123558044
0.7772200107574463
0.5439170002937317
0.7749800086021423
0.5562139749526978
0.7727400064468384
0.5685120224952698
0.7705010175704956
0.580810010433197
0.7682610154151917
0.5931069850921631
0.7660210132598877
0.6054049730300903
0.7637810111045837
0.6177030205726624
0.7603880167007446
0.6297330260276794
0.7569940090179443
0.6417639851570129
0.7536010146141052
0.65379399061203
0.7502070069313049
0.6658250093460083
0.7468140125274658
0.6778560280799866
0.7434200048446655
0.6898859739303589
0.7400270104408264
0.7019169926643372
0.7366330027580261
0.7139469981193542
0.7318249940872192
0.7254850268363953
0.7270169854164124
0.7370240092277527
0.7222080230712891
0.7485619783401489
0.7174000144004822
0.7601000070571899
0.7125909924507141
0.7716379761695862
0.7077829837799072
0.7831760048866272
0.7029749751091003
0.7947139739990234
0.698166012763977
0.8062530159950256
0.6915370225906372
0.8168500065803528
0.6849079728126526
0.8274480104446411
0.6782799959182739
0.8380450010299683
0.6716510057449341
0.8486430048942566
0.6650220155715942
0.8592399954795837
0.6583930253982544
0.8698379993438721
0.6517639756202698
0.8804349899291992
0.6451349854469299
0.8910329937934875
0.6510379910469055
0.9037290215492249
0.6569409966468811
0.9164249897003174
0.6628440022468567
0.9291210174560547
