0.1938830018043518
0.7880150079727173
0.19105899333953857
0.7758380174636841
0.18823499977588654
0.7636619806289673
0.18541200459003448
0.7514849901199341
0.18258799612522125
0.7393079996109009
0.1797640025615692
0.7271310091018677
0.17694100737571716
0.7149540185928345
0.17411699891090393
0.7027770280838013
0.1712930053472519
0.6905999779701233
0.16465599834918976
0.6800079941749573
0.15801799297332764
0.6694160103797913
0.1513800024986267
0.6588240265846252
0.14474299550056458
0.6482319831848145
0.13810500502586365
0.6376399993896484
0.13146699965000153
0.6270480155944824
0.12483000010251999
0.6164559721946716
0.11819200217723846
0.6058639883995056
0.11604399979114532
0.5935500264167786
0.1138949990272522
0.5812360048294067
0.11174699664115906
0.5689219832420349
0.10959800332784653
0.5566080212593079
0.10745000094175339
0.544293999671936
0.10530100017786026
0.5319799780845642
0.10315299779176712
0.5196660161018372
0.10100399702787399
0.5073519945144653
0.10396800190210342
0.4952079951763153
0.10693100094795227
0.4830639958381653
0.10989399999380112
0.47092100977897644
0.11285699903964996
0.4587770104408264
0.1158209964632988
0.4466330111026764
0.11878400295972824
0.43448999524116516
0.12174700200557709
0.42234599590301514
0.12471000105142593
0.4102019965648651
0.13611699640750885
0.40508899092674255
0.14752300083637238
0.3999769985675812
0.1589300036430359
0.3948639929294586
0.17033599317073822
0.38975098729133606
0.18174299597740173
0.3846380114555359
0.19314999878406525
0.37952500581741333
0.20455600321292877
0.37441200017929077
0.21596300601959229
0.3692989945411682
0.2225950062274933
0.35870400071144104
0.2292270064353943
0.34810900688171387
0.2358590066432953
0.3375129997730255
0.2424910068511963
0.32691800594329834
0.24912400543689728
0.31632199883461
0.2557559907436371
0.3057270050048828
0.2623879909515381
0.29513099789619446
0.2690199911594391
0.2845360040664673
0.2797529995441437
0.2781290113925934
0.29048600792884827
0.2717210054397583
0.30121898651123047
0.2653140127658844
0.31195199489593506
0.2589069902896881
0.32268500328063965
0.2524999976158142
0.33341801166534424
0.24609200656414032
0.34415099024772644
0.23968499898910522
0.35488399863243103
0.23327800631523132
0.3602539896965027
0.22199000418186188
0.3656249940395355
0.21070300042629242
0.3709949851036072
0.19941499829292297
0.3763650059700012
0.18812699615955353
0.3817349970340729
0.17683899402618408
0.38710498809814453
0.16555200517177582
0.3924750089645386
0.15426400303840637
0.39784500002861023
0.14297600090503693
0.3870429992675781
0.14738500118255615
0.37623998522758484
0.1517930030822754
0.3654380142688751
0.15620100498199463
0.35463500022888184
0.16060900688171387
