0.4481639862060547
0.6685140132904053
0.4451099932193756
0.6806349754333496
0.44205498695373535
0.6927559971809387
0.4390000104904175
0.7048770189285278
0.435945987701416
0.7169979810714722
0.43289101123809814
0.7291190028190613
0.4298360049724579
0.7412400245666504
0.4267820119857788
0.7533609867095947
0.42372700572013855
0.7654820084571838
0.42214301228523254
0.7778819799423218
0.42055898904800415
0.7902809977531433
0.41897499561309814
0.8026800155639648
0.41739100217819214
0.8150789737701416
0.41580700874328613
0.8274790048599243
0.41422298550605774
0.8398780226707458
0.41263899207115173
0.8522769808769226
0.4110549986362457
0.8646759986877441
0.40928998589515686
0.8770509958267212
0.4075239896774292
0.8894259929656982
0.4057590067386627
0.9017999768257141
0.40399301052093506
0.9141749739646912
0.4022279977798462
0.9265499711036682
0.40046200156211853
0.9389240145683289
0.39869600534439087
0.9512990117073059
0.396930992603302
0.963674008846283
0.38447999954223633
0.9625710248947144
0.3720279932022095
0.961467981338501
0.3595770001411438
0.9603649973869324
0.3471260070800781
0.9592610001564026
0.33467501401901245
0.958158016204834
0.3222230076789856
0.9570549726486206
0.3097720146179199
0.955951988697052
0.29732099175453186
0.9548490047454834
0.29513901472091675
0.9425410032272339
0.29295799136161804
0.9302330017089844
0.29077601432800293
0.9179250001907349
0.2885949909687042
0.9056169986724854
0.2864130139350891
0.8933079838752747
0.2842319905757904
0.8809999823570251
0.2820509970188141
0.8686919808387756
0.2798689901828766
0.8563839793205261
0.2673780024051666
0.8559190034866333
0.2548860013484955
0.8554530143737793
0.24239499866962433
0.8549879789352417
0.22990399599075317
0.8545230031013489
0.21741199493408203
0.854058027267456
0.20492100715637207
0.8535919785499573
0.19243000447750092
0.8531270027160645
0.17993800342082977
0.8526620268821716
0.1799589991569519
0.8401619791984558
0.17997999489307404
0.8276619911193848
0.18000100553035736
0.8151620030403137
0.1800220012664795
0.8026620149612427
0.18004299700260162
0.7901620268821716
0.18006399273872375
0.7776619791984558
0.18008500337600708
0.7651619911193848
0.1801059991121292
0.7526620030403137
0.17680799961090088
0.7406049966812134
0.17351099848747253
0.7285469770431519
0.1702139973640442
0.7164899706840515
0.16691599786281586
0.704433023929596
0.1636189967393875
0.6923760175704956
0.16032199561595917
0.6803179979324341
0.15702399611473083
0.6682609915733337
0.1537269949913025
0.6562039852142334
0.15703099966049194
0.6441479921340942
0.1603350043296814
0.6320930123329163
0.16363899409770966
0.6200370192527771
0.1669429987668991
0.6079819798469543
0.17024600505828857
0.5959259867668152
0.17354999482631683
0.5838710069656372
0.1768539994955063
0.571815013885498
0.18015800416469574
0.5597599744796753
0.17656800150871277
0.5477859973907471
0.17297899723052979
0.5358129739761353
0.16938899457454681
0.523838996887207
0.16580000519752502
0.5118659734725952
0.16221000254154205
0.499891996383667
0.15862099826335907
0.48791900277137756
0.1550309956073761
0.47594499588012695
0.1514420062303543
0.4639720022678375
0.16286399960517883
0.4588940143585205
0.17428599298000336
0.4538170099258423
0.18570899963378906
0.44874000549316406
0.1971309930086136
0.44366198778152466
0.2085539996623993
0.4385850131511688
0.21997599303722382
0.4335080087184906
0.23139800131320953
0.4284299910068512
0.24282099306583405
0.423352986574173
0.2452230006456375
0.41108599305152893
0.24762499332427979
0.3988189995288849
0.25002801418304443
0.38655200600624084
0.2524299919605255
0.3742850124835968
0.254831999540329
0.36201798915863037
0.25723499059677124
0.34975099563598633
0.2596369981765747
0.3374840021133423
0.2620390057563782
0.32521700859069824
0.27334898710250854
0.3198939859867096
0.2846589982509613
0.31457099318504333
0.29596900939941406
0.30924901366233826
0.3072800040245056
0.3039259910583496
0.318589985370636
0.29860299825668335
0.32989999651908875
0.2932809889316559
0.3412100076675415
0.2879579961299896
0.3525199890136719
0.28263500332832336
0.36128899455070496
0.2737269997596741
0.37005800008773804
0.2648189961910248
0.3788270056247711
0.2559100091457367
0.387594997882843
0.2470020055770874
0.3963640034198761
0.2380940020084381
0.4051330089569092
0.22918599843978882
0.41390201449394226
0.22027699649333954
0.42267099022865295
0.21136899292469025
0.4318000078201294
0.2199079990386963
0.44092899560928345
0.22844700515270233
0.4500580132007599
0.2369849979877472
0.45918700098991394
0.24552400410175323
0.468315988779068
0.2540630102157593
0.47744500637054443
0.2626020014286041
0.4865739941596985
0.271140992641449
0.4957030117511749
0.27967900037765503
0.503400981426239
0.2895280122756958
0.5110989809036255
0.2993769943714142
0.5187960267066956
0.3092249929904938
0.526494026184082
0.31907400488853455
0.5341920256614685
0.32892200350761414
0.541890025138855
0.3387709856033325
0.5495870113372803
0.3486190140247345
0.5572850108146667
0.3584679961204529
0.5645639896392822
0.36862999200820923
0.5718420147895813
0.37879300117492676
0.5791199803352356
0.3889549970626831
0.5863990187644958
0.39911800622940063
0.5936769843101501
0.409280002117157
0.6009560227394104
0.4194430112838745
0.6082339882850647
0.42960500717163086
0.6155120134353638
0.4397670030593872
0.6259350180625916
0.44666799902915955
0.6363570094108582
0.4535689949989319
0.6467800140380859
0.4604699909687042
0.6572020053863525
0.46737098693847656
0.6676250100135803
0.4742720127105713
0.6780470013618469
0.48117300868034363
0.6884700059890747
0.4880729913711548
0.6988919973373413
0.4949739873409271
0.7057039737701416
0.5054550170898438
0.7125160098075867
0.515936017036438
0.719327986240387
0.5264170169830322
0.726140022277832
0.5368980169296265
0.7329509854316711
0.5473790168762207
0.7397630214691162
0.5578590035438538
0.7465749979019165
0.568340003490448
0.7533869743347168
0.5788210034370422
0.7568780183792114
0.5908240079879761
0.7603690028190613
0.6028270125389099
0.7638599872589111
0.6148290038108826
0.767350971698761
0.6268320083618164
0.7708420157432556
0.6388339996337891
0.7743330001831055
0.6508370041847229
0.7778239846229553
0.6628400087356567
0.78131502866745
0.6748420000076294
0.7851939797401428
0.6867250204086304
0.7890740036964417
0.6986079812049866
0.7929530143737793
0.7104910016059875
0.7968329787254333
0.7223730087280273
0.800711989402771
0.7342560291290283
0.8045910000801086
0.7461389899253845
0.8084710240364075
0.7580220103263855
0.8123499751091003
0.7699040174484253
0.817916989326477
0.7810959815979004
0.8234840035438538
0.7922880053520203
0.8290510177612305
0.8034800291061401
0.834617018699646
0.8146719932556152
0.8401839733123779
0.8258640170097351
0.8457509875297546
0.8370559811592102
0.8513180017471313
0.8482480049133301
0.8568840026855469
0.85944002866745
0.8691269755363464
0.8619620203971863
0.8813700079917908
0.8644840121269226
0.8936129808425903
0.8670049905776978
0.9058560132980347
0.8695269823074341
0.9180989861488342
0.8720489740371704
0.9303420186042786
0.8745700120925903
0.9425849914550781
0.8770920038223267
0.9548280239105225
0.879613995552063
0.9551129937171936
0.867110013961792
0.9553970098495483
0.8546050190925598
0.9556810259819031
0.842100977897644
0.955964982509613
0.829596996307373
