0.4361479878425598
0.3730289936065674
0.4313800036907196
0.3845840096473694
0.4266110062599182
0.3961380124092102
0.4218429923057556
0.4076929986476898
0.4170750081539154
0.4192480146884918
0.412306010723114
0.43080300092697144
0.4075379967689514
0.44235798716545105
0.4027700126171112
0.45391198992729187
0.3980009853839874
0.46546700596809387
0.38558200001716614
0.4640499949455261
0.37316200137138367
0.46263399720191956
0.36074298620224
0.4612169861793518
0.3483229875564575
0.45980000495910645
0.33590400218963623
0.4583829939365387
0.32348498702049255
0.45696699619293213
0.3110649883747101
0.4555499851703644
0.2986460030078888
0.454133003950119
0.29265299439430237
0.4431630074977875
0.28665998578071594
0.4321939945220947
0.2806670069694519
0.4212239980697632
0.2746739983558655
0.41025400161743164
0.26868098974227905
0.3992849886417389
0.262688010931015
0.38831499218940735
0.2566950023174286
0.3773449957370758
0.25070199370384216
0.36637499928474426
0.2629770040512085
0.3640129864215851
0.27525100111961365
0.3616499900817871
0.28752601146698
0.35928699374198914
0.2998009920120239
0.35692399740219116
0.3120749890804291
0.3545610010623932
0.3243499994277954
0.3521980047225952
0.33662500977516174
0.34983500838279724
0.3488990068435669
0.34747201204299927
0.35465699434280396
0.33637699484825134
0.3604139983654022
0.3252820074558258
0.3661719858646393
0.3141869902610779
0.37193000316619873
0.30309200286865234
0.377687007188797
0.2919969856739044
0.38344499468803406
0.2809019982814789
0.3892030119895935
0.26980701088905334
0.3949599862098694
0.2587119936943054
0.4064579904079437
0.25380799174308777
0.41795599460601807
0.2489040046930313
0.4294529855251312
0.24399900436401367
0.44095098972320557
0.23909500241279602
0.4524489939212799
0.23419000208377838
0.46394699811935425
0.22928600013256073
0.4754439890384674
0.22438199818134308
0.48694199323654175
0.21947699785232544
0.48923999071121216
0.2078630030155182
0.49153798818588257
0.19624899327754974
0.493835985660553
0.1846340000629425
0.4961340129375458
0.17302000522613525
0.4984320104122162
0.1614059954881668
