0.48916101455688477
0.20975300669670105
0.4973750114440918
0.21917499601840973
0.5055890083312988
0.2285970002412796
0.513804018497467
0.23802000284194946
0.5220180153846741
0.24744200706481934
0.5302320122718811
0.2568640112876892
0.5384460091590881
0.2662859857082367
0.5466610193252563
0.27570798993110657
0.5548750162124634
0.28512999415397644
0.548520028591156
0.27436599135398865
0.5421649813652039
0.26360198855400085
0.5358099937438965
0.25283798575401306
0.5294539928436279
0.24207399785518646
0.5230990052223206
0.23130999505519867
0.5167440176010132
0.22054600715637207
0.510388970375061
0.20978200435638428
0.5040339827537537
0.19901800155639648
0.5160250067710876
0.20254899561405182
0.5280159711837769
0.20608000457286835
0.5400069952011108
0.20961099863052368
0.5519980192184448
0.21314199268817902
0.563988983631134
0.21667300164699554
0.575980007648468
0.22020399570465088
0.5879709720611572
0.2237350046634674
0.5999619960784912
0.22726599872112274
0.6017490029335022
0.21489399671554565
0.6035370230674744
0.20252299308776855
0.6053249835968018
0.19015100598335266
0.6071119904518127
0.17778000235557556
0.6089000105857849
0.16540800034999847
0.6106879711151123
0.15303699672222137
0.6124759912490845
0.1406649947166443
0.6142629981040955
0.12829400599002838
0.6122419834136963
0.11592099815607071
0.6102210283279419
0.10354900360107422
0.6081990003585815
0.09117600321769714
0.6061779856681824
0.0788033977150917
0.6041560173034668
0.06643079966306686
