0.6707249879837036
0.35276898741722107
0.6813009977340698
0.35943201184272766
0.691877007484436
0.36609500646591187
0.7024530172348022
0.37275800108909607
0.7130290269851685
0.37942200899124146
0.7236049771308899
0.38608500361442566
0.7341809868812561
0.39274799823760986
0.7447569966316223
0.39941099286079407
0.7553330063819885
0.40607398748397827
0.7639120221138
0.4151659905910492
0.7724909782409668
0.4242570102214813
0.7810699939727783
0.43334800004959106
0.7896490097045898
0.4424389898777008
0.7982280254364014
0.45153000950813293
0.8068069815635681
0.4606209993362427
0.8153859972953796
0.4697119891643524
0.8239650130271912
0.47880399227142334
0.8262889981269836
0.4910860061645508
0.8286129832267761
0.5033680200576782
0.8309370279312134
0.5156499743461609
0.8332610130310059
0.5279319882392883
0.8355849981307983
0.5402140021324158
0.8379089832305908
0.5524960160255432
0.8402330279350281
0.5647779703140259
0.8425570130348206
0.5770599842071533
0.8371229767799377
0.5883169770240784
0.8316890001296997
0.5995740294456482
0.8262540102005005
0.6108310222625732
0.8208199739456177
0.6220870018005371
0.8153849840164185
0.6333439946174622
0.8099510073661804
0.6446009874343872
0.8045160174369812
0.6558579802513123
0.7990819811820984
0.6671149730682373
0.7882789969444275
0.6734030246734619
0.7774749994277954
0.6796910166740417
0.7666720151901245
0.6859790086746216
0.7558689713478088
0.6922670006752014
0.7450649738311768
0.6985549926757812
0.7342619895935059
0.7048429846763611
0.723459005355835
0.7111309766769409
0.7126550078392029
0.7174190282821655
0.7001609802246094
0.7177979946136475
0.6876670122146606
0.7181779742240906
0.6751729846000671
0.7185570001602173
0.6626790165901184
0.7189369797706604
0.6501839756965637
0.7193160057067871
0.637690007686615
0.7196959853172302
0.6251959800720215
0.7200750112533569
0.6127020120620728
0.7204549908638
0.601186990737915
0.7155889868736267
0.5896729826927185
0.7107239961624146
0.578158974647522
0.7058579921722412
0.5666450262069702
0.700993001461029
0.5551300048828125
0.6961269974708557
0.543615996837616
0.6912620067596436
0.5321019887924194
0.6863970160484314
0.5205879807472229
0.6815310120582581
0.5322170257568359
0.6750450134277344
0.5438460111618042
0.6685580015182495
