0.6886299848556519
0.6868569850921631
0.6999049782752991
0.6814590096473694
0.7111790180206299
0.6760600209236145
0.7224529981613159
0.6706609725952148
0.733726978302002
0.6652629971504211
0.7450010180473328
0.6598640084266663
0.7562749981880188
0.6544659733772278
0.7675489783287048
0.6490669846534729
0.7788230180740356
0.643667995929718
0.7912369966506958
0.6451299786567688
0.8036519885063171
0.6465910077095032
0.8160660266876221
0.648052990436554
0.8284800052642822
0.6495140194892883
0.8408939838409424
0.6509749889373779
0.8533089756965637
0.6524369716644287
0.8657230138778687
0.6538980007171631
0.8781369924545288
0.6553599834442139
0.8674889802932739
0.6488119959831238
0.8568419814109802
0.6422640085220337
0.8461940288543701
0.6357160210609436
0.8355460166931152
0.6291689872741699
0.8248980045318604
0.6226209998130798
0.8142499923706055
0.6160730123519897
0.8036019802093506
0.6095250248908997
0.7929540276527405
0.6029769778251648
0.8052679896354675
0.6008269786834717
0.8175820112228394
0.5986760258674622
0.82989501953125
0.5965250134468079
0.842208981513977
0.5943750143051147
0.8545219898223877
0.5922240018844604
0.8668360114097595
0.5900729894638062
0.8791499733924866
0.587922990322113
0.8914629817008972
0.5857719779014587
0.8991320133209229
0.5759009718894958
0.9068009853363037
0.5660300254821777
0.9144690036773682
0.5561580061912537
0.922137975692749
0.5462870001792908
0.9298070073127747
0.5364159941673279
0.9374759793281555
0.526544988155365
0.94514399766922
0.5166739821434021
0.9528130292892456
0.5068029761314392
0.9403510093688965
0.5077760219573975
0.9278889894485474
0.5087490081787109
0.915427029132843
0.5097230076789856
0.9029650092124939
0.5106959939002991
0.8905029892921448
0.5116689801216125
0.8780410289764404
0.5126429796218872
0.8655790090560913
0.5136160254478455
0.8531169891357422
0.5145890116691589
0.8619120121002197
0.5057070255279541
0.8707069754600525
0.4968239963054657
0.87950199842453
0.48794201016426086
0.8882970213890076
0.47905901074409485
0.8970909714698792
0.4701769948005676
0.9058859944343567
0.4612939953804016
0.9146810173988342
0.4524120092391968
0.923475980758667
0.44352900981903076
0.9117339849472046
0.43924298882484436
0.8999919891357422
0.43495699763298035
0.8882489800453186
0.43067100644111633
0.8765069842338562
0.4263859987258911
0.8647649884223938
0.4221000075340271
0.8530219793319702
0.4178139865398407
0.8412799835205078
0.4135279953479767
0.8295379877090454
0.40924200415611267
0.8337759971618652
0.3974820077419281
0.8380140066146851
0.3857229948043823
0.8422510027885437
0.37396299839019775
0.8464890122413635
0.3622030019760132
0.8507270216941833
0.3504430055618286
0.8549649715423584
0.33868399262428284
0.8592029809951782
0.32692399621009827
0.863440990447998
0.3151639997959137
