0.18967700004577637
0.6960049867630005
0.19246099889278412
0.6838189959526062
0.19524599611759186
0.6716330051422119
0.1980309933423996
0.6594470143318176
0.20081500709056854
0.6472619771957397
0.20360000431537628
0.6350759863853455
0.20638500154018402
0.6228899955749512
0.20916900038719177
0.6107040047645569
0.2119539976119995
0.5985180139541626
0.20972999930381775
0.5862169861793518
0.20750699937343597
0.5739169716835022
0.2052830010652542
0.5616160035133362
0.20306000113487244
0.5493149757385254
0.20083600282669067
0.5370150208473206
0.1986130028963089
0.5247139930725098
0.19638900458812714
0.5124130249023438
0.19416600465774536
0.5001130104064941
0.20592300593852997
0.4958679974079132
0.21768000721931458
0.49162301421165466
0.229436993598938
0.48737800121307373
0.2411939948797226
0.4831329882144928
0.2529509961605072
0.47888800501823425
0.2647089958190918
0.4746429920196533
0.2764660120010376
0.4703980088233948
0.288222998380661
0.46615299582481384
0.28854501247406006
0.45365700125694275
0.2888669967651367
0.44116100668907166
0.28918901085853577
0.42866599559783936
0.2895120084285736
0.41617000102996826
0.28983399271965027
0.40367400646209717
0.2901560068130493
0.3911780118942261
0.290477991104126
0.3786819875240326
0.2908009886741638
0.3661859929561615
0.28188198804855347
0.35742801427841187
0.2729640007019043
0.34866899251937866
0.26404500007629395
0.33991101384162903
0.2551270127296448
0.331153005361557
0.24620799720287323
0.3223940134048462
0.23728999495506287
0.31363600492477417
0.22837099432945251
0.30487701296806335
0.21945300698280334
0.29611900448799133
0.23055900633335114
0.2903830111026764
0.2416660040616989
0.28464800119400024
0.2527720034122467
0.2789129912853241
0.2638790011405945
0.27317699790000916
0.2749849855899811
0.267441987991333
0.28609201312065125
0.26170700788497925
0.29719799757003784
0.2559710144996643
0.3083049952983856
0.25023600459098816
0.3160879909992218
0.2404550015926361
0.323870986700058
0.23067300021648407
0.33165401220321655
0.22089199721813202
0.33943700790405273
0.21111099421977997
0.3472209870815277
0.2013300061225891
0.3550040125846863
0.19154800474643707
0.36278700828552246
0.18176700174808502
0.37057000398635864
0.17198599874973297
0.38274499773979187
0.16915400326251984
0.3949199914932251
0.1663230061531067
0.4070949852466583
0.16349099576473236
0.41927000880241394
0.16065900027751923
0.43144500255584717
0.15782800316810608
0.4436199963092804
0.15499599277973175
0.4557949900627136
0.1521649956703186
0.46797001361846924
0.14933300018310547
0.4775409996509552
0.15737399458885193
0.48711100220680237
0.16541500389575958
0.49668198823928833
0.17345499992370605
0.5062530040740967
0.18149599432945251
0.5158230066299438
0.18953700363636017
0.5253940224647522
0.19757799804210663
0.5349640250205994
0.20561900734901428
0.5445349812507629
0.21365900337696075
0.5568600296974182
0.21574300527572632
0.5691850185394287
0.2178259938955307
0.5815100073814392
0.21990899741649628
0.5938360095024109
0.22199200093746185
0.6061609983444214
0.22407500445842743
0.6184859871864319
0.2261579930782318
0.6308109760284424
0.2282409965991974
0.6431360244750977
0.23032400012016296
0.6489520072937012
0.21926000714302063
0.6547679901123047
0.20819500088691711
0.6605830192565918
0.1971299946308136
0.6663990020751953
0.18606600165367126
0.6722149848937988
0.17500099539756775
0.6780300140380859
0.16393600404262543
0.6838459968566895
0.1528709977865219
0.689661979675293
0.14180700480937958
0.6766530275344849
0.13854199647903442
0.663644015789032
0.13527700304985046
0.6506360173225403
0.1320119947195053
0.6376270055770874
0.12874700129032135
0.6246179938316345
0.1254819929599762
0.6116099953651428
0.12221699953079224
