0.3032959997653961
0.5438560247421265
0.29800501465797424
0.5325310230255127
0.29271399974823
0.5212060213088989
0.2874220013618469
0.5098810195922852
0.28213098645210266
0.498555988073349
0.2768400013446808
0.48723098635673523
0.2715489864349365
0.47590601444244385
0.26625800132751465
0.4645810127258301
0.2609660029411316
0.4532569944858551
0.2563549876213074
0.4416379928588867
0.25174298882484436
0.4300200045108795
0.24713100492954254
0.4184019863605499
0.24251900613307953
0.4067839980125427
0.2379080057144165
0.3951660096645355
0.2332960069179535
0.38354799151420593
0.22868399322032928
0.37192898988723755
0.22407199442386627
0.36031100153923035
0.23406000435352325
0.3527959883213043
0.24404799938201904
0.3452799916267395
0.2540369927883148
0.3377639949321747
0.2640250027179718
0.33024799823760986
0.2740130126476288
0.32273200154304504
0.2840009927749634
0.315216988325119
0.29398900270462036
0.3077009916305542
0.30397701263427734
0.3001849949359894
0.30456098914146423
0.28769901394844055
0.3051449954509735
0.27521198987960815
0.3057290017604828
0.2627260088920593
0.30631300806999207
0.2502399981021881
0.30689701437950134
0.2377530038356781
0.30748099088668823
0.22526699304580688
0.3080649971961975
0.21278099715709686
0.3086490035057068
0.20029400289058685
0.3130800127983093
0.18860599398612976
0.3175109922885895
0.17691700160503387
0.32194098830223083
0.16522899270057678
0.3263719975948334
0.1535400003194809
0.33080199360847473
0.141852006316185
0.33523300290107727
0.1301639974117279
0.3396640121936798
0.11847499758005142
0.34409400820732117
0.10678700357675552
0.35656100511550903
0.1076980009675026
0.3690280020236969
0.10860899835824966
0.38149499893188477
0.10952100157737732
0.39396101236343384
0.11043199896812439
0.4064280092716217
0.11134299635887146
0.41889500617980957
0.11225499957799911
0.43136200308799744
0.11316599696874619
0.4438279867172241
0.11407700181007385
0.45600900053977966
0.11126899719238281
0.468189001083374
0.10846100002527237
0.4803699851036072
0.10565400123596191
0.4925509989261627
0.10284599661827087
0.5047309994697571
0.10003799945116043
0.5169119834899902
0.09723000228404999
0.529092013835907
0.0944221019744873
0.5412729978561401
0.09161420166492462
0.5477340221405029
0.10231500118970871
0.5541960000991821
0.11301500350236893
0.5606579780578613
0.12371499836444855
0.5671190023422241
0.13441599905490875
0.5735809803009033
0.14511600136756897
0.5800420045852661
0.1558160036802292
0.5865039825439453
0.1665170043706894
0.5929660201072693
0.1772170066833496
0.6055099964141846
0.18163900077342987
0.6180539727210999
0.18605999648571014
