0.254597008228302
0.7546499967575073
0.24790099263191223
0.7440950274467468
0.24120500683784485
0.7335399985313416
0.23450900614261627
0.722985029220581
0.2278130054473877
0.7124300003051758
0.22111600637435913
0.7018740177154541
0.21442000567913055
0.6913189888000488
0.20772400498390198
0.6807640194892883
0.2010280042886734
0.6702089905738831
0.20593300461769104
0.6587120294570923
0.21083800494670868
0.6472139954566956
0.21574300527572632
0.63571697473526
0.22064800560474396
0.6242190003395081
0.2255530059337616
0.6127219796180725
0.23045900464057922
0.6012250185012817
0.23536400496959686
0.589726984500885
0.2402690052986145
0.5782300233840942
0.25172099471092224
0.5732200145721436
0.26317301392555237
0.5682100057601929
0.2746250033378601
0.5632010102272034
0.28607699275016785
0.5581910014152527
0.29752999544143677
0.553180992603302
0.3089820146560669
0.5481709837913513
0.32043400406837463
0.5431619882583618
0.3318859934806824
0.5381519794464111
0.3292900025844574
0.525924026966095
0.3266940116882324
0.5136970281600952
0.32409799098968506
0.5014700293540955
0.3215020000934601
0.48924198746681213
0.3189060091972351
0.4770149886608124
0.31630900502204895
0.46478700637817383
0.313713014125824
0.4525600075721741
0.3111169934272766
0.44033199548721313
0.303739994764328
0.43024200201034546
0.2963620126247406
0.4201509952545166
0.288985013961792
0.41005998849868774
0.2816070020198822
0.39996999502182007
0.2742300033569336
0.3898789882659912
0.2668519914150238
0.37978801131248474
0.2594749927520752
0.3696970045566559
0.2520970106124878
0.3596070110797882
0.26154398918151855
0.35141998529434204
0.2709900140762329
0.34323400259017944
0.2804360091686249
0.33504799008369446
0.28988298773765564
0.32686200737953186
0.29932901263237
0.3186750113964081
0.30877599120140076
0.3104889988899231
0.3182219862937927
0.3023029863834381
0.3276680111885071
0.29411599040031433
0.3396649956703186
0.29060301184654236
0.35166099667549133
0.287090003490448
0.36365699768066406
0.28357601165771484
0.3756529986858368
0.2800630033016205
0.3876489996910095
0.27654901146888733
0.39964500069618225
0.27303600311279297
0.411641001701355
0.2695229947566986
0.4236370027065277
0.26600900292396545
0.42834600806236267
0.27758800983428955
0.43305501341819763
0.28916800022125244
0.4377639889717102
0.30074700713157654
0.44247299432754517
0.31232601404190063
0.4471819996833801
0.32390499114990234
0.4518910050392151
0.33548399806022644
0.45660001039505005
0.34706300497055054
0.4613089859485626
0.35864201188087463
0.46559301018714905
0.37038499116897583
0.4698770046234131
0.3821280002593994
0.4741609990596771
0.393871009349823
0.47844499349594116
0.4056139886379242
0.4827280044555664
0.4173569977283478
0.48701199889183044
0.42910000681877136
0.4912959933280945
0.44084298610687256
0.4955799877643585
0.45258599519729614
0.499332994222641
0.4645090103149414
0.5030859708786011
0.47643300890922546
0.5068399906158447
0.48835599422454834
0.5105929970741272
0.5002790093421936
0.5143460035324097
0.5122020244598389
0.5180990099906921
0.5241259932518005
0.5218520164489746
0.5360490083694458
0.5256050229072571
0.5479720234870911
0.5281450152397156
0.5602110028266907
0.5306860208511353
0.5724509954452515
0.5332260131835938
0.5846899747848511
0.5357660055160522
0.5969290137290955
0.5383059978485107
0.6091679930686951
0.5408459901809692
0.6214069724082947
0.5433859825134277
0.6336470246315002
0.5459259748458862
0.6458860039710999
0.5473790168762207
0.6583009958267212
0.5488309860229492
0.6707159876823425
0.5502840280532837
0.683131992816925
0.5517370104789734
0.6955469846725464
0.5531899929046631
0.7079619765281677
0.5546420216560364
0.7203779816627502
0.5560950040817261
0.7327929735183716
0.5575479865074158
0.7452080249786377
0.5450760126113892
0.7443699836730957
0.5326039791107178
0.7435309886932373
0.5201320052146912
0.7426919937133789
0.5076599717140198
0.7418540120124817
0.49518901109695435
0.7410150170326233
0.48271700739860535
0.7401760220527649
0.47024500370025635
0.7393379807472229
0.45777300000190735
0.7384989857673645
0.44468799233436584
0.7332299947738647
0.4316039979457855
0.7279599905014038
0.418518990278244
0.722690999507904
