0.26654699444770813
0.7773399949073792
0.2654460072517395
0.7648879885673523
0.2643440067768097
0.7524369955062866
0.2632429897785187
0.739986002445221
0.26214098930358887
0.7275339961051941
0.26104000210762024
0.7150830030441284
0.25993800163269043
0.7026320099830627
0.2588370144367218
0.6901800036430359
0.257735013961792
0.6777290105819702
0.2558169960975647
0.6653770208358765
0.2538979947566986
0.6530249714851379
0.2519800066947937
0.6406729817390442
0.2500610053539276
0.6283209919929504
0.2481430023908615
0.6159690022468567
0.24622400104999542
0.6036170125007629
0.24430599808692932
0.5912650227546692
0.24238699674606323
0.5789139866828918
0.2544420063495636
0.5756059885025024
0.2664960026741028
0.5722990036010742
0.27855101227760315
0.5689910054206848
0.29060500860214233
0.5656840205192566
0.3026599884033203
0.5623760223388672
0.3147140145301819
0.5590689778327942
0.32676899433135986
0.5557609796524048
0.33882299065589905
0.5524539947509766
0.3368619978427887
0.5401089787483215
0.33489999175071716
0.5277640223503113
0.33293798565864563
0.5154179930686951
0.3309769928455353
0.50307297706604
0.32901498675346375
0.4907279908657074
0.3270539939403534
0.47838300466537476
0.32509198784828186
0.4660379886627197
0.3231300115585327
0.4536930024623871
0.31224000453948975
0.4475579857826233
0.301349014043808
0.4414229989051819
0.29045799374580383
0.4352869987487793
0.27956700325012207
0.4291520118713379
0.2686760127544403
0.4230169951915741
0.25778600573539734
0.4168820083141327
0.24689500033855438
0.4107469916343689
0.23600399494171143
0.4046109914779663
0.24171899259090424
0.39349400997161865
0.24743400514125824
0.3823769986629486
0.25314900279045105
0.37125998735427856
0.25886398553848267
0.3601430058479309
0.2645780146121979
0.34902599453926086
0.2702929973602295
0.3379090130329132
0.2760080099105835
0.32679200172424316
0.2817229926586151
0.3156749904155731
0.2863349914550781
0.30384400486946106
0.2909480035305023
0.2920129895210266
