0.40838199853897095
0.23817500472068787
0.40381500124931335
0.24981099367141724
0.39924800395965576
0.261447012424469
0.39468100666999817
0.27308300137519836
0.3901140093803406
0.28471899032592773
0.385547012090683
0.2963550090789795
0.3809800148010254
0.30799099802970886
0.3764129877090454
0.31962600350379944
0.3718459904193878
0.3312619924545288
0.36601701378822327
0.3202050030231476
0.36018699407577515
0.30914801359176636
0.3543570041656494
0.29809001088142395
0.3485270142555237
0.28703299164772034
0.34269800782203674
0.2759760022163391
0.3368679881095886
0.2649179995059967
0.3310379981994629
0.2538610100746155
0.32520899176597595
0.24280400574207306
0.3252289891242981
0.23030400276184082
0.32524898648262024
0.21780399978160858
0.32526901364326477
0.20530399680137634
0.3252899944782257
0.1928039938211441
0.32530999183654785
0.18030400574207306
0.32532998919487
0.16780400276184082
0.3253509998321533
0.15530399978160858
0.32537099719047546
0.14280399680137634
0.33766600489616394
0.14505800604820251
0.3499610126018524
0.1473110020160675
0.3622559905052185
0.14956499636173248
0.37455201148986816
0.15181900560855865
0.38684698939323425
0.15407299995422363
0.39914199709892273
0.1563269942998886
0.4114370048046112
0.15858100354671478
0.4237320125102997
0.16083399951457977
0.4362039864063263
0.15999799966812134
0.4486759901046753
0.1591619998216629
0.4611479938030243
0.15832500159740448
0.4736199975013733
0.15748900175094604
0.4860920011997223
0.1566530019044876
0.4985640048980713
0.1558160036802292
0.5110359787940979
0.15498000383377075
0.5235080122947693
0.15414400398731232
0.5307220220565796
0.16435199975967407
0.5379359722137451
0.17456099390983582
0.545149028301239
0.18476900458335876
0.5523629784584045
0.19497700035572052
0.5595769882202148
0.20518599450588226
0.5667909979820251
0.2153940051794052
0.5740039944648743
0.22560299932956696
0.5812180042266846
0.2358109951019287
0.5913019776344299
0.2431969940662384
0.6013870239257812
0.2505840063095093
0.6114709973335266
0.25797000527381897
0.621554970741272
0.26535698771476746
0.6316390037536621
0.27274298667907715
0.6417229771614075
0.280129998922348
0.6518070101737976
0.2875159978866577
0.6618919968605042
0.2949030101299286
0.6741740107536316
0.2972260117530823
0.686456024646759
0.29954999685287476
0.6987379789352417
0.30187299847602844
0.7110199928283691
0.30419600009918213
0.7233020067214966
0.3065199851989746
0.7355849742889404
0.3088429868221283
0.7478669881820679
0.31116700172424316
0.7601490020751953
0.31349000334739685
0.7701370120048523
0.30597400665283203
0.7801250219345093
0.298458993434906
0.7901129722595215
0.2909429967403412
0.8001009821891785
0.28342700004577637
0.8100889921188354
0.27591100335121155
0.8200770020484924
0.26839500665664673
0.8300650119781494
0.2608790099620819
0.8400530219078064
0.2533630132675171
0.828935980796814
0.24764899909496307
0.8178189992904663
0.24193400144577026
0.8067010045051575
0.23622000217437744
0.7955840229988098
0.23050500452518463
0.7844669818878174
0.2247910052537918
0.7733489871025085
0.2190759927034378
0.7622320055961609
0.21336199343204498
0.7511150240898132
0.20764699578285217
0.7615090012550354
0.20070399343967438
0.7719039916992188
0.19376100599765778
0.7822980284690857
0.18681800365447998
0.792693018913269
0.17987500131130219
0.8030869960784912
0.1729319989681244
0.8134809732437134
0.1659889966249466
0.8238760232925415
0.1590459942817688
0.8342700004577637
0.1521030068397522
0.8291800022125244
0.13964000344276428
0.8240900039672852
0.12717600166797638
0.8190000057220459
0.11471199989318848
0.8139100074768066
0.10224799811840057
0.8088200092315674
0.08978389948606491
0.8037300109863281
0.07732000201940536
