0.04267039895057678
0.40570101141929626
0.043283600360155106
0.39321601390838623
0.04389689862728119
0.3807309865951538
0.04451020061969757
0.3682459890842438
0.045123498886823654
0.35576099157333374
0.045736800879240036
0.3432759940624237
0.04634999856352806
0.33079099655151367
0.04696330055594444
0.3183070123195648
0.047576598823070526
0.3058220148086548
0.054936300963163376
0.2957180142402649
0.062296099960803986
0.285614013671875
0.06965579837560654
0.2755109965801239
0.07701560109853745
0.265406996011734
0.08437529951334
0.2553029954433441
0.09173499792814255
0.2451999932527542
0.09909480065107346
0.23509599268436432
0.106454998254776
0.22499200701713562
0.11879099905490875
0.22297799587249756
0.1311279982328415
0.2209639996290207
0.14346499741077423
0.21895000338554382
0.15580099821090698
0.21693600714206696
0.16813799738883972
0.2149219959974289
0.18047499656677246
0.21290799975395203
0.1928109973669052
0.21089400351047516
0.20514799654483795
0.2088800072669983
0.2132979929447174
0.19940200448036194
0.22144800424575806
0.18992400169372559
0.2295980006456375
0.18044699728488922
0.23774799704551697
0.17096899449825287
0.24589799344539642
0.1614910066127777
0.2540479898452759
0.15201400220394135
0.26219800114631653
0.142535999417305
0.27034899592399597
0.13305799663066864
0.282600998878479
0.13058599829673767
0.29485398530960083
0.1281130015850067
0.30710700154304504
0.12564000487327576
0.31935998797416687
0.1231670007109642
0.3316130042076111
0.12069399654865265
0.3438659906387329
0.11822199821472168
0.3561190068721771
0.11574900150299072
0.36837199330329895
0.11327599734067917
0.3808709979057312
0.11311499774456024
0.39337000250816345
0.11295299977064133
0.4058690071105957
0.1127920001745224
0.41836801171302795
0.11263000220060349
0.4308669865131378
0.11246900260448456
0.44336599111557007
0.11230699717998505
0.4558649957180023
0.11214499920606613
0.46836400032043457
0.1119839996099472
0.47467300295829773
0.12277500331401825
0.4809809923171997
0.1335660070180893
0.48728999495506287
0.14435799419879913
0.493598997592926
0.15514899790287018
0.4999080002307892
0.16594000160694122
0.5062159895896912
0.17673100531101227
0.5125250220298767
0.18752199411392212
0.5188339948654175
0.19831299781799316
0.5254870057106018
0.2088959962129593
0.5321400165557861
0.21947799623012543
0.5387930274009705
0.23006099462509155
0.54544597864151
0.2406429946422577
0.5520989894866943
0.251226007938385
0.5587509870529175
0.26180800795555115
0.5654039978981018
0.2723909914493561
0.5720570087432861
0.2829729914665222
0.5803560018539429
0.29232099652290344
0.5886560082435608
0.3016679883003235
0.5969550013542175
0.3110150098800659
0.6052539944648743
0.32036298513412476
0.613552987575531
0.3297100067138672
0.6218519806861877
0.33905699849128723
0.6301519870758057
0.34840500354766846
0.6384509801864624
0.3577519953250885
0.6484150290489197
0.3652989864349365
0.6583799719810486
0.37284600734710693
0.6683440208435059
0.38039299845695496
0.6783090233802795
0.38794100284576416
0.688273012638092
0.3954879939556122
0.6982380151748657
0.4030350148677826
0.7082020044326782
0.4105820059776306
0.7181670069694519
0.41812899708747864
0.730633020401001
0.41721200942993164
0.7430999875068665
0.41629600524902344
0.7555660009384155
0.41537898778915405
0.7680320143699646
0.41446200013160706
0.7804989814758301
0.41354599595069885
0.7929649949073792
0.41262900829315186
0.8054310083389282
0.41171199083328247
0.8178979754447937
0.41079598665237427
0.8246049880981445
0.42134401202201843
0.8313130140304565
0.4318920075893402
0.8380200266838074
0.442440003156662
0.8447269797325134
0.45298799872398376
0.8514350056648254
0.46353599429130554
0.8581420183181763
0.4740839898586273
0.8648499846458435
0.4846319854259491
0.8715569972991943
0.49518001079559326
0.880806028842926
0.4859749972820282
0.8900550007820129
0.47676900029182434
0.8993030190467834
0.4675639867782593
