0.1103300005197525
0.5281720161437988
0.11959200352430344
0.5197780132293701
0.12885400652885437
0.5113840103149414
0.1381170004606247
0.5029900074005127
0.14737899601459503
0.494596004486084
0.15664100646972656
0.4862020015716553
0.1659040004014969
0.47780799865722656
0.17516599595546722
0.46941399574279785
0.18442800641059875
0.46101999282836914
0.1967409998178482
0.4588660001754761
0.20905500650405884
0.4567129909992218
0.2213679999113083
0.4545600116252899
0.23368099331855774
0.45240598917007446
0.24599400162696838
0.4502530097961426
0.25830700993537903
0.4481000006198883
0.2706199884414673
0.44594600796699524
0.28293299674987793
0.44379299879074097
0.29448598623275757
0.4485659897327423
0.3060390055179596
0.45333901047706604
0.31759199500083923
0.4581120014190674
0.32914501428604126
0.4628849923610687
0.3406980037689209
0.46765801310539246
0.35225000977516174
0.4724310040473938
0.3638029992580414
0.47720399498939514
0.375355988740921
0.4819769859313965
0.385672003030777
0.4862389862537384
0.39598798751831055
0.4905009865760803
0.4063040018081665
0.49476298689842224
