0.8760610222816467
0.6687390208244324
0.863618016242981
0.6675469875335693
0.8511750102043152
0.6663550138473511
0.8387320041656494
0.665162980556488
0.8262889981269836
0.6639710068702698
0.8138459920883179
0.6627780199050903
0.8014029860496521
0.6615859866142273
0.7889599800109863
0.660394012928009
0.7765169739723206
0.659201979637146
0.764743983745575
0.6550019979476929
0.7529709935188293
0.6508010029792786
0.7411980032920837
0.6466000080108643
0.7294250130653381
0.64239901304245
0.7176520228385925
0.638198971748352
0.7058789730072021
0.6339979767799377
0.6941059827804565
0.6297969818115234
0.6823329925537109
0.6255959868431091
0.6740570068359375
0.6162279844284058
0.6657810211181641
0.6068599820137024
0.6575049757957458
0.597491979598999
0.6492289900779724
0.5881239771842957
0.6409540176391602
0.5787559747695923
0.6326779723167419
0.5693879723548889
0.6244019865989685
0.5600200295448303
0.6161260008811951
0.550652027130127
0.6279820203781128
0.5546110272407532
0.6398389935493469
0.5585700273513794
0.6516960263252258
0.5625290274620056
0.6635519862174988
0.5664880275726318
0.6754090189933777
0.5704460144042969
0.6872649788856506
0.5744050145149231
0.6991220116615295
0.5783640146255493
0.7109779715538025
0.5823230147361755
0.7234780192375183
0.5823559761047363
0.7359780073165894
0.5823889970779419
0.7484779953956604
0.5824220180511475
0.7609779834747314
0.5824559926986694
0.7734779715538025
0.582489013671875
0.7859780192375183
0.5825219750404358
0.7984780073165894
0.5825549960136414
0.8109779953956604
0.5825880169868469
0.8227229714393616
0.578311026096344
0.8344690203666687
0.5740339756011963
0.8462139964103699
0.5697569847106934
0.8579599857330322
0.5654799938201904
0.8697050213813782
0.5612030029296875
0.8814510107040405
0.5569260120391846
0.8931959867477417
0.5526490211486816
0.904941976070404
0.5483719706535339
0.8924490213394165
0.5487930178642273
0.8799560070037842
0.5492140054702759
0.8674629926681519
0.5496349930763245
0.8549699783325195
0.550055980682373
0.842477023601532
0.5504770278930664
0.8299840092658997
0.550898015499115
0.8174909949302673
0.5513190031051636
0.8049989938735962
0.5517399907112122
0.8148229718208313
0.5440109968185425
0.8246470093727112
0.5362820029258728
0.8344709873199463
0.5285530090332031
0.8442950248718262
0.5208250284194946
0.8541190028190613
0.5130959749221802
0.8639439940452576
0.5053669810295105
0.8737679719924927
0.4976379871368408
0.8835920095443726
0.48990899324417114
0.8712819814682007
0.4920789897441864
0.8589709997177124
0.49424800276756287
0.8466609716415405
0.4964179992675781
0.8343510031700134
0.4985879957675934
0.8220409750938416
0.5007569789886475
0.8097299933433533
0.5029270052909851
0.7974200248718262
0.505096971988678
0.7851099967956543
0.5072669982910156
0.7763389945030212
0.4983600080013275
0.7675690054893494
0.489452987909317
0.7587990164756775
0.4805459976196289
0.7500280141830444
0.4716399908065796
0.7412580251693726
0.4627330005168915
0.7324870228767395
0.45382601022720337
0.7237169742584229
0.44491899013519287
0.714946985244751
0.43601301312446594
0.714959979057312
0.4235129952430725
0.7149739861488342
0.41101300716400146
0.7149879932403564
0.39851298928260803
0.7150020003318787
0.386013001203537
0.7150160074234009
0.37351301312446594
0.7150300145149231
0.3610129952430725
0.7150440216064453
0.34851300716400146
0.7150580286979675
0.33601298928260803
0.722881019115448
0.32626399397850037
0.7307050228118896
0.3165149986743927
0.7385280132293701
0.30676600337028503
0.7463520169258118
0.29701700806617737
0.7541750073432922
0.2872680127620697
0.7619990110397339
0.27751898765563965
0.7698220014572144
0.267769992351532
0.777646005153656
0.2580209970474243
0.789825975894928
0.2567639946937561
0.8020060062408447
0.2555069923400879
0.8141869902610779
0.2542499899864197
0.8263670206069946
0.25299298763275146
