0.6292719841003418
0.2122489959001541
0.6293950080871582
0.22474899888038635
0.6295179724693298
0.2372480034828186
0.6296409964561462
0.24974800646305084
0.6297640204429626
0.2622469961643219
0.6298869848251343
0.27474600076675415
0.6300110220909119
0.2872459888458252
0.6301339864730835
0.29974499344825745
0.6302570104598999
0.3122439980506897
0.6303009986877441
0.32474398612976074
0.6303449869155884
0.3372440040111542
0.6303889751434326
0.3497439920902252
0.6304330229759216
0.36224400997161865
0.6304759979248047
0.3747439980506897
0.6305199861526489
0.38724398612976074
0.6305639743804932
0.3997440040111542
0.6306080222129822
0.4122439920902252
0.6300479769706726
0.42473098635673523
0.6294879913330078
0.4372189939022064
0.628928005695343
0.44970598816871643
0.6283680200576782
0.4621939957141876
0.6278079748153687
0.47468098998069763
0.6272479891777039
0.4871689975261688
0.6266880035400391
0.49965599179267883
0.6261270046234131
0.5121430158615112
0.6145560145378113
0.5168709754943848
0.6029850244522095
0.5215989947319031
0.5914130210876465
0.5263270139694214
0.5798419713973999
0.5310549736022949
0.5682700276374817
0.5357829928398132
0.5566989779472351
0.5405099987983704
0.5451269745826721
0.5452380180358887
0.5335559844970703
0.5499659776687622
0.5275779962539673
0.5609440207481384
0.5216000080108643
0.5719220042228699
0.5156220197677612
0.5828989744186401
0.5096439719200134
0.5938770174980164
0.5036649703979492
0.6048550009727478
0.4976870119571686
0.6158329844474792
0.49170899391174316
0.6268110275268555
0.48573100566864014
0.6377879977226257
0.48079898953437805
0.6492739915847778
0.47586700320243835
0.6607599854469299
0.47093498706817627
0.672245979309082
0.4660030007362366
0.6837319731712341
0.4610710144042969
0.695218026638031
0.4561389982700348
0.7067040205001831
0.4512070119380951
0.718189001083374
0.446274995803833
0.7296749949455261
0.4399479925632477
0.7404559850692749
0.43362098932266235
0.7512360215187073
0.42729300260543823
0.7620159983634949
0.4209659993648529
0.7727969884872437
0.4146389961242676
0.783577024936676
0.40831199288368225
0.7943580150604248
0.40198400616645813
0.8051379919052124
0.3956570029258728
0.8159180283546448
0.38537898659706116
0.808804988861084
0.3751010000705719
0.8016909956932068
0.36482200026512146
0.7945770025253296
0.3545440137386322
0.7874630093574524
0.34426501393318176
0.7803500294685364
0.3339869976043701
0.7732359766960144
0.32370901107788086
0.7661219835281372
0.3134300112724304
0.75900799036026
0.3209480047225952
0.7689949870109558
0.32846599817276
0.7789819836616516
0.335983008146286
0.7889689803123474
0.3435010015964508
0.7989559769630432
0.3510180115699768
0.8089420199394226
0.3585360050201416
0.8189290165901184
0.3660529851913452
0.8289160132408142
0.3735710084438324
0.83890300989151
