0.9049050211906433
0.5786020159721375
0.8925989866256714
0.576403021812439
0.8802940249443054
0.5742049813270569
0.8679890036582947
0.5720070004463196
0.8556839823722839
0.5698090195655823
0.843379020690918
0.5676109790802002
0.831072986125946
0.5654119849205017
0.8187680244445801
0.5632140040397644
0.8064630031585693
0.5610160231590271
0.8187010288238525
0.5584719777107239
0.8309400081634521
0.5559279918670654
0.8431779742240906
0.553384006023407
0.855417013168335
0.5508409738540649
0.8676549792289734
0.5482969880104065
0.8798940181732178
0.545753002166748
0.8921319842338562
0.5432090163230896
0.9043700098991394
0.5406649708747864
0.9080110192298889
0.5287070274353027
0.9116510152816772
0.5167490243911743
0.9152920246124268
0.5047910213470459
0.9189320206642151
0.4928329885005951
0.9225720167160034
0.4808749854564667
0.9262130260467529
0.46891599893569946
0.9298530220985413
0.45695799589157104
0.9334930181503296
0.4449999928474426
0.9210349917411804
0.44398200511932373
0.9085760116577148
0.44296300411224365
0.8961179852485657
0.44194498658180237
0.8836600184440613
0.44092699885368347
0.8712009787559509
0.4399079978466034
0.8587430119514465
0.4388900101184845
0.8462839722633362
0.4378719925880432
0.8338260054588318
0.43685299158096313
0.8234390020370483
0.443807989358902
0.8130519986152649
0.450762003660202
0.8026649951934814
0.45771700143814087
0.7922790050506592
0.46467098593711853
0.7818920016288757
0.47162601351737976
0.7715049982070923
0.4785799980163574
0.7611179947853088
0.48553499579429626
0.7507309913635254
0.4924890100955963
0.7410460114479065
0.5003920197486877
0.7313609719276428
0.5082939863204956
0.7216759920120239
0.5161970257759094
0.711991012096405
0.5240989923477173
0.7023059725761414
0.5320019721984863
0.6926209926605225
0.539903998374939
0.6829360127449036
0.547806978225708
0.6732509732246399
0.5557100176811218
0.6628569960594177
0.5626530051231384
0.6524630188941956
0.569595992565155
0.6420689821243286
0.5765399932861328
0.6316739916801453
0.5834829807281494
0.6212800145149231
0.5904260277748108
0.6108859777450562
0.5973700284957886
0.600492000579834
0.6043130159378052
0.5900980234146118
0.6112560033798218
0.5779479742050171
0.6083189845085144
0.5657979846000671
0.6053810119628906
0.5536479949951172
0.6024429798126221
0.5414980053901672
0.5995050072669983
0.5293480157852173
0.5965669751167297
0.5171989798545837
0.593629002571106
0.5050489902496338
0.5906909704208374
0.49289900064468384
0.5877529978752136
0.4817900061607361
0.5809550285339355
