0.1728760004043579
0.19760599732398987
0.18537600338459015
0.19752399623394012
0.1978760063648224
0.19744199514389038
0.21037499606609344
0.19735999405384064
0.22287499904632568
0.1972779929637909
0.23537500202655792
0.19719600677490234
0.24787500500679016
0.1971130073070526
0.2603740096092224
0.19703100621700287
0.27287399768829346
0.19694900512695312
0.2808600068092346
0.2065660059452057
0.2888450026512146
0.21618199348449707
0.29683101177215576
0.22579899430274963
0.30481600761413574
0.2354159951210022
0.3128019869327545
0.24503199756145477
0.3207879960536957
0.25464901328086853
0.32877299189567566
0.2642660140991211
0.3367590010166168
0.2738820016384125
0.3295530080795288
0.28409600257873535
0.3223469853401184
0.294310986995697
0.3151420056819916
0.3045249879360199
0.30793601274490356
0.3147389888763428
0.30072999000549316
0.32495298981666565
0.29352501034736633
0.3351669907569885
0.28631898760795593
0.3453809916973114
0.2791129946708679
0.3555949926376343
0.27321699261665344
0.36661699414253235
0.26732000708580017
0.3776389956474304
0.2614240050315857
0.3886609971523285
0.25552698969841003
0.39968299865722656
0.24963000416755676
0.41070398688316345
0.24373400211334229
0.4217259883880615
0.23783700168132782
0.4327479898929596
0.23194099962711334
0.44376999139785767
0.22430700063705444
0.4536679983139038
0.21667300164699554
0.46356600522994995
0.20903900265693665
0.4734640121459961
0.20140500366687775
0.48336198925971985
0.19377100467681885
0.493259996175766
0.18613700568675995
0.5031579732894897
0.17850300669670105
0.5130569934844971
0.17086899280548096
0.5229550004005432
0.16510599851608276
0.53404700756073
0.15934400260448456
0.5451400279998779
0.15358099341392517
0.5562319755554199
0.14781899750232697
0.5673249959945679
0.14205600321292877
0.5784170031547546
0.13629400730133057
0.5895100235939026
0.13053099811077118
0.6006019711494446
0.12476900219917297
0.6116949915885925
0.11647699773311615
0.6210479736328125
0.10818500071763992
0.6304020285606384
0.0998924970626831
0.6397560238838196
0.09160050004720688
0.6491090059280396
0.0833083987236023
0.6584630012512207
0.07501640170812607
0.6678169965744019
0.06672430038452148
0.6771699786186218
0.0584321990609169
0.686523973941803
0.0570807009935379
0.6793839931488037
