0.21244299411773682
0.8863710165023804
0.21393300592899323
0.873960018157959
0.21542200446128845
0.8615490198135376
0.21691200137138367
0.8491380214691162
0.21840199828147888
0.8367270231246948
0.2198909968137741
0.8243160247802734
0.22138099372386932
0.811905026435852
0.22287100553512573
0.7994940280914307
0.22436000406742096
0.7870830297470093
0.23663100600242615
0.784699022769928
0.24890199303627014
0.7823150157928467
0.26117199659347534
0.7799310088157654
0.2734430134296417
0.7775470018386841
0.28571298718452454
0.7751629948616028
0.2979840040206909
0.7727789878845215
0.3102540075778961
0.7703949809074402
0.3225249946117401
0.7680109739303589
0.3349840044975281
0.7670009732246399
0.34744301438331604
0.7659900188446045
0.3599019944667816
0.7649790048599243
0.3723610043525696
0.7639679908752441
0.38482001423835754
0.762956976890564
0.3972789943218231
0.761946976184845
0.4097380042076111
0.7609360218048096
0.42219701409339905
0.7599250078201294
0.434471994638443
0.7559289932250977
0.4467470049858093
0.7519329786300659
0.4590210020542145
0.747937023639679
0.4712960124015808
0.7439410090446472
0.48357099294662476
0.7399449944496155
0.4958449900150299
0.7359480261802673
