0.39060699939727783
0.06050189957022667
0.38108399510383606
0.06859920173883438
0.3715609908103943
0.07669640332460403
0.3620389997959137
0.08479370176792145
0.3525159955024719
0.09289100021123886
0.34299299120903015
0.1009880006313324
0.3334699869155884
0.10908599942922592
0.323947012424469
0.11718299984931946
0.3144240081310272
0.1252799928188324
0.302033007144928
0.12363900244235992
0.28964099287986755
0.12199799716472626
0.2772490084171295
0.1203560009598732
0.2648569941520691
0.11871500313282013
0.25246500968933105
0.11707399785518646
0.24007399380207062
0.11543300002813339
0.2276819944381714
0.11379099637269974
0.21528999507427216
0.11214999854564667
0.20759299397468567
0.12199900299310684
0.19989599287509918
0.131849005818367
0.1921990066766739
0.14169800281524658
0.1845020055770874
0.15154699981212616
0.17680500447750092
0.16139599680900574
0.16910800337791443
0.17124499380588531
0.16141100227832794
0.1810940057039261
0.15371400117874146
0.19094400107860565
0.1494240015745163
0.20268400013446808
0.14513400197029114
0.2144249975681305
0.14084400236606598
0.2261659950017929
0.13655400276184082
0.23790700733661652
0.13226400315761566
0.24964800477027893
0.1279740035533905
0.26138800382614136
0.12368399649858475
0.2731289863586426
0.11939399689435959
0.2848699986934662
0.1106330007314682
0.2937850058078766
0.10187099874019623
0.3027009963989258
0.09310930222272873
0.3116160035133362
0.08434759825468063
0.3205310106277466
0.07558590173721313
0.3294459879398346
0.06682419776916504
0.3383620083332062
0.05806250125169754
0.3472769856452942
0.04930080100893974
0.3561919927597046
0.04924140125513077
0.3457210063934326
0.04918200150132179
0.33525100350379944
