0.9195759892463684
0.2573559880256653
0.918524980545044
0.2698110044002533
0.9174730181694031
0.2822670042514801
0.9164220094680786
0.2947230041027069
0.9153710007667542
0.3071790039539337
0.9143189787864685
0.31963399052619934
0.9132680296897888
0.33208999037742615
0.9122170209884644
0.34454599022865295
0.9111660122871399
0.35700100660324097
0.9104089736938477
0.3694779872894287
0.9096530079841614
0.3819560110569
0.9088960289955139
0.39443299174308777
0.9081400036811829
0.4069100022315979
0.9073830246925354
0.41938701272010803
0.9066269993782043
0.4318639934062958
0.9058700203895569
0.4443410038948059
0.9051139950752258
0.45681801438331604
0.9051499962806702
0.4693180024623871
0.9051870107650757
0.48181799054145813
0.9052240252494812
0.49431800842285156
0.9052609801292419
0.5068179965019226
0.9052979946136475
0.5193179845809937
0.905335009098053
0.5318179726600647
0.9053720235824585
0.5443180203437805
0.9054080247879028
0.5568180084228516
0.9044579863548279
0.5692819952964783
0.9035080075263977
0.5817450284957886
0.9025580286979675
0.5942090153694153
0.9016079902648926
0.606673002243042
0.9006580114364624
0.6191369891166687
0.8997079730033875
0.6316009759902954
0.8987579941749573
0.6440650224685669
0.8978080153465271
0.6565279960632324
0.8969510197639465
0.6689990162849426
0.896094024181366
0.6814699769020081
0.8952370285987854
0.6939399838447571
0.8943799734115601
0.7064110040664673
0.8935229778289795
0.7188810110092163
0.8926659822463989
0.7313519716262817
0.8918089866638184
0.7438229918479919
0.8909519910812378
0.756292998790741
0.8897950053215027
0.7687389850616455
0.8886380195617676
0.7811859846115112
0.8874819874763489
0.7936319708824158
0.8863250017166138
0.8060789704322815
0.8851680159568787
0.8185250163078308
0.8840109705924988
0.8309710025787354
0.8828549981117249
0.8434180021286011
0.8816980123519897
0.8558639883995056
0.8924810290336609
0.8469550013542175
0.9032639861106873
0.8380470275878906
0.9140470027923584
0.8291379809379578
