0.7865210175514221
0.14837099611759186
0.7888349890708923
0.16065500676631927
0.7911490201950073
0.1729390025138855
0.7934629917144775
0.18522299826145172
0.7957770228385925
0.19750699400901794
0.7980909943580627
0.20979100465774536
0.8004040122032166
0.22207500040531158
0.8027179837226868
0.2343589961528778
0.8050320148468018
0.24664300680160522
0.8055319786071777
0.2591330111026764
0.8060320019721985
0.27162298560142517
0.8065329790115356
0.28411298990249634
0.8070330023765564
0.2966029942035675
0.8075330257415771
0.30909299850463867
0.8080329895019531
0.32158300280570984
0.8085330128669739
0.334073007106781
0.8090329766273499
0.3465630114078522
0.80936199426651
0.3590579926967621
0.8096910119056702
0.3715539872646332
0.8100190162658691
0.38405001163482666
0.8103479743003845
0.3965449929237366
0.8106769919395447
0.40904098749160767
0.8110060095787048
0.42153701186180115
0.8113340139389038
0.43403199315071106
0.8116629719734192
0.44652798771858215
0.8103110194206238
0.45895498991012573
0.8089600205421448
0.4713819921016693
0.8076080083847046
0.4838080108165741
0.8062559962272644
0.4962350130081177
0.8049049973487854
0.5086619853973389
0.8035529851913452
0.5210880041122437
0.802200973033905
0.5335149765014648
0.800849974155426
0.5459420084953308
0.7955060005187988
0.5572419762611389
0.7901620268821716
0.5685420036315918
0.7848179936408997
0.5798419713973999
0.7794740200042725
0.5911419987678528
0.7741299867630005
0.6024420261383057
0.7687860131263733
0.613743007183075
0.7634429931640625
0.6250429749488831
0.7580990195274353
0.6363430023193359
0.7533630132675171
0.647911012172699
0.7486280202865601
0.659479022026062
0.743893027305603
0.6710479855537415
0.7391570210456848
0.6826159954071045
0.7344220280647278
0.6941840052604675
0.7296860218048096
0.7057530283927917
0.7249510288238525
0.71732097864151
0.7202159762382507
0.728888988494873
0.7092180252075195
0.7348309755325317
0.6982200145721436
0.740772008895874
0.6872220039367676
0.7467129826545715
0.6762239933013916
0.7526540160179138
0.6652259826660156
0.7585949897766113
0.6542289853096008
0.7645360231399536
0.6432309746742249
0.7704780101776123
0.6322330236434937
0.7764189839363098
0.6209689974784851
0.7818390130996704
0.6097059845924377
0.7872599959373474
0.598442018032074
0.792680025100708
0.5871790051460266
0.798101007938385
0.5759149789810181
0.8035209774971008
0.5646520256996155
0.8089420199394226
0.5533879995346069
0.8143619894981384
0.5421239733695984
0.8197829723358154
0.5297359824180603
0.8181179761886597
0.517346978187561
0.8164520263671875
0.504958987236023
0.814786970615387
0.49257001280784607
0.8131210207939148
0.4801819920539856
0.811456024646759
0.46779298782348633
0.8097910284996033
0.45540401339530945
0.8081250190734863
0.443015992641449
0.8064600229263306
0.4339520037174225
0.8150680065155029
0.4248889982700348
0.8236770033836365
0.4158259928226471
0.8322849869728088
0.4067620038986206
0.8408939838409424
0.3976989984512329
0.8495020270347595
0.3886359930038452
0.8581100106239319
0.3795720040798187
0.8667190074920654
0.37050899863243103
0.8753269910812378
0.3608970046043396
0.8673350214958191
0.35128599405288696
0.8593429923057556
0.3416750133037567
0.8513510227203369
0.3320629894733429
0.8433589935302734
0.32245200872421265
0.8353670239448547
0.3128400146961212
0.8273749947547913
0.3032290041446686
0.8193830251693726
0.29361799359321594
0.8113909959793091
0.3058469891548157
0.8088060021400452
0.3180769979953766
0.8062210083007812
0.3303070068359375
0.8036360144615173
0.342536985874176
0.8010510206222534
0.35476601123809814
0.7984650135040283
0.36699599027633667
0.7958800196647644
0.3792259991168976
0.7932950258255005
0.3914560079574585
0.7907099723815918
0.3872790038585663
0.7789279818534851
0.38310301303863525
0.7671459913253784
0.37892699241638184
0.7553650140762329
0.3747510015964508
0.7435830235481262
0.3705750107765198
0.7318009734153748
0.36639800667762756
0.7200189828872681
0.36222198605537415
0.7082380056381226
0.3580459952354431
0.6964560151100159
0.37046799063682556
0.6978480219841003
0.382889986038208
0.6992390155792236
0.39531299471855164
0.7006310224533081
0.4077349901199341
0.7020230293273926
0.42015698552131653
0.7034149765968323
0.43257901072502136
0.7048060297966003
0.4450019896030426
0.70619797706604
0.45742401480674744
0.7075899839401245
0.4611769914627075
0.695667028427124
0.46493101119995117
0.6837430000305176
0.46868398785591125
0.6718199849128723
0.4724369943141937
0.6598970293998718
0.4761910140514374
0.6479740142822266
0.47994399070739746
0.6360509991645813
0.48369699716567993
0.6241269707679749
0.4874509871006012
0.6122040152549744
0.49991199374198914
0.6112279891967773
0.5123739838600159
0.6102510094642639
0.524836003780365
0.6092749834060669
0.5372980237007141
0.6082990169525146
0.5497599840164185
0.6073219776153564
0.5622220039367676
0.6063460111618042
0.5746830105781555
0.6053699851036072
0.5871449708938599
0.6043930053710938
0.5778120160102844
0.6110420227050781
0.5684790015220642
0.6176900267601013
0.559145987033844
0.6243389844894409
