0.745926022529602
0.45959600806236267
0.7342079877853394
0.45524299144744873
0.7224910259246826
0.450888991355896
0.7107729911804199
0.44653600454330444
0.6990560293197632
0.4421820044517517
0.6873390078544617
0.437828004360199
0.675620973110199
0.43347498774528503
0.6639040112495422
0.4291209876537323
0.6521869897842407
0.42476800084114075
0.6404659748077393
0.4204240143299103
0.6287450194358826
0.4160810112953186
0.6170240044593811
0.41173699498176575
0.6053029894828796
0.4073930084705353
0.5935819745063782
0.4030489921569824
0.5818600058555603
0.39870598912239075
0.5701389908790588
0.3943620026111603
0.5584179759025574
0.3900179862976074
0.5709090232849121
0.390514999628067
0.5833989977836609
0.3910120129585266
0.5958889722824097
0.3915089964866638
0.6083790063858032
0.3920060098171234
0.620868980884552
0.3925029933452606
0.6333590149879456
0.3930000066757202
0.6458489894866943
0.3934969902038574
0.6583390235900879
0.393994003534317
0.6627820134162903
0.38231000304222107
0.6672250032424927
0.3706260025501251
0.6716679930686951
0.35894298553466797
0.6761109828948975
0.3472590148448944
0.6805539727210999
0.33557501435279846
0.684997022151947
0.3238910138607025
0.6894400119781494
0.31220799684524536
0.6938819885253906
0.3005239963531494
0.687205970287323
0.2899560034275055
0.6805300116539001
0.2793880105018616
0.6738539934158325
0.26881998777389526
0.6671779751777649
0.2582530081272125
0.6605010032653809
0.2476850003004074
0.6538249850273132
0.2371170073747635
0.6471490263938904
0.22654899954795837
0.6404730081558228
0.21598100662231445
0.6279739737510681
0.21617500483989716
0.6154760122299194
0.21636900305747986
0.6029769778251648
0.21656300127506256
0.5904790163040161
0.21675699949264526
0.5779799818992615
0.21695099771022797
0.5654820203781128
0.21714499592781067
0.5529829859733582
0.21733899414539337
0.5404850244522095
0.21753300726413727
0.5359060168266296
0.20590199530124664
0.531328022480011
0.19426999986171722
0.5267500281333923
0.1826390027999878
0.5221719741821289
0.17100700736045837
0.5175939798355103
0.15937599539756775
0.5130159854888916
0.14774399995803833
0.5084369778633118
0.1361130028963089
0.5038589835166931
0.12448100000619888
0.504967987537384
0.11225999891757965
0.506076991558075
0.10003799945116043
0.5071849822998047
0.08781620115041733
0.5082939863204956
0.07559440284967422
