0.20945100486278534
0.7871180176734924
0.219077005982399
0.795091986656189
0.22870300710201263
0.8030670285224915
0.2383289933204651
0.811040997505188
0.24795499444007874
0.8190150260925293
0.2575809955596924
0.826990008354187
0.26720699667930603
0.8349639773368835
0.2768329977989197
0.8429380059242249
0.2864589989185333
0.8509129881858826
0.2981399893760681
0.8464630246162415
0.3098210096359253
0.8420130014419556
0.3215020000934601
0.8375620245933533
0.3331829905509949
0.8331120014190674
0.34486401081085205
0.8286619782447815
0.35654500126838684
0.8242120146751404
0.36822599172592163
0.8197619915008545
0.3799070119857788
0.8153120279312134
0.39173299074172974
0.811260998249054
0.40355798602104187
0.8072100281715393
0.4153839945793152
0.8031600117683411
0.4272089898586273
0.7991089820861816
0.43903499841690063
0.7950590252876282
0.45085999369621277
0.7910079956054688
0.4626860022544861
0.7869570255279541
0.4745109975337982
0.7829070091247559
0.472012996673584
0.7713990211486816
0.46951499581336975
0.7598909735679626
