0.8009899854660034
0.2375590056180954
0.7909330129623413
0.23013600707054138
0.7808759808540344
0.22271199524402618
0.7708190083503723
0.21528899669647217
0.7607619762420654
0.20786499977111816
0.7507050037384033
0.20044200122356415
0.7406489849090576
0.19301800429821014
0.7305920124053955
0.18559400737285614
0.7205349802970886
0.17817099392414093
0.7105079889297485
0.18563500046730042
0.7004809975624084
0.19309799373149872
0.6904540061950684
0.2005620002746582
0.6804270148277283
0.2080260068178177
0.6704000234603882
0.21548999845981598
0.6603729724884033
0.22295400500297546
0.6503459811210632
0.23041699826717377
0.640317976474762
0.23788100481033325
0.6308789849281311
0.22968700528144836
0.6214399933815002
0.2214920073747635
0.6119999885559082
0.2132979929447174
0.6025609970092773
0.20510299503803253
0.5931220054626465
0.19690899550914764
0.5836820006370544
0.18871399760246277
0.5742430090904236
0.18051999807357788
0.5648040175437927
0.172325998544693
0.5658770203590393
0.1609490066766739
0.5669500231742859
0.1495719999074936
0.5680230259895325
0.1381949931383133
0.569096028804779
0.1268180012702942
