0.03688250109553337
0.9505450129508972
0.047947198152542114
0.9447289705276489
0.059011898934841156
0.9389140009880066
0.0700765997171402
0.9330980181694031
0.08114120364189148
0.9272819757461548
0.09220589697360992
0.9214659929275513
0.1032710000872612
0.9156510233879089
0.11433500051498413
0.9098349809646606
0.12540000677108765
0.9040189981460571
0.13509699702262878
0.8961309790611267
0.14479300379753113
0.8882430195808411
0.15448999404907227
0.8803539872169495
0.1641860008239746
0.8724660277366638
0.17388300597667694
0.8645769953727722
0.1835789978504181
0.8566889762878418
0.19327600300312042
0.8488010168075562
0.20297299325466156
0.8409119844436646
0.194131001830101
0.8320760130882263
0.18528999388217926
0.8232390284538269
0.1764490008354187
0.8144029974937439
0.16760799288749695
0.8055670261383057
0.1587660014629364
0.7967299818992615
0.14992499351501465
0.7878940105438232
0.1410840004682541
0.7790570259094238
0.13224300742149353
0.7702209949493408
0.14081799983978271
0.7611259818077087
0.1493930071592331
0.7520310282707214
0.15796799957752228
0.7429360151290894
0.16654300689697266
0.7338410019874573
0.17511799931526184
0.7247459888458252
0.18369199335575104
0.7156509757041931
0.19226700067520142
0.7065560221672058
0.2008419930934906
0.6974610090255737
0.21253100037574768
0.6930310130119324
0.22421999275684357
0.688601016998291
0.23590900003910065
0.6841710209846497
0.24759800732135773
0.6797419786453247
0.25928598642349243
0.6753119826316833
0.2709749937057495
0.670881986618042
0.2826640009880066
0.6664519906044006
0.29435300827026367
0.6620230078697205
0.3067539930343628
0.6635890007019043
0.3191559910774231
0.6651560068130493
0.3315570056438446
0.6667219996452332
0.3439579904079437
0.6682890057563782
0.35635998845100403
0.669854998588562
0.36876100301742554
0.671422004699707
0.38116300106048584
0.6729879975318909
0.39356398582458496
0.6745550036430359
0.40373700857162476
0.6672899723052979
0.413908988237381
0.6600260138511658
0.4240820109844208
0.6527619957923889
0.434253990650177
0.6454970240592957
0.4444270133972168
0.6382330060005188
0.454598993062973
0.6309689879417419
0.46477198600769043
0.6237050294876099
0.47494399547576904
0.6164399981498718
0.48631200194358826
0.6083229780197144
0.4976789951324463
0.6002060174942017
0.5090460181236267
0.592087984085083
0.5204129815101624
0.5839710235595703
0.5317800045013428
0.5758529901504517
