0.8709660172462463
0.11782299727201462
0.8699920177459717
0.13028499484062195
0.8690170049667358
0.14274699985980988
0.8680419921875
0.1552090048789978
0.8670679926872253
0.16767099499702454
0.8660929799079895
0.18013300001621246
0.8651189804077148
0.1925950050354004
0.8641440272331238
0.20505599677562714
0.8631700277328491
0.21751800179481506
0.8620100021362305
0.2299650013446808
0.8608499765396118
0.24241100251674652
0.8596900105476379
0.25485700368881226
0.8585299849510193
0.2673029899597168
0.8573709726333618
0.2797490060329437
0.8562110066413879
0.29219499230384827
0.8550509810447693
0.3046410083770752
0.8538910150527954
0.31708699464797974
0.8533009886741638
0.32957300543785095
0.8527100086212158
0.3420589864253998
0.8521199822425842
0.354544997215271
0.8515290021896362
0.3670310080051422
0.8509380221366882
0.37951698899269104
0.8503479957580566
0.39200299978256226
0.8497570157051086
0.40448901057243347
0.849166989326477
0.4169749915599823
0.8483369946479797
0.4294480085372925
0.8475080132484436
0.4419200122356415
0.8466780185699463
0.4543929994106293
0.8458489775657654
0.46686500310897827
0.8450199961662292
0.47933799028396606
0.8441900014877319
0.49180999398231506
0.8433610200881958
0.5042830109596252
0.8425319790840149
0.5167549848556519
0.8428800106048584
0.5292500257492065
0.8432279825210571
0.5417450070381165
0.8435760140419006
0.5542399883270264
0.8439239859580994
0.5667359828948975
0.8442729711532593
0.5792310237884521
0.8446210026741028
0.5917260050773621
0.8449689745903015
0.604220986366272
0.845317006111145
0.6167160272598267
0.8578429818153381
0.6232029795646667
0.870369017124176
0.6296899914741516
0.8828949928283691
0.6361770033836365
0.8954200148582458
0.6426640152931213
0.907945990562439
0.6491510272026062
