0.2934640049934387
0.0844355970621109
0.3018690049648285
0.09368869662284851
0.3102729916572571
0.10294199734926224
0.31867700815200806
0.11219500005245209
0.32708099484443665
0.12144800275564194
0.3354859948158264
0.1307010054588318
0.3438900113105774
0.13995400071144104
0.352293998003006
0.1492069959640503
0.36069801449775696
0.15846000611782074
0.37297001481056213
0.15608100593090057
0.3852419853210449
0.1537030041217804
0.3975130021572113
0.15132400393486023
0.4097850024700165
0.14894500374794006
0.4220559895038605
0.1465660035610199
0.43432798981666565
0.14418800175189972
0.44659900665283203
0.14180900156497955
0.4588710069656372
0.1394300013780594
0.46487200260162354
0.150395005941391
0.47087401151657104
0.1613599956035614
0.4768750071525574
0.172325000166893
0.4828760027885437
0.1832910031080246
0.4888780117034912
0.194255992770195
0.49487900733947754
0.2052209973335266
0.500881016254425
0.21618600189685822
0.5068820118904114
0.22715100646018982
0.5178470015525818
0.23315200209617615
0.5288130044937134
0.2391519993543625
0.5397779941558838
0.24515299499034882
0.5507439970970154
0.25115400552749634
0.5617089867591858
0.2571539878845215
0.5726749897003174
0.2631550133228302
0.5836399793624878
0.26915499567985535
0.5946059823036194
0.2751559913158417
0.6042510271072388
0.26720499992370605
0.6138960123062134
0.25925299525260925
0.623540997505188
0.25130200386047363
0.6331859827041626
0.24334999918937683
0.6428300142288208
0.23539899289608002
0.6524749994277954
0.2274470031261444
0.66211998462677
0.2194959968328476
0.6717650294303894
0.211544007062912
0.6592810153961182
0.21092599630355835
0.6467959880828857
0.2103080004453659
0.6343110203742981
0.20969000458717346
0.6218259930610657
0.20907199382781982
0.6093419790267944
0.20845399796962738
0.5968570113182068
0.20783600211143494
0.5843719840049744
0.2072180062532425
0.5718880295753479
0.20659999549388885
0.5823339819908142
0.2028609961271286
0.5927810072898865
0.19912199676036835
0.603227972984314
0.1953829973936081
