0.13495400547981262
0.8957909941673279
0.1401820033788681
0.8844370245933533
0.14541000127792358
0.8730819821357727
0.15063799917697906
0.8617280125617981
0.15586599707603455
0.8503739833831787
0.16109299659729004
0.8390190005302429
0.16632099449634552
0.8276649713516235
0.1715490072965622
0.8163110017776489
0.17677700519561768
0.8049569725990295
0.18103499710559845
0.7932040095329285
0.1852940022945404
0.7814520001411438
0.18955199420452118
0.7696999907493591
0.19381099939346313
0.7579479813575745
0.1980690062046051
0.7461950182914734
0.20232799649238586
0.7344430088996887
0.20658600330352783
0.722690999507904
0.2108449935913086
0.7109389901161194
0.20660699903964996
0.6991789937019348
0.20237000286579132
0.6874189972877502
0.1981319934129715
0.6756590008735657
0.19389499723911285
0.6638990044593811
0.18965700268745422
0.6521390080451965
0.18542000651359558
0.6403800249099731
0.18118199706077576
0.6286200284957886
0.17694500088691711
0.6168599724769592
0.18806800246238708
0.611158013343811
0.19919200241565704
0.6054559946060181
0.210316002368927
0.5997539758682251
0.22143900394439697
0.5940520167350769
0.23256300389766693
0.5883499979972839
0.2436870038509369
0.582647979259491
0.25481000542640686
0.5769450068473816
0.2659339904785156
0.5712429881095886
0.2616809904575348
0.5594890117645264
0.25742700695991516
0.5477349758148193
0.2531740069389343
0.5359809994697571
0.2489199936389923
0.5242270231246948
0.24466699361801147
0.5124729871749878
0.24041399359703064
0.5007190108299255
0.23615999519824982
0.4889650046825409
0.23190699517726898
0.47721099853515625
0.22757700085639954
0.46548500657081604
0.2232459932565689
0.45375901460647583
0.21891599893569946
0.44203299283981323
0.21458500623703003
0.430307000875473
0.2102549970149994
0.4185810089111328
0.20592500269412994
0.4068549871444702
0.20159399509429932
0.39512899518013
0.19726400077342987
0.3834030032157898
0.18579299747943878
0.37843701243400574
0.1743219941854477
0.3734709918498993
0.1628500074148178
0.36850500106811523
0.15137900412082672
0.3635390102863312
0.13990800082683563
0.35857298970222473
0.12843699753284454
0.3536069989204407
0.11696600168943405
0.3486410081386566
0.10549400001764297
0.34367498755455017
0.09359809756278992
0.33677199482917786
0.08170189708471298
0.32986998558044434
0.06980559974908829
0.3229680061340332
0.05790939927101135
0.3160650134086609
