0.40512800216674805
0.21956099569797516
0.41756200790405273
0.2208469957113266
0.4299960136413574
0.22213299572467804
0.4424290060997009
0.22341899573802948
0.4548630118370056
0.22470499575138092
0.4672969877719879
0.22599099576473236
0.4797300100326538
0.2272769957780838
0.4921639859676361
0.22856299579143524
0.5045980215072632
0.22984899580478668
0.5165179967880249
0.23361200094223022
0.5284379720687866
0.23737399280071259
0.5403590202331543
0.24113599956035614
0.552278995513916
0.24489900469779968
0.5641989707946777
0.24866099655628204
0.5761200189590454
0.2524229884147644
0.5880399942398071
0.25618600845336914
0.5999600291252136
0.2599479854106903
0.6117849946022034
0.2640030086040497
0.6236090064048767
0.2680569887161255
0.63543301820755
0.27211201190948486
0.6472569704055786
0.27616700530052185
0.659080982208252
0.28022199869155884
0.6709049940109253
0.28427600860595703
0.6827290058135986
0.288331001996994
0.694553017616272
0.292385995388031
0.7064679861068726
0.29616400599479675
0.7183840274810791
0.2999430000782013
0.7302989959716797
0.30372101068496704
0.742214024066925
0.3075000047683716
0.7541289925575256
0.3112789988517761
0.7660449743270874
0.31505700945854187
0.7779600024223328
0.3188360035419464
0.7898749709129333
0.32261401414871216
0.799015998840332
0.33114001154899597
0.8081579804420471
0.3396649956703186
0.8172990083694458
0.3481909930706024
0.8264399766921997
0.35671699047088623
0.8355820178985596
0.36524200439453125
0.8447229862213135
0.37376800179481506
0.8538640141487122
0.3822939991950989
0.8630049824714661
0.3908190131187439
0.8547260165214539
0.38423898816108704
0.8464469909667969
0.37765899300575256
