0.8669779896736145
0.7385579943656921
0.8547620177268982
0.7412049770355225
0.8425449728965759
0.743852972984314
0.8303290009498596
0.7465000152587891
0.8181120157241821
0.7491469979286194
0.805895984172821
0.7517939805984497
0.7936789989471436
0.7544410228729248
0.7814630270004272
0.7570880055427551
0.769245982170105
0.7597349882125854
0.7567800283432007
0.7588130235671997
0.7443140149116516
0.7578909993171692
0.7318480014801025
0.7569699883460999
0.7193830013275146
0.7560480237007141
0.7069169878959656
0.7551259994506836
0.6944509744644165
0.7542039752006531
0.6819850206375122
0.7532820105552673
0.6695190072059631
0.7523599863052368
0.659375011920929
0.7450559735298157
0.6492310166358948
0.7377510070800781
0.639087975025177
0.730446994304657
0.6289439797401428
0.7231420278549194
0.6187999844551086
0.7158380150794983
0.6086570024490356
0.708532989025116
0.5985130071640015
0.7012289762496948
0.5883690118789673
0.6939240097999573
0.5803470015525818
0.6843379735946655
0.5723239779472351
0.6747530102729797
0.5643010139465332
0.665166974067688
0.5562790036201477
0.655580997467041
0.548255980014801
0.645995020866394
0.5402330160140991
0.6364099979400635
0.5322110056877136
0.6268240213394165
0.5241879820823669
0.6172379851341248
0.5123180150985718
0.6133210062980652
0.5004469752311707
0.6094040274620056
0.4885770082473755
0.6054859757423401
0.47670701146125793
0.6015689969062805
0.4648360013961792
0.597652018070221
0.45296600461006165
0.5937349796295166
0.4410949945449829
0.589818000793457
0.42922499775886536
0.5859000086784363
0.41943299770355225
0.5936700105667114
0.40964001417160034
0.6014389991760254
0.39984801411628723
0.6092079877853394
0.3900560140609741
0.6169769763946533
0.38026300072669983
0.6247460246086121
0.3704710006713867
0.6325160264968872
0.3606790006160736
0.6402850151062012
0.3508859872817993
0.6480540037155151
0.34610098600387573
0.6365060210227966
0.34131500124931335
0.6249589920043945
0.33652999997138977
0.613411009311676
0.331743985414505
0.6018630266189575
0.3269590139389038
0.5903149843215942
0.3221740126609802
0.5787680149078369
0.31738799810409546
0.5672199726104736
0.3126029968261719
0.5556719899177551
0.3108539879322052
0.5432950258255005
0.3091050088405609
0.5309180021286011
0.3073570132255554
0.5185409784317017
0.30560800433158875
0.506164014339447
0.30386000871658325
0.4937869906425476
0.3021109998226166
0.4814099967479706
0.3003630042076111
0.46903300285339355
0.2986139953136444
0.45665600895881653
0.2998420000076294
0.4442160129547119
0.3010700047016144
0.4317770004272461
0.30229800939559937
0.4193370044231415
0.30352601408958435
0.40689700841903687
0.30475398898124695
0.39445799589157104
0.30598199367523193
0.38201799988746643
0.3072099983692169
0.3695789873600006
0.3084380030632019
0.357138991355896
0.3048030138015747
0.3451800048351288
0.3011679947376251
0.3332200050354004
0.29753199219703674
0.321260005235672
0.29389700293540955
0.3093009889125824
0.29026100039482117
0.297340989112854
0.28662601113319397
0.2853809893131256
0.2829909920692444
0.2734220027923584
0.279354989528656
0.26146200299263
0.29182499647140503
0.2606010138988495
0.30429598689079285
0.25974100828170776
0.31676599383354187
0.25887998938560486
0.3292360007762909
0.25801900029182434
0.3417069911956787
0.2571589946746826
0.35417699813842773
0.2562980055809021
0.36664700508117676
0.2554369866847992
0.3791179955005646
0.25457701086997986
0.38733500242233276
0.24515700340270996
0.39555200934410095
0.23573799431324005
0.40376999974250793
0.22631800174713135
0.4119870066642761
0.21689899265766144
0.4202040135860443
0.20747900009155273
0.4284220039844513
0.19806000590324402
0.4366390109062195
0.1886409968137741
0.4448559880256653
0.1792210042476654
0.45733898878097534
0.17988400161266327
0.4698210060596466
0.18054799735546112
0.4823029935359955
0.18121099472045898
0.49478599429130554
0.18187400698661804
0.5072680115699768
0.1825380027294159
0.5197510123252869
0.18320100009441376
0.5322329998016357
0.18386399745941162
0.5447149872779846
0.18452699482440948
0.5426669716835022
0.17219699919223785
0.5406180024147034
0.15986600518226624
0.5385689735412598
0.14753499627113342
0.5365200042724609
0.1352040022611618
0.5344709753990173
0.12287300080060959
0.5324220061302185
0.11054199934005737
0.5303729772567749
0.09821079671382904
0.5283250212669373
0.08587989956140518
0.5341050028800964
0.08092080056667328
