0.37388598918914795
0.8443419933319092
0.37339699268341064
0.8318520188331604
0.37290701270103455
0.8193609714508057
0.37241700291633606
0.8068709969520569
0.37192800641059875
0.7943810224533081
0.37143799662590027
0.7818899750709534
0.3709479868412018
0.7694000005722046
0.3704580068588257
0.7569090127944946
0.3699690103530884
0.7444189786911011
0.37198200821876526
0.7320820093154907
0.37399500608444214
0.7197449803352356
0.376008003950119
0.7074090242385864
0.3780219852924347
0.6950719952583313
0.38003501296043396
0.682735025882721
0.38204801082611084
0.6703979969024658
0.3840610086917877
0.6580610275268555
0.3860740065574646
0.6457239985466003
0.3739829957485199
0.6425549983978271
0.3618910014629364
0.6393849849700928
0.3497999906539917
0.6362159848213196
0.3377079963684082
0.6330459713935852
0.3256169855594635
0.6298760175704956
0.3135260045528412
0.6267070174217224
0.3014340102672577
0.623537003993988
0.289342999458313
0.6203669905662537
0.28411099314689636
0.6090149879455566
0.27887898683547974
0.5976619720458984
0.2736470103263855
0.5863100290298462
0.26841500401496887
0.5749580264091492
0.26318299770355225
0.563605010509491
0.2579520046710968
0.552253007888794
0.2527199983596802
0.5408999919891357
0.24748800694942474
0.5295479893684387
0.2561720013618469
0.5205569863319397
0.2648569941520691
0.5115669965744019
0.27354100346565247
0.5025759935379028
0.28222599625587463
0.4935849905014038
0.290910005569458
0.48459500074386597
0.2995949983596802
0.47560399770736694
0.30827900767326355
0.4666140079498291
0.3169640004634857
0.4576230049133301
0.320809006690979
0.44572898745536804
0.3246549963951111
0.4338360130786896
0.32850098609924316
0.42194199562072754
0.33234700560569763
0.4100480079650879
0.3361929953098297
0.39815500378608704
0.3400390148162842
0.386260986328125
0.34388500452041626
0.37436699867248535
0.34773099422454834
0.3624739944934845
0.3424589931964874
0.35113999247550964
0.3371869921684265
0.3398059904575348
0.3319149911403656
0.32847198843955994
0.3266429901123047
0.3171379864215851
0.32137200236320496
0.3058040142059326
0.31610000133514404
0.29447001218795776
0.31082800030708313
0.2831360101699829
0.3055559992790222
0.27180200815200806
0.31301501393318176
0.2617720067501068
0.3204739987850189
0.2517409920692444
0.32793301343917847
0.24171000719070435
0.3353919982910156
0.2316790074110031
0.342849999666214
0.22164900600910187
0.35030901432037354
0.21161800622940063
0.3577679991722107
0.2015870064496994
0.36522701382637024
0.19155600666999817
0.3749839961528778
0.18374300003051758
0.38474100828170776
0.175928995013237
0.39449700713157654
0.16811500489711761
0.4042539894580841
0.16030199825763702
0.41401100158691406
0.15248799324035645
0.423768013715744
0.14467400312423706
0.4335249960422516
0.13685999810695648
0.44328200817108154
0.12904700636863708
0.4487769901752472
0.14027400314807892
0.454272985458374
0.15150099992752075
0.45976901054382324
0.16272799670696259
0.4652639925479889
0.17395499348640442
0.4707599878311157
0.18518200516700745
0.47625601291656494
0.19640900194644928
0.4817509949207306
0.2076359987258911
0.4872469902038574
0.21886299550533295
0.49868300557136536
0.22390900552272797
0.5101199746131897
0.2289540022611618
0.5215569734573364
0.23399899899959564
0.5329930186271667
0.23904399573802948
0.5444300174713135
0.2440890073776245
0.5558670163154602
0.24913400411605835
0.5673030018806458
0.2541790008544922
0.5787400007247925
0.2592250108718872
0.5909780263900757
0.26177099347114563
0.6032159924507141
0.26431798934936523
0.6154530048370361
0.26686498522758484
0.6276909708976746
0.26941201090812683
0.6399289965629578
0.27195900678634644
0.652167022228241
0.27450600266456604
0.6644039750099182
0.27705198526382446
0.6766420006752014
0.27959901094436646
0.6852669715881348
0.28864699602127075
0.6938909888267517
0.29769501090049744
0.7025160193443298
0.3067440092563629
0.711139976978302
0.3157919943332672
0.7197650074958801
0.3248400092124939
0.7283890247344971
0.3338879942893982
0.7370129823684692
0.3429360091686249
0.7456380128860474
0.3519839942455292
0.7489989995956421
0.36402401328086853
0.752360999584198
0.3760629892349243
0.7557219862937927
0.38810300827026367
0.7590829730033875
0.40014299750328064
0.7624449729919434
0.4121820032596588
0.7658060193061829
0.4242219924926758
0.7691670060157776
0.43626099824905396
0.7725290060043335
0.4483009874820709
0.7781299948692322
0.4594759941101074
0.7837309837341309
0.47064998745918274
0.7893329858779907
0.48182499408721924
0.7949339747428894
0.49300000071525574
0.8005350232124329
0.5041750073432922
0.8061370253562927
0.5153489708900452
0.8117380142211914
0.526524007320404
0.8173390030860901
0.5376989841461182
0.8165199756622314
0.550171971321106
0.8157010078430176
0.5626450181007385
0.8148819804191589
0.5751180052757263
0.8140630125999451
0.5875909924507141
0.8132439851760864
0.6000649929046631
0.8124250173568726
0.6125379800796509
0.8116059899330139
0.6250110268592834
0.8107870221138
0.6374840140342712
0.8040710091590881
0.6481019854545593
0.797353982925415
0.6587200164794922
0.7906380295753479
0.6693379878997803
