0.363442987203598
0.23824399709701538
0.36549100279808044
0.22591300308704376
0.36754000186920166
0.21358199417591095
0.3695879876613617
0.20125100016593933
0.3716360032558441
0.1889200061559677
0.37368398904800415
0.1765889972448349
0.37573298811912537
0.16425800323486328
0.3777810037136078
0.15192699432373047
0.3798289895057678
0.13959600031375885
0.3827750086784363
0.12744799256324768
0.38572001457214355
0.1152999997138977
0.3886660039424896
0.10315199941396713
0.3916110098361969
0.09100379794836044
0.39455699920654297
0.07885579764842987
0.39750200510025024
0.0667077973484993
0.4004479944705963
0.054559800773859024
0.40339401364326477
0.04241180047392845
0.406482994556427
0.054524101316928864
0.4095720052719116
0.06663639843463898
0.41266098618507385
0.07874870300292969
0.41574999690055847
0.0908610001206398
0.4188390076160431
0.10297299921512604
0.4219279885292053
0.11508599668741226
0.42501699924468994
0.1271979957818985
0.42810600996017456
0.13931000232696533
0.43283799290657043
0.15087999403476715
0.4375700056552887
0.16245000064373016
0.4423010051250458
0.17402000725269318
0.44703298807144165
0.185589000582695
0.4517650008201599
0.19715900719165802
0.4564970135688782
0.20872899889945984
0.46122899651527405
0.22029900550842285
0.4659610092639923
0.23186799883842468
0.4705269932746887
0.24350500106811523
0.4750930070877075
0.2551409900188446
0.47965899109840393
0.26677700877189636
0.48422500491142273
0.27841299772262573
0.4887920022010803
0.2900489866733551
0.49335798621177673
0.30168500542640686
0.49792400002479553
0.31332099437713623
0.5024899840354919
0.3249579966068268
0.5098869800567627
0.33503401279449463
0.5172839760780334
0.34511101245880127
0.5246800184249878
0.3551880121231079
0.5320770144462585
0.36526399850845337
0.5394740104675293
0.37534099817276
0.5468699932098389
0.38541799783706665
0.5542669892311096
0.3954940140247345
0.5616639852523804
0.40557101368904114
0.570589005947113
0.41432198882102966
0.5795149803161621
0.4230729937553406
0.5884400010108948
0.4318239986896515
0.5973659753799438
0.4405759871006012
0.6062920093536377
0.4493269920349121
0.6152169704437256
0.458077996969223
0.6241430044174194
0.46682900190353394
0.6330680251121521
0.47558099031448364
0.63823002576828
0.48696500062942505
0.6433910131454468
0.49834999442100525
0.6485530138015747
0.5097339749336243
0.6537140011787415
0.5211189985275269
0.6588760018348694
0.5325030088424683
0.6640380024909973
0.5438879728317261
0.6691989898681641
0.5552729964256287
0.674360990524292
0.5666570067405701
0.6845089793205261
0.5739549994468689
0.6946579813957214
0.5812519788742065
0.7048069834709167
0.588549017906189
0.7149559855461121
0.5958470106124878
0.7251049876213074
0.6031439900398254
0.7352539896965027
0.6104410290718079
0.7454019784927368
0.6177390217781067
0.7555509805679321
0.6250360012054443
0.7595120072364807
0.6368920207023621
0.7634720206260681
0.648747980594635
0.7674329876899719
0.6606040000915527
0.7713930010795593
0.6724600195884705
0.7753540277481079
0.6843159794807434
0.7793139815330505
0.6961719989776611
0.7832750082015991
0.7080280184745789
0.7872350215911865
0.7198839783668518
0.7984730005264282
0.7253569960594177
0.8097119927406311
0.7308300137519836
0.8209499716758728
0.7363029718399048
0.8321880102157593
0.7417759895324707
0.843425989151001
0.7472490072250366
0.8546640276908875
0.752722978591919
0.8659020066261292
0.7581959962844849
0.8771399855613708
0.7636690139770508
0.8724700212478638
0.752357006072998
0.8677999973297119
0.7410460114479065
0.8631299734115601
0.7297340035438538
