0.8931049704551697
0.6971219778060913
0.8806310296058655
0.6979339718818665
0.8681579828262329
0.6987460255622864
0.8556839823722839
0.6995570063591003
0.843209981918335
0.7003690004348755
0.8307369947433472
0.7011809945106506
0.8182629942893982
0.7019919753074646
0.8057889938354492
0.7028040289878845
0.7933160066604614
0.7036160230636597
0.7835540175437927
0.7114239931106567
0.7737929821014404
0.7192320227622986
0.7640320062637329
0.7270399928092957
0.7542700171470642
0.7348480224609375
0.7445089817047119
0.7426559925079346
0.7347469925880432
0.7504640221595764
0.7249860167503357
0.7582719922065735
0.7152249813079834
0.7660800218582153
0.7051360011100769
0.7734590172767639
0.6950460076332092
0.7808390259742737
0.6849570274353027
0.7882189750671387
0.6748679876327515
0.7955979704856873
0.664779007434845
0.802977979183197
0.6546900272369385
0.8103579878807068
0.6446009874343872
0.8177369832992554
0.6345109939575195
0.8251169919967651
0.6223999857902527
0.8220250010490417
0.6102880239486694
0.8189340233802795
0.5981760025024414
0.8158419728279114
0.5860649943351746
0.8127509951591492
0.5739529728889465
0.809660017490387
0.5618410110473633
0.8065680265426636
0.5497300028800964
0.8034769892692566
0.5376179814338684
0.8003849983215332
0.5276060104370117
0.807869017124176
0.5175930261611938
0.8153520226478577
0.5075809955596924
0.8228350281715393
0.4975680112838745
0.8303189873695374
0.48755601048469543
0.837801992893219
0.4775429964065552
0.8452860116958618
0.4675309956073761
0.8527690172195435
0.457518994808197
0.8602520227432251
0.44516900181770325
0.862185001373291
0.4328190088272095
0.8641170263290405
0.4204689860343933
0.8660500049591064
0.4081200063228607
0.8679819703102112
0.39577001333236694
0.8699139952659607
0.3834199905395508
0.8718469738960266
0.3710710108280182
0.8737789988517761
0.358720988035202
0.875711977481842
0.35520198941230774
0.8637170195579529
0.35168299078941345
0.8517230153083801
0.34816399216651917
0.8397279977798462
0.3446449935436249
0.8277339935302734
0.3411270081996918
0.8157389760017395
0.3376080095767975
0.8037449717521667
0.3340890109539032
0.7917500138282776
0.3305700123310089
0.7797560095787048
0.32561299204826355
0.768280029296875
0.32065701484680176
0.7568050026893616
0.3156999945640564
0.7453299760818481
0.3107430040836334
0.7338550090789795
0.30578601360321045
0.7223799824714661
0.3008289933204651
0.7109040021896362
0.2958729863166809
0.6994289755821228
0.29091599583625793
0.6879540085792542
0.2856009900569916
0.676639974117279
0.2802850008010864
0.6653270125389099
0.27496999502182007
0.6540129780769348
0.2696549892425537
0.6426990032196045
0.26434001326560974
0.6313859820365906
0.2590250074863434
0.6200720071792603
0.253710001707077
0.6087579727172852
0.24839399755001068
0.597445011138916
0.24857200682163239
0.5849459767341614
0.2487500011920929
0.5724470019340515
0.24892699718475342
0.5599489808082581
0.24910500645637512
0.5474500060081482
0.24928200244903564
0.5349509716033936
0.24945999681949615
0.5224519968032837
0.24963699281215668
0.5099539756774902
0.24981500208377838
0.49745500087738037
0.262006014585495
0.500216007232666
0.2741970121860504
0.5029780268669128
0.28638899326324463
0.5057389736175537
0.29857999086380005
0.5084999799728394
0.31077098846435547
0.5112619996070862
0.3229619860649109
0.5140230059623718
0.3351530134677887
0.5167840123176575
0.3473440110683441
0.5195459723472595
0.3526960015296936
0.5082489848136902
0.3580479919910431
0.49695301055908203
0.36340001225471497
0.4856570065021515
0.36875200271606445
0.47435998916625977
0.37410399317741394
0.4630639851093292
0.37945500016212463
0.4517669975757599
0.3848069906234741
0.44047099351882935
0.390159010887146
0.4291749894618988
0.38562700152397156
0.4175249934196472
0.3810949921607971
0.4058760106563568
0.37656301259994507
0.3942260146141052
0.37203100323677063
0.38257700204849243
0.3674989938735962
0.37092700600624084
0.36296701431274414
0.35927700996398926
0.3584350049495697
0.34762799739837646
0.35390299558639526
0.3359780013561249
0.34227699041366577
0.3290010094642639
0.3306509852409363
0.32202398777008057
0.3190250098705292
0.3150460124015808
0.3073999881744385
0.30806899070739746
0.29577401280403137
0.3010919988155365
0.2841480076313019
0.29411399364471436
