0.7977949976921082
0.762474000453949
0.7929660081863403
0.750944972038269
0.7881360054016113
0.7394149899482727
0.7833070158958435
0.7278860211372375
0.7784770131111145
0.7163569927215576
0.7736480236053467
0.7048270106315613
0.7688180208206177
0.6932979822158813
0.7639889717102051
0.6817690134048462
0.7591590285301208
0.6702389717102051
0.7582970261573792
0.6577690243721008
0.7574350237846375
0.6452990174293518
0.7565720081329346
0.6328290104866028
0.7557100057601929
0.6203590035438538
0.7548480033874512
0.6078879833221436
0.7539860010147095
0.5954179763793945
0.7531229853630066
0.5829480290412903
0.7522609829902649
0.5704780220985413
0.7639589905738831
0.5660709738731384
0.7756569981575012
0.5616649985313416
0.7873539924621582
0.5572590231895447
0.7990520000457764
0.5528519749641418
0.8107489943504333
0.548445999622345
0.8224470019340515
0.5440400242805481
0.8341450095176697
0.5396329760551453
0.8458420038223267
0.5352270007133484
0.8512210249900818
0.5239440202713013
0.8566009998321533
0.512660026550293
0.8619800209999084
0.5013769865036011
0.8673589825630188
0.49009400606155396
0.8727380037307739
0.47881001234054565
0.8781179785728455
0.46752700209617615
0.8834969997406006
0.45624399185180664
0.8888760209083557
0.44495999813079834
0.8779690265655518
0.43885499238967896
0.8670610189437866
0.4327490031719208
0.8561540246009827
0.4266430139541626
0.8452460169792175
0.4205380082130432
0.8343390226364136
0.41443198919296265
0.8234320282936096
0.40832599997520447
0.8125240206718445
0.4022209942340851
0.8016170263290405
0.3961150050163269
0.8009690046310425
0.38363200426101685
0.8003209829330444
0.3711490035057068
0.7996730208396912
0.35866600275039673
0.7990239858627319
0.3461819887161255
0.7983760237693787
0.33369898796081543
0.7977280020713806
0.32121598720550537
0.7970799803733826
0.3087329864501953
0.7964320182800293
0.29624998569488525
0.804705023765564
0.2868799865245819
0.812978982925415
0.27750900387763977
0.8212530016899109
0.2681390047073364
0.8295260071754456
0.2587690055370331
0.8378000259399414
0.24939900636672974
0.8460729718208313
0.2400290071964264
0.8543469905853271
0.23065899312496185
0.862621009349823
0.2212889939546585
0.8647840023040771
0.20897799730300903
0.8669480085372925
0.19666600227355957
0.8691110014915466
0.1843550056219101
0.871275007724762
0.17204399406909943
0.8734390139579773
0.15973299741744995
0.8756020069122314
0.1474210023880005
0.8777660131454468
0.135110005736351
0.8799290060997009
0.12279900163412094
0.8787500262260437
0.1107809990644455
0.8775699734687805
0.09876310080289841
0.8763909935951233
0.08674540370702744
0.8752110004425049
0.0747276023030281
