0.3025520145893097
0.2630620002746582
0.3145720064640045
0.25963300466537476
0.32659199833869934
0.2562029957771301
0.33861300349235535
0.2527729868888855
0.35063299536705017
0.24934400618076324
0.362652987241745
0.24591399729251862
0.3746730089187622
0.24248400330543518
0.3866940140724182
0.23905499279499054
0.39871400594711304
0.2356249988079071
0.4111590087413788
0.23679499328136444
0.42360401153564453
0.23796400427818298
0.4360499978065491
0.23913300037384033
0.4484950006008148
0.24030299484729767
0.46094000339508057
0.2414720058441162
0.4733850061893463
0.24264200031757355
0.48583000898361206
0.2438109964132309
0.4982750117778778
0.24498100578784943
0.4997290074825287
0.25739601254463196
0.5011820197105408
0.2698110044002533
0.5026360154151917
0.28222599625587463
0.5040889978408813
0.29464098811149597
0.505541980266571
0.3070569932460785
0.5069959759712219
0.31947198510169983
0.5084490180015564
0.33188700675964355
0.5099030137062073
0.3443019986152649
0.5168439745903015
0.33720600605010986
0.5237860083580017
0.33010900020599365
