0.6105930209159851
0.13126100599765778
0.6087219715118408
0.14361999928951263
0.6068509817123413
0.1559789925813675
0.6049799919128418
0.16833800077438354
0.6031090021133423
0.1806969940662384
0.6012380123138428
0.19305700063705444
0.5993670225143433
0.2054159939289093
0.597495973110199
0.21777500212192535
0.5956249833106995
0.2301339954137802
0.5933250188827515
0.2424210011959076
0.5910249948501587
0.254707008600235
0.5887249708175659
0.26699399948120117
0.5864250063896179
0.27928099036216736
0.5841249823570251
0.29156699776649475
0.5818250179290771
0.30385398864746094
0.5795249938964844
0.31613999605178833
0.5772250294685364
0.3284269869327545
0.5742909908294678
0.34057798981666565
0.571357011795044
0.352728009223938
0.5684229731559753
0.3648790121078491
0.5654889941215515
0.37702998518943787
0.5625550150871277
0.389180988073349
0.5596209764480591
0.40133100748062134
0.5566869974136353
0.41348201036453247
0.5537530183792114
0.4256330132484436
0.5482059717178345
0.43683499097824097
0.5426589846611023
0.4480369985103607
0.5371119976043701
0.45923900604248047
0.5315660238265991
0.4704410135746002
0.5260189771652222
0.4816429913043976
0.52047199010849
0.49284499883651733
0.5149250030517578
0.5040469765663147
0.5093790292739868
0.5152490139007568
0.5022079944610596
0.5254870057106018
0.4950369894504547
0.535726010799408
0.48786601424217224
0.5459640026092529
0.4806950092315674
0.5562030076980591
0.4735240042209625
0.5664420127868652
0.46635299921035767
0.5766800045967102
0.459183007478714
0.5869190096855164
0.45201200246810913
0.5971570014953613
0.4452170133590698
0.607649028301239
0.43842199444770813
0.6181409955024719
0.4316279888153076
0.6286330223083496
0.4248329997062683
0.6391249895095825
0.418038010597229
0.6496170163154602
0.4112440049648285
0.6601099967956543
0.4044489860534668
0.670602023601532
0.39765501022338867
0.6810939908027649
0.3852890133857727
0.6792640089988708
0.37292400002479553
0.6774349808692932
0.36055800318717957
0.6756060123443604
0.3481929898262024
0.6737769842147827
0.3358269929885864
0.6719480156898499
0.32346200942993164
0.6701189875602722
0.3110960125923157
0.6682900190353394
0.2987309992313385
0.6664609909057617
0.2864669859409332
0.6646469831466675
0.27420300245285034
0.6628329753875732
0.26193898916244507
0.6610190272331238
0.24967500567436218
0.6592040061950684
