0.43268799781799316
0.817533016204834
0.4263260066509247
0.8282920122146606
0.419963002204895
0.8390520215034485
0.41360101103782654
0.8498119711875916
0.40723899006843567
0.860571026802063
0.400875985622406
0.871330976486206
0.3945139944553375
0.8820909857749939
0.38815200328826904
0.8928499817848206
0.3817889988422394
0.9036099910736084
0.3723689913749695
0.8953940272331238
0.362949013710022
0.8871769905090332
0.3535279929637909
0.8789610266685486
0.344107985496521
0.870743989944458
0.3346880078315735
0.8625280261039734
0.3252680003643036
0.854312002658844
0.3158470094203949
0.8460950255393982
0.306427001953125
0.8378790020942688
0.3032299876213074
0.8257949948310852
0.3000339865684509
0.8137099742889404
0.2968370020389557
0.8016260266304016
0.29363998770713806
0.789542019367218
0.2904439866542816
0.7774569988250732
0.2872470021247864
0.7653729915618896
0.28404998779296875
0.753288984298706
0.2808530032634735
0.741204023361206
0.2748749852180481
0.730226993560791
0.2688960134983063
0.7192500233650208
0.26291701197624207
0.7082719802856445
0.25693801045417786
0.6972950100898743
0.25095900893211365
0.6863170266151428
0.24498000741004944
0.6753399968147278
0.23900100588798523
0.6643630266189575
0.23302200436592102
0.6533849835395813
0.2427690029144287
0.6455590128898621
0.2525149881839752
0.6377320289611816
0.2622619867324829
0.6299049854278564
0.2720080018043518
0.6220790147781372
0.2817550003528595
0.614251971244812
0.291500985622406
0.6064249873161316
0.3012480139732361
0.5985990166664124
0.3109939992427826
0.5907719731330872
0.3207409977912903
0.5829449892044067
0.3304870128631592
0.5751190185546875
0.34023401141166687
0.5672919750213623
0.3499799966812134
0.5594649910926819
0.35972699522972107
0.5516390204429626
0.36947301030158997
0.5438119769096375
0.3792189955711365
0.535984992980957
0.38896599411964417
0.5281590223312378
0.38626399636268616
0.5159540176391602
0.38356199860572815
0.5037500262260437
0.3808610141277313
0.4915449917316437
0.3781589865684509
0.4793410003185272
0.3754569888114929
0.4671359956264496
0.3727549910545349
0.45493200421333313
0.3700529932975769
0.4427269995212555
0.3673520088195801
0.43052300810813904
0.37352898716926575
0.41965600848197937
0.3797059953212738
0.4087890088558197
0.38588300347328186
0.39792200922966003
0.3920609951019287
0.38705500960350037
0.39823800325393677
0.3761880099773407
0.4044150114059448
0.36532101035118103
0.4105930030345917
0.35445401072502136
0.41677001118659973
0.3435870110988617
0.40862900018692017
0.35307300090789795
0.4004879891872406
0.3625580072402954
0.3923479914665222
0.37204399704933167
0.38420701026916504
0.3815299868583679
0.3760659992694855
0.3910149931907654
0.3679249882698059
0.400501012802124
0.3597849905490875
0.4099870026111603
0.35164400935173035
0.41947200894355774
0.34290099143981934
0.4284060001373291
0.3341580033302307
0.43733900785446167
0.3254149854183197
0.44627299904823303
0.3166710138320923
0.4552060067653656
0.3079279959201813
0.46413999795913696
0.29918500781059265
0.4730739891529083
0.29044198989868164
0.4820069968700409
0.281699001789093
0.49094098806381226
0.29006901383399963
0.4816559851169586
0.29843801259994507
0.47237199544906616
0.3068079948425293
0.4630880057811737
0.3151780068874359
0.45380398631095886
0.32354798913002014
0.4445190131664276
0.3319169878959656
0.43523499369621277
0.3402869999408722
0.4259510040283203
0.3486570119857788
0.4166660010814667
0.3531639873981476
0.405007004737854
0.3576720058917999
0.39334800839424133
0.3621799945831299
0.38168901205062866
0.36668699979782104
0.3700299859046936
0.371194988489151
0.3583720028400421
0.37570199370384216
0.34671300649642944
0.3802100121974945
0.3350540101528168
0.38471800088882446
0.3233950138092041
0.37420299649238586
0.31663501262664795
0.36368799209594727
0.3098759949207306
0.35317298769950867
0.3031170070171356
0.34265801310539246
0.29635798931121826
0.33214300870895386
0.2895979881286621
0.32162800431251526
0.28283900022506714
0.31111299991607666
0.27608001232147217
0.30059799551963806
0.2693209946155548
0.3090890049934387
0.26014700531959534
0.3175800144672394
0.2509729862213135
0.32607099413871765
0.241799995303154
0.33456099033355713
0.23262600600719452
0.3430519998073578
0.22345200181007385
0.35154300928115845
0.21427799761295319
0.3600330054759979
0.2051050066947937
0.3685239851474762
0.19593100249767303
0.3808630108833313
0.19793400168418884
0.39320099353790283
0.19993700087070465
0.40553998947143555
0.20194000005722046
0.41787800192832947
0.20394299924373627
0.4302169978618622
0.20594599843025208
0.4425550103187561
0.20794899761676788
0.4548940062522888
0.2099519968032837
0.46723198890686035
0.2119549959897995
0.4761120080947876
0.22075200080871582
0.48499199748039246
0.22955000400543213
0.4938710033893585
0.23834800720214844
0.5027509927749634
0.24714599549770355
0.5116310119628906
0.2559430003166199
0.5205100178718567
0.2647410035133362
0.5293899774551392
0.2735390067100525
0.5382699966430664
0.2823370099067688
0.547415018081665
0.29085901379585266
0.5565590262413025
0.29938098788261414
0.5657039880752563
0.307902991771698
0.574849009513855
0.31642499566078186
0.5839939713478088
0.3249469995498657
0.5931379795074463
0.3334690034389496
0.6022830009460449
0.34199100732803345
0.6114280223846436
0.35051199793815613
0.6221950054168701
0.3417240083217621
0.6329619884490967
0.33293598890304565
0.6437289714813232
0.32414698600769043
0.6544960141181946
0.3153589963912964
0.6652629971504211
0.30656999349594116
0.6760299801826477
0.2977820038795471
