0.3743619918823242
0.04388970136642456
0.3741540014743805
0.056387998163700104
0.37394601106643677
0.06888630241155624
0.37373900413513184
0.08138459920883179
0.3735310137271881
0.09388279914855957
0.373322993516922
0.10638099908828735
0.37311500310897827
0.11887899786233902
0.37290799617767334
0.13137799501419067
0.3727000057697296
0.14387600123882294
0.38465699553489685
0.14023199677467346
0.3966139853000641
0.13658800721168518
0.4085710048675537
0.1329440027475357
0.42052799463272095
0.12929999828338623
0.43248501420021057
0.12565599381923676
0.4444420039653778
0.12201300263404846
0.45639899373054504
0.11836899816989899
0.46835699677467346
0.11472500115633011
0.47509801387786865
0.12525099515914917
0.4818379878997803
0.13577799499034882
0.48857900500297546
0.14630399644374847
0.49531999230384827
0.15683099627494812
0.5020610094070435
0.16735799610614777
0.5088019967079163
0.17788399755954742
0.5155429840087891
0.18841099739074707
0.5222839713096619
0.19893699884414673
0.5296180248260498
0.20905999839305878
0.536952018737793
0.21918199956417084
0.5442870259284973
0.2293040007352829
0.5516210198402405
0.23942700028419495
0.5589550137519836
0.249549001455307
0.5662890076637268
0.25967100262641907
0.57362300157547
0.2697939872741699
0.5809569954872131
0.279915988445282
0.5885229706764221
0.28986600041389465
0.5960890054702759
0.2998169958591461
0.6036540269851685
0.3097670078277588
0.6112200021743774
0.3197169899940491
0.6187859773635864
0.32966700196266174
0.6263520121574402
0.3396179974079132
0.6339179873466492
0.3495680093765259
0.6414840221405029
0.35951799154281616
0.6469979882240295
0.3707360029220581
0.6525120139122009
0.38195401430130005
0.6580259799957275
0.3931719958782196
0.6635410189628601
0.40439000725746155
0.6690549850463867
0.4156079888343811
0.6745690107345581
0.42682600021362305
0.6800829768180847
0.438044011592865
0.6855980157852173
0.44926199316978455
0.6961489915847778
0.45596298575401306
0.7067009806632996
0.46266499161720276
0.7172530293464661
0.46936601400375366
0.7278050184249878
0.4760670065879822
0.7383570075035095
0.4827679991722107
0.7489089965820312
0.4894700050354004
0.759460985660553
0.4961709976196289
0.7700129747390747
0.5028719902038574
0.7814509868621826
0.5079129934310913
0.7928900122642517
0.5129550099372864
0.8043280243873596
0.5179970264434814
0.8157659769058228
0.5230380296707153
0.8272039890289307
0.5280799865722656
0.8386430144309998
0.5331209897994995
0.8500810265541077
0.5381630063056946
0.8615189790725708
0.5432040095329285
0.8644539713859558
0.5553550124168396
0.867389976978302
0.5675050020217896
0.8703250288963318
0.5796560049057007
0.8732600212097168
0.5918059945106506
0.876196026802063
0.6039559841156006
0.879131019115448
0.6161069869995117
0.882066011428833
0.6282569766044617
0.8850020170211792
0.6404079794883728
0.8808730244636536
0.6522060036659241
0.8767439723014832
0.6640049815177917
0.8726149797439575
0.675803005695343
0.8684859871864319
0.6876019835472107
0.8643580079078674
0.699400007724762
0.8602290153503418
0.7111989855766296
0.8561000227928162
0.7229970097541809
0.8519709706306458
0.7347949743270874
0.8395649790763855
0.7332659959793091
0.8271589875221252
0.7317360043525696
0.814752995967865
0.7302060127258301
0.8023470044136047
0.7286760210990906
0.7899410128593445
0.7271460294723511
0.7775350213050842
0.725616991519928
0.765129029750824
0.7240869998931885
0.752722978591919
0.722557008266449
0.7465670108795166
0.7316250205039978
0.7404119968414307
0.7406929731369019
