0.8643220067024231
0.12859399616718292
0.8621569871902466
0.1409049928188324
0.8599920272827148
0.15321600437164307
0.8578270077705383
0.16552799940109253
0.8556619882583618
0.177838996052742
0.8534970283508301
0.19014999270439148
0.8513320088386536
0.20246100425720215
0.849166989326477
0.21477200090885162
0.8470020294189453
0.2270829975605011
0.8447229862213135
0.23937399685382843
0.8424440026283264
0.25166401267051697
0.8401650190353394
0.2639540135860443
0.8378859758377075
0.27624499797821045
0.8356069922447205
0.2885349988937378
0.8333280086517334
0.3008260130882263
0.8310490250587463
0.31311601400375366
0.8287699818611145
0.3254069983959198
0.826774001121521
0.3377470076084137
0.8247780203819275
0.3500860035419464
0.8227819800376892
0.3624260127544403
0.8207859992980957
0.374765008687973
0.8187900185585022
0.38710498809814453
0.8167930245399475
0.39944401383399963
0.8147969841957092
0.41178399324417114
0.8128010034561157
0.42412400245666504
0.8102669715881348
0.43636399507522583
0.8077319860458374
0.4486039876937866
0.8051980137825012
0.4608449935913086
0.8026639819145203
0.4730849862098694
0.8001300096511841
0.48532599210739136
0.7975950241088867
0.49756601452827454
0.7950609922409058
0.5098059773445129
0.7925270199775696
0.5220469832420349
0.7897850275039673
0.5342419743537903
0.7870429754257202
0.5464379787445068
0.7843009829521179
0.5586339831352234
0.7815600037574768
0.5708289742469788
0.7788180112838745
0.5830249786376953
0.7760760188102722
0.5952200293540955
0.7733349800109863
0.6074159741401672
0.770592987537384
0.6196119785308838
0.7684109807014465
0.6319199800491333
0.766228973865509
0.6442279815673828
0.7640470266342163
0.6565359830856323
0.7618659734725952
0.6688439846038818
0.7596840262413025
0.6811519861221313
0.757502019405365
0.6934599876403809
0.7553200125694275
0.7057690024375916
0.7531390190124512
0.7180770039558411
0.7492589950561523
0.7299590110778809
0.7453799843788147
0.7418419718742371
0.741500973701477
0.753724992275238
0.7376220226287842
0.765608012676239
0.7337419986724854
0.7774909734725952
0.7298629879951477
0.7893739938735962
0.7259839773178101
0.801256000995636
0.7221050262451172
0.813139021396637
0.716592013835907
0.8243579864501953
0.7110790014266968
0.8355770111083984
0.7055670022964478
0.8467959761619568
0.7000539898872375
0.8580139875411987
0.6945419907569885
0.8692330121994019
0.6890289783477783
0.8804519772529602
0.6835160255432129
0.8916710019111633
0.6780040264129639
0.9028900265693665
0.6656749844551086
0.9049500226974487
0.6533460021018982
0.9070109724998474
0.6410170197486877
0.9090719819068909
0.6286879777908325
0.9111329913139343
0.6163589954376221
0.9131940007209778
0.6040300130844116
0.9152550101280212
0.5917009711265564
0.9173160195350647
0.579371988773346
0.9193770289421082
0.5799170136451721
0.906889021396637
0.5804619789123535
0.8944010138511658
0.5810070037841797
0.8819119930267334
0.5815520286560059
0.8694239854812622
0.5820969939231873
0.856935977935791
0.5826420187950134
0.8444479703903198
0.5831869840621948
0.8319600224494934
0.583732008934021
0.8194720149040222
0.5821210145950317
0.8117150068283081
