0.2139119952917099
0.21264399588108063
0.2215469926595688
0.22254200279712677
0.22918100655078888
0.23243999481201172
0.23681600391864777
0.24233700335025787
0.24445000290870667
0.2522349953651428
0.25208500027656555
0.26213300228118896
0.25971999764442444
0.2720299959182739
0.26735401153564453
0.28192800283432007
0.2749890089035034
0.29182499647140503
0.28486400842666626
0.2841620147228241
0.2947390079498291
0.2764979898929596
0.30461400747299194
0.2688339948654175
0.3144890069961548
0.26116999983787537
0.3243640065193176
0.25350698828697205
0.33423900604248047
0.24584299325942993
0.3441140055656433
0.23817899823188782
0.35398900508880615
0.2305150032043457
0.3529059886932373
0.21806199848651886
0.35182300209999084
0.20560899376869202
0.3507409989833832
0.19315600395202637
0.3496580123901367
0.18070299923419952
0.34857499599456787
0.16824999451637268
0.3474920094013214
0.15579700469970703
0.34640899300575256
0.1433439999818802
0.3453260064125061
0.13089099526405334
0.3565770089626312
0.12544600665569305
0.36782899498939514
0.11999999731779099
0.37907999753952026
0.1145550012588501
0.39033201336860657
0.10910899937152863
0.4015829861164093
0.10366299748420715
0.4128350019454956
0.09821789711713791
0.4240860044956207
0.09277229756116867
0.43533799052238464
0.08732669800519943
0.43988901376724243
0.09896869957447052
0.44444000720977783
0.11061099916696548
0.4489920139312744
0.12225300073623657
0.4535430073738098
0.13389499485492706
0.4580940008163452
0.14553700387477875
0.4626449942588806
0.15717899799346924
0.4671970009803772
0.16882100701332092
0.4717479944229126
0.1804630011320114
0.4775330126285553
0.19154299795627594
0.4833180010318756
0.20262399315834045
0.4891040027141571
0.21370500326156616
0.4948889911174774
0.2247850000858307
0.5006740093231201
0.2358659952878952
0.5064600110054016
0.24694600701332092
0.5122449994087219
0.25802698731422424
0.5180299878120422
0.26910799741744995
0.5242109894752502
0.27997300028800964
0.5303909778594971
0.29083800315856934
0.5365710258483887
0.3017039895057678
0.5427510142326355
0.3125689923763275
0.5489310026168823
0.3234339952468872
0.5551109910011292
0.3343000113964081
0.561290979385376
0.3451650142669678
0.567471981048584
0.3560299873352051
0.5740699768066406
0.36664700508117676
0.5806679725646973
0.37726300954818726
0.5872669816017151
0.38787999749183655
0.5938649773597717
0.39849600195884705
0.6004639863967896
0.40911298990249634
0.6070619821548462
0.41972899436950684
0.613660991191864
0.4303460121154785
0.6202589869499207
0.4409619867801666
0.628059983253479
0.45072999596595764
0.6358609795570374
0.4604969918727875
0.6436610221862793
0.4702639877796173
0.6514620184898376
0.48003101348876953
0.659263014793396
0.48979899287223816
0.6670640110969543
0.499565988779068
0.6748639941215515
0.5093330144882202
0.6826649904251099
0.51910001039505
0.6899750232696533
0.5292400121688843
0.6972860097885132
0.5393790006637573
0.7045959830284119
0.5495190024375916
0.7119060158729553
0.5596579909324646
0.7192170023918152
0.5697979927062988
0.7265269756317139
0.5799369812011719
0.7338370084762573
0.5900769829750061
0.7411479949951172
0.6002159714698792
0.7521359920501709
0.6061739921569824
0.7631250023841858
0.6121320128440857
0.7741140127182007
0.6180909872055054
0.7851020097732544
0.6240490078926086
0.7960910201072693
0.6300070285797119
0.8070799708366394
0.6359649896621704
0.8180680274963379
0.6419230103492737
0.829056978225708
0.6478809714317322
0.8284599781036377
0.6603670120239258
0.8278629779815674
0.6728529930114746
0.8272659778594971
0.685338020324707
0.8266689777374268
0.6978240013122559
0.82607102394104
0.7103099822998047
0.8254740238189697
0.7227960228919983
0.8248770236968994
0.7352809906005859
0.8242800235748291
0.7477669715881348
0.8179230093955994
0.7583600282669067
