0.4095799922943115
0.7506380081176758
0.4066610038280487
0.7627930045127869
0.4037419855594635
0.7749469876289368
0.40082401037216187
0.7871019840240479
0.39790499210357666
0.7992560267448425
0.39498698711395264
0.8114110231399536
0.3920679986476898
0.8235650062561035
0.389149010181427
0.8357200026512146
0.386231005191803
0.8478739857673645
0.37446001172065735
0.8436679840087891
0.36268898844718933
0.8394619822502136
0.3509179949760437
0.8352550268173218
0.3391459882259369
0.8310490250587463
0.32737499475479126
0.8268430233001709
0.31560400128364563
0.8226370215415955
0.3038330078125
0.8184300065040588
0.29206201434135437
0.8142240047454834
0.28434300422668457
0.8043919801712036
0.276623010635376
0.7945610284805298
0.2689040005207062
0.78472900390625
0.2611849904060364
0.7748979926109314
0.2534649968147278
0.7650660276412964
0.24574600160121918
0.7552340030670166
0.2380259931087494
0.745402991771698
0.23030699789524078
0.735571026802063
0.23492400348186493
0.723954975605011
0.2395399957895279
0.7123389840126038
0.24415700137615204
0.7007229924201965
0.24877400696277618
0.6891070008277893
0.25339099764823914
0.6774899959564209
0.2580069899559021
0.6658740043640137
0.26262399554252625
0.6542580127716064
0.2672410011291504
0.6426420211791992
0.25648200511932373
0.636277973651886
0.24572299420833588
0.6299149990081787
0.23496299982070923
0.6235520243644714
0.22420400381088257
0.6171879768371582
0.21344499289989471
0.6108250021934509
0.20268599689006805
0.6044620275497437
0.1919270008802414
0.5980979800224304
0.18116800487041473
0.5917350053787231
0.1812260001897812
0.5792350172996521
0.18128399550914764
0.566735029220581
0.1813420057296753
0.5542349815368652
0.18140000104904175
0.5417360067367554
0.1814579963684082
0.5292360186576843
0.18151600658893585
0.5167359709739685
0.1815740019083023
0.5042359828948975
0.18163199722766876
0.4917359948158264
0.1911419928073883
0.48362499475479126
0.20065300166606903
0.4755130112171173
0.21016299724578857
0.46740099787712097
0.2196740061044693
0.4592899978160858
0.22918400168418884
0.45117801427841187
0.23869499564170837
0.4430660009384155
0.2482060045003891
0.43495500087738037
0.25771600008010864
0.42684298753738403
0.268996000289917
0.4214569926261902
0.28027600049972534
0.41607001423835754
0.2915560007095337
0.4106839895248413
0.30283600091934204
0.40529799461364746
0.3141160011291504
0.39991098642349243
0.32539600133895874
0.3945249915122986
0.3366760015487671
0.38913899660110474
0.34795600175857544
0.3837519884109497
0.3561969995498657
0.3743540048599243
0.364437997341156
0.36495500802993774
0.37268000841140747
0.35555699467658997
0.38092100620269775
0.3461579978466034
0.38916200399398804
0.336760014295578
0.3974030017852783
0.32736098766326904
0.4056439995765686
0.31796300411224365
0.4138849973678589
0.3085640072822571
0.40921300649642944
0.3201580047607422
0.4045409858226776
0.3317520022392273
0.3998680114746094
0.3433459997177124
0.39519599080085754
0.3549399971961975
0.3905239999294281
0.3665339946746826
0.3858509957790375
0.3781279921531677
0.38117900490760803
0.38972100615501404
0.3765060007572174
0.40131500363349915
0.37904301285743713
0.38907501101493835
0.3815799951553345
0.37683600187301636
0.384115993976593
0.36459600925445557
0.38665300607681274
0.3523559868335724
0.3891899883747101
0.3401159942150116
0.39172598719596863
0.3278760015964508
0.39426299929618835
0.31563600897789
0.3968000113964081
0.30339598655700684
0.39363500475883484
0.29130300879478455
0.3904699981212616
0.27921101450920105
0.38730600476264954
0.26711800694465637
0.3841409981250763
0.2550249993801117
0.38097599148750305
0.2429320067167282
0.377811998128891
0.23083899915218353
0.37464699149131775
0.21874700486660004
0.3714829981327057
0.20665399730205536
0.38347700238227844
0.20313400030136108
0.3954710066318512
0.1996140033006668
0.40746501088142395
0.19609500467777252
0.4194589853286743
0.19257499277591705
0.43145400285720825
0.18905499577522278
0.443448007106781
0.1855359971523285
0.45544201135635376
0.18201600015163422
0.4674359858036041
0.17849600315093994
0.47907400131225586
0.17508099973201752
0.4907110035419464
0.1716659963130951
0.502348005771637
0.16825099289417267
0.5139859914779663
0.16483600437641144
0.5256230235099792
0.161421000957489
0.5372610092163086
0.1580059975385666
