0.7796170115470886
0.05616980046033859
0.7741249799728394
0.06739889830350876
0.768634021282196
0.07862810045480728
0.7631419897079468
0.08985719829797745
0.7576509714126587
0.10108599811792374
0.7521589994430542
0.11231599748134613
0.7466679811477661
0.12354499846696854
0.7411770224571228
0.13477399945259094
0.7356849908828735
0.14600299298763275
0.7279459834098816
0.15581899881362915
0.7202060222625732
0.16563500463962555
0.7124660015106201
0.17544999718666077
0.7047269940376282
0.18526600301265717
0.696986973285675
0.19508199393749237
0.6892480254173279
0.20489799976348877
0.6815080046653748
0.21471300721168518
0.6737689971923828
0.22452899813652039
0.6693649888038635
0.23622800409793854
0.6649609804153442
0.2479259967803955
0.660556972026825
0.25962498784065247
0.6561530232429504
0.27132299542427063
0.6517490148544312
0.2830219864845276
0.6473450064659119
0.29471999406814575
0.6429409980773926
0.3064189851284027
0.6385369896888733
0.3181169927120209
0.6333039999008179
0.3294689953327179
0.6280710101127625
0.3408209979534149
0.6228370070457458
0.35217300057411194
0.6176040172576904
0.3635239899158478
0.6123700141906738
0.3748759925365448
0.6071370244026184
0.3862279951572418
0.6019039750099182
0.39757901430130005
0.5966699719429016
0.4089309871196747
0.5891469717025757
0.408827006816864
