0.6018679738044739
0.6760209798812866
0.5939210057258606
0.6856690049171448
0.5859739780426025
0.6953169703483582
0.5780259966850281
0.7049660086631775
0.5700790286064148
0.7146139740943909
0.5621320009231567
0.724261999130249
0.5541840195655823
0.7339109778404236
0.5462369918823242
0.7435590028762817
0.5382900238037109
0.7532070279121399
0.5333269834518433
0.764680027961731
0.5283640027046204
0.776153028011322
0.5234019756317139
0.7876250147819519
0.518438994884491
0.799098014831543
0.5134760141372681
0.810571014881134
0.5085139870643616
0.8220430016517639
0.5035510063171387
0.833516001701355
0.49858900904655457
0.844989001750946
0.4961400032043457
0.857246994972229
0.49369099736213684
0.8695039749145508
0.491241991519928
0.8817620277404785
0.4887929856777191
0.8940200209617615
0.48634400963783264
0.9062780141830444
0.4838950037956238
0.9185349941253662
0.4814470112323761
0.9307929873466492
0.47899800539016724
0.9430509805679321
0.46907201409339905
0.9357799887657166
0.4591450095176697
0.9285079836845398
