0.45517799258232117
0.4471539855003357
0.4516040086746216
0.45913198590278625
0.4480290114879608
0.4711099863052368
0.44445401430130005
0.4830879867076874
0.4408789873123169
0.49506598711013794
0.43730399012565613
0.5070440173149109
0.43373000621795654
0.5190219879150391
0.4301550090312958
0.531000018119812
0.426580011844635
0.5429779887199402
0.4246689975261688
0.5553309917449951
0.422758013010025
0.56768399477005
0.42084699869155884
0.580036997795105
0.41893601417541504
0.5923900008201599
0.41702398657798767
0.6047430038452148
0.41511300206184387
0.6170960068702698
0.4132019877433777
0.6294490098953247
0.4112910032272339
0.6418020129203796
0.4086790084838867
0.6540259718894958
0.40606600046157837
0.6662499904632568
0.4034540057182312
0.6784740090370178
0.40084201097488403
0.6906980276107788
0.3982290029525757
0.702921986579895
0.3956170082092285
0.715146005153656
0.39300501346588135
0.727370023727417
0.390392005443573
0.7395939826965332
0.3817349970340729
0.7486109733581543
0.37307900190353394
0.7576280236244202
0.3644219934940338
0.7666450142860413
0.3557650148868561
0.7756620049476624
0.34710800647735596
0.7846789956092834
0.33845099806785583
0.7936959862709045
0.3297939896583557
0.8027129769325256
0.321137011051178
0.8117300271987915
0.31059300899505615
0.818444013595581
0.3000490069389343
0.8251579999923706
0.2895059883594513
0.8318719863891602
0.27896198630332947
0.8385859727859497
0.26841801404953003
0.845300018787384
0.2578740119934082
0.8520140051841736
0.24732999503612518
0.8587279915809631
0.23678599298000336
0.8654419779777527
0.22603900730609894
0.8718249797821045
0.21529099345207214
0.8782079815864563
0.20454399287700653
0.8845909833908081
0.19379599392414093
0.8909729719161987
0.18304899334907532
0.8973559737205505
0.17230099439620972
0.9037389755249023
0.16155299544334412
0.9101219773292542
0.1508059948682785
0.9165040254592896
0.1421460062265396
0.9229410290718079
0.13348600268363953
0.929377019405365
0.12482599914073944
0.9358130097389221
