0.25099998712539673
0.8788899779319763
0.2538270056247711
0.8667140007019043
0.2566539943218231
0.8545380234718323
0.25947999954223633
0.8423619866371155
0.26230698823928833
0.8301860094070435
0.2651340067386627
0.8180090188980103
0.2679609954357147
0.8058329820632935
0.27078700065612793
0.7936570048332214
0.27361398935317993
0.7814810276031494
0.2703390121459961
0.7694180011749268
0.2670629918575287
0.7573540210723877
0.26378801465034485
0.745290994644165
0.26051199436187744
0.7332280278205872
0.2572369873523712
0.7211650013923645
0.2539620101451874
0.7091010212898254
0.25068598985671997
0.6970379948616028
0.24741099774837494
0.6849750280380249
0.23436599969863892
0.6850060224533081
0.22132200002670288
0.6850370168685913
0.20827700197696686
0.6850680112838745
0.19523300230503082
0.6850990056991577
0.1821880042552948
0.6851300001144409
0.16914400458335876
0.6851620078086853
