0.3273890018463135
0.4727739989757538
0.31784000992774963
0.4808410108089447
0.3082920014858246
0.48890799283981323
0.29874399304389954
0.49697500467300415
0.2891950011253357
0.5050420165061951
0.27964699268341064
0.5131099820137024
0.2700980007648468
0.5211769938468933
0.26054999232292175
0.5292440056800842
0.2510020136833191
0.5373110175132751
0.24354800581932068
0.5473459959030151
0.23609499633312225
0.5573809742927551
0.22864200174808502
0.5674160122871399
0.2211890071630478
0.5774509906768799
0.21373599767684937
0.5874860286712646
0.20628300309181213
0.5975210070610046
0.1988299936056137
0.6075559854507446
0.19137699902057648
0.6175910234451294
0.19152399897575378
0.6300899982452393
0.1916700005531311
0.6425899863243103
0.1918170005083084
0.6550890207290649
0.19196400046348572
0.6675879955291748
0.19211000204086304
0.6800869703292847
0.19225700199604034
0.6925860047340393
0.19240300357341766
0.7050849795341492
0.19255000352859497
0.7175840139389038
0.1979759931564331
0.7288450002670288
0.20340199768543243
0.7401059865951538
0.20882800221443176
0.7513669729232788
0.2142529934644699
0.7626280188560486
0.21967899799346924
0.7738890051841736
0.22510500252246857
0.7851499915122986
0.2305310070514679
0.7964109778404236
0.23595699667930603
0.8076720237731934
0.24814799427986145
0.8049110174179077
0.26034000515937805
0.8021489977836609
0.27253100275993347
0.7993879914283752
0.2847220003604889
0.7966259717941284
0.2969129979610443
0.7938650250434875
0.30910399556159973
0.7911040186882019
0.32129499316215515
0.7883419990539551
0.33348700404167175
0.7855809926986694
0.3285900056362152
0.7970820069313049
0.3236919939517975
0.8085820078849792
0.31879499554634094
0.8200830221176147
0.3138979971408844
0.8315839767456055
0.30900099873542786
0.843084990978241
0.3041040003299713
0.8545860052108765
0.29920700192451477
0.8660860061645508
0.2943100035190582
0.8775870203971863
0.3057039976119995
0.87602698802948
0.3170979917049408
0.8744660019874573
0.3284919857978821
0.8729060292243958
0.33988600969314575
0.8713449835777283
