0.4674600064754486
0.107355996966362
0.4695639908313751
0.11967799812555313
0.47166699171066284
0.13199900090694427
0.47376999258995056
0.1443209946155548
0.47587400674819946
0.15664300322532654
0.4779770076274872
0.16896499693393707
0.4800809919834137
0.1812860071659088
0.4821839928627014
0.19360800087451935
0.48428699374198914
0.20592999458312988
0.48752498626708984
0.21800300478935242
0.49076199531555176
0.23007699847221375
0.49399900436401367
0.24214999377727509
0.4972360134124756
0.2542240023612976
0.5004730224609375
0.26629799604415894
0.5037109851837158
0.27837100625038147
0.5069479942321777
0.2904449999332428
0.5101850032806396
0.30251801013946533
0.5223219990730286
0.3084869980812073
0.5344589948654175
0.3144559860229492
0.5465959906578064
0.32042500376701355
0.5587339997291565
0.3263939917087555
0.5708709955215454
0.3323630094528198
0.5830079913139343
0.33833199739456177
