0.11173000186681747
0.8702719807624817
0.12357299774885178
0.8742690086364746
0.13541699945926666
0.8782659769058228
0.14726099371910095
0.8822630047798157
0.15910500288009644
0.8862599730491638
0.17094799876213074
0.8902570009231567
0.18279199302196503
0.8942540287971497
0.1946360021829605
0.8982509970664978
0.2064789980649948
0.9022489786148071
0.2189760059118271
0.902550995349884
0.23147200047969818
0.9028530120849609
0.24396799504756927
0.9031559824943542
0.25646498799324036
0.9034579992294312
0.26896101236343384
0.9037600159645081
0.28145700693130493
0.9040629863739014
0.2939540147781372
0.9043650031089783
0.3064500093460083
0.9046670198440552
0.31263598799705505
0.8938050270080566
0.3188219964504242
0.8829429745674133
0.32500800490379333
0.8720809817314148
0.3311940133571625
0.8612189888954163
0.33737900853157043
0.8503569960594177
0.3435649871826172
0.8394950032234192
0.34975099563598633
0.8286330103874207
0.35593700408935547
0.8177710175514221
0.3474099934101105
0.8086299896240234
0.33888301253318787
0.7994899749755859
0.33035600185394287
0.7903500199317932
0.3218289911746979
0.7812100052833557
0.31330201029777527
0.7720699906349182
0.3047749996185303
0.7629299759864807
0.2962479889392853
0.753790020942688
0.28772100806236267
0.7446500062942505
0.28512099385261536
0.7324230074882507
0.28252100944519043
0.7201970219612122
0.2799200117588043
0.7079700231552124
0.277319997549057
0.695743978023529
0.2747200131416321
0.6835169792175293
0.2721189856529236
0.6712909936904907
0.26951900124549866
0.659063994884491
0.26691898703575134
0.6468380093574524
0.26193299889564514
0.6353750228881836
0.25694799423217773
0.62391197681427
0.2519629895687103
0.6124489903450012
0.2469779998064041
0.6009860038757324
0.24199199676513672
0.5895230174064636
0.2370070070028305
0.57805997133255
0.2320220023393631
0.5665979981422424
0.2270369976758957
0.5551350116729736
0.2203650027513504
0.5445640087127686
0.2136940062046051
0.5339930057525635
0.2070229947566986
0.5234220027923584
0.2003519982099533
0.5128509998321533
0.19368000328540802
0.5022799968719482
0.18700900673866272
0.49170899391174316
0.18033799529075623
0.4811379909515381
0.17366699874401093
0.470566987991333
0.1728609949350357
0.45809298753738403
0.17205500602722168
0.44561898708343506
0.17125000059604645
0.4331449866294861
0.17044399678707123
0.4206709861755371
0.1696390062570572
0.40819698572158813
0.16883300244808197
0.39572298526763916
0.16802699863910675
0.3832490146160126
0.16722199320793152
0.3707750141620636
0.17872199416160583
0.3658759891986847
0.19022199511528015
0.36097800731658936
0.20172199606895447
0.35607901215553284
0.21322199702262878
0.35117998719215393
0.2247219979763031
0.3462809920310974
0.23622199892997742
0.3413819968700409
0.24772199988365173
0.3364830017089844
0.25922200083732605
0.33158400654792786
0.2623179852962494
0.3194740116596222
0.2654139995574951
0.30736300349235535
0.26851001381874084
0.2952530086040497
0.2716050148010254
0.28314200043678284
0.27470099925994873
0.2710320055484772
0.27779701352119446
0.2589209973812103
0.2808929979801178
0.24681000411510468
0.2839890122413635
0.23469999432563782
0.29437199234962463
0.22774000465869904
0.30475500226020813
0.22078000009059906
0.3151380121707916
0.21381999552249908
0.32552099227905273
0.2068600058555603
0.33590400218963623
0.19990000128746033
0.3462870121002197
0.19293999671936035
0.356671005487442
0.18598000705242157
0.3670539855957031
0.1790200024843216
0.3795120120048523
0.1780029982328415
0.39197099208831787
0.1769849956035614
0.40442898869514465
0.1759680062532425
0.4168879985809326
0.1749500036239624
0.4293459951877594
0.1739320009946823
0.44180500507354736
0.1729149967432022
0.45426300168037415
0.17189699411392212
0.4667220115661621
0.1708800047636032
0.4803270101547241
0.16976800560951233
0.49393200874328613
0.16865700483322144
0.5075370073318481
0.16754600405693054
0.5211420059204102
0.16643500328063965
0.5347470045089722
0.16532300412654877
0.5483520030975342
0.16421200335025787
