0.352959007024765
0.73471999168396
0.3417080044746399
0.7401660084724426
0.33045700192451477
0.7456120252609253
0.31920498609542847
0.7510579824447632
0.30795401334762573
0.7565039992332458
0.2967030107975006
0.7619500160217285
0.2854509949684143
0.76739501953125
0.2741999924182892
0.7728409767150879
0.26294898986816406
0.7782869935035706
0.25565001368522644
0.7681390047073364
0.24835099279880524
0.7579920291900635
0.24105200171470642
0.7478439807891846
0.2337529957294464
0.7376959919929504
0.22645500302314758
0.7275480031967163
0.21915599703788757
0.7174000144004822
0.21185700595378876
0.7072529792785645
0.20455799996852875
0.6971049904823303
0.20262600481510162
0.6847550272941589
0.2006939947605133
0.6724050045013428
0.19876199960708618
0.6600559949874878
0.19683000445365906
0.6477059721946716
0.19489799439907074
0.6353560090065002
0.1929669976234436
0.6230059862136841
0.19103500247001648
0.6106560230255127
0.18910300731658936
0.5983070135116577
0.19625699520111084
0.5880560278892517
0.2034119963645935
0.5778059959411621
0.21056599915027618
0.5675560235977173
0.21772000193595886
0.5573059916496277
0.22487500309944153
0.5470560193061829
0.2320290058851242
0.5368059873580933
0.23918400704860687
0.5265560150146484
0.24633799493312836
0.5163059830665588
0.2516070008277893
0.5049710273742676
0.25687599182128906
0.49363601207733154
0.2621450126171112
0.4823000133037567
0.26741400361061096
0.4709649980068207
0.2726840078830719
0.45963001251220703
0.27795299887657166
0.448294997215271
0.2832219898700714
0.43696001172065735
0.28849101066589355
0.4256240129470825
0.29970699548721313
0.4201059937477112
0.3109230101108551
0.414588987827301
0.3221389949321747
0.4090709984302521
0.33335599303245544
0.4035530090332031
0.3445720076560974
0.3980349898338318
0.355787992477417
0.39251700043678284
0.36700400710105896
0.3869990110397339
0.37821999192237854
0.38148200511932373
0.37468698620796204
0.36949101090431213
0.37115299701690674
0.35750100016593933
0.36761900782585144
0.34551098942756653
0.36408498883247375
0.3335210084915161
0.36055099964141846
0.3215309977531433
0.35701799392700195
0.3095409870147705
0.35348400473594666
0.2975510060787201
0.34994998574256897
0.2855609953403473
0.34742701053619385
0.27331799268722534
0.34490498900413513
0.2610749900341034
0.34238201379776
0.24883200228214264
0.3398590087890625
0.23658999800682068
0.3373369872570038
0.22434699535369873
0.33481401205062866
0.21210399270057678
0.33229100704193115
0.19986100494861603
0.32976800203323364
0.18761800229549408
0.3422180116176605
0.1864980012178421
0.354667991399765
0.18537800014019012
0.3671180009841919
0.18425799906253815
0.3795669972896576
0.18313699960708618
0.3920170068740845
0.1820169985294342
0.40446698665618896
0.18089699745178223
0.41691601276397705
0.17977699637413025
0.42936599254608154
0.17865599691867828
0.4381529986858368
0.1875469982624054
0.44694000482559204
0.19643700122833252
0.4557270109653473
0.20532700419425964
0.46451398730278015
0.21421800553798676
0.4733009934425354
0.22310799360275269
0.48208799958229065
0.2319989949464798
0.4908750057220459
0.24088899791240692
0.49966201186180115
0.24977900087833405
0.5044940114021301
0.2613080143928528
0.5093259811401367
0.27283599972724915
0.5141580104827881
0.2843640148639679
0.5189899802207947
0.29589200019836426
0.523822009563446
0.3074209988117218
0.5286539793014526
0.31894901394844055
0.533486008644104
0.3304769992828369
0.5383189916610718
0.34200599789619446
0.5447559952735901
0.3527199923992157
0.5511940121650696
0.3634350001811981
0.5576320290565491
0.37415000796318054
0.5640699863433838
0.3848640024662018
0.5705080032348633
0.3955790102481842
0.5769450068473816
0.40629398822784424
0.5833830237388611
0.41700801253318787
0.5898209810256958
0.4277229905128479
0.5978699922561646
0.43728700280189514
0.6059179902076721
0.44685098528862
0.6139670014381409
0.45641499757766724
0.6220149993896484
0.4659790098667145
0.6300640106201172
0.47554299235343933
0.6381130218505859
0.4851070046424866
0.6461610198020935
0.4946709871292114
0.6542099714279175
0.504235029220581
0.6603860259056091
0.5151020288467407
0.6665629744529724
0.5259699821472168
0.6727390289306641
0.5368379950523376
0.6789150238037109
0.5477049946784973
0.6850910186767578
0.5585730075836182
0.6912670135498047
0.5694400072097778
0.6974440217018127
0.5803080201148987
0.7036200165748596
0.5911750197410583
0.7100719809532166
0.6018819808959961
0.7165240049362183
0.6125879883766174
0.7229750156402588
0.6232939958572388
0.7294269800186157
0.6340000033378601
0.7358790040016174
0.6447070240974426
0.7423310279846191
0.6554129719734192
0.7487829923629761
0.6661189794540405
0.7552350163459778
0.6768249869346619
0.7523279786109924
0.6889830231666565
0.7494210004806519
0.7011399865150452
0.7465149760246277
0.7132970094680786
0.7436079978942871
0.7254549860954285
0.7407010197639465
0.7376120090484619
0.7377949953079224
0.7497689723968506
0.7348880171775818
0.7619270086288452
0.7319809794425964
0.7740839719772339
0.7250649929046631
0.7850850224494934
0.7181490063667297
0.7960860133171082
0.7112330198287964
0.8070870041847229
0.7043169736862183
0.8180869817733765
