0.48628899455070496
0.3440600037574768
0.484360009431839
0.3564099967479706
0.4824320077896118
0.36876100301742554
0.48050400614738464
0.3811109960079193
0.47857600450515747
0.39346200227737427
0.4766469895839691
0.40581199526786804
0.47471898794174194
0.4181619882583618
0.47279098629951477
0.4305129945278168
0.4708620011806488
0.44286298751831055
0.46947500109672546
0.4552859961986542
0.4680880010128021
0.4677090048789978
0.4666999876499176
0.48013100028038025
0.46531298756599426
0.4925540089607239
0.46392500400543213
0.5049769878387451
0.4625380039215088
0.5174000263214111
0.46114999055862427
0.5298219919204712
0.4597629904747009
0.5422449707984924
0.4602310061454773
0.5547360181808472
0.46070000529289246
0.5672280192375183
0.46116799116134644
0.5797190070152283
0.4616369903087616
0.5922099947929382
0.46210598945617676
0.6047009825706482
0.4625740051269531
0.6171919703483582
0.4630430042743683
0.6296839714050293
0.46351099014282227
0.642175018787384
0.46281498670578003
0.6546549797058105
0.4621190130710602
0.667136013507843
0.46142300963401794
0.6796169877052307
0.4607270061969757
0.692097008228302
0.46003100275993347
0.7045779824256897
0.45933398604393005
0.717058002948761
0.4586380124092102
0.7295389771461487
0.45794200897216797
0.7420200109481812
0.45686399936676025
0.7544729709625244
0.45578500628471375
0.7669259905815125
0.45470601320266724
0.7793800234794617
0.4536280035972595
0.7918329834938049
0.452549010515213
0.804286003112793
0.4514710009098053
0.8167399764060974
0.4503920078277588
0.8291929960250854
0.4493130147457123
0.8416470289230347
0.4377270042896271
0.8370169997215271
0.42614099383354187
0.8323869705200195
0.41455501317977905
0.8277559876441956
0.40296900272369385
0.8231260180473328
0.39138200879096985
0.8184959888458252
0.37979599833488464
0.8138660192489624
0.36820998787879944
0.8092359900474548
