0.2333109974861145
0.6540369987487793
0.23396100103855133
0.6665199995040894
0.23461000621318817
0.6790030002593994
0.2352599948644638
0.6914860010147095
0.23590999841690063
0.7039690017700195
0.23655900359153748
0.7164530158042908
0.2372090071439743
0.7289360165596008
0.23785899579524994
0.7414190173149109
0.23850800096988678
0.753902018070221
0.24788500368595123
0.7621679902076721
0.2572619915008545
0.7704340219497681
0.26663801074028015
0.7786999940872192
0.2760150134563446
0.7869669795036316
0.2853910028934479
0.7952330112457275
0.29476800560951233
0.8034989833831787
0.3041439950466156
0.8117650151252747
0.31352099776268005
0.820032000541687
0.31597900390625
0.8322870135307312
0.31843799352645874
0.8445429801940918
0.3208959996700287
0.8567990064620972
0.32335400581359863
0.8690549731254578
0.3258129954338074
0.8813109993934631
0.3282710015773773
0.8935670256614685
0.33072999119758606
0.9058229923248291
0.333187997341156
0.9180790185928345
0.32072898745536804
0.9151120185852051
0.3082689940929413
0.9121459722518921
0.2958100140094757
0.9091789722442627
0.28335100412368774
0.9062129855155945
0.270891010761261
0.9032469987869263
0.258432000875473
0.9002799987792969
