0.5383660197257996
0.7125719785690308
0.5266420245170593
0.7082350254058838
0.5149189829826355
0.7038969993591309
0.5031960010528564
0.6995599865913391
0.491472989320755
0.695222020149231
0.47974899411201477
0.6908850073814392
0.4680260121822357
0.6865469813346863
0.4563030004501343
0.6822100281715393
0.44457900524139404
0.6778720021247864
0.4392029941082001
0.6665869951248169
0.4338270127773285
0.6553030014038086
0.42844998836517334
0.6440179944038391
0.42307400703430176
0.6327329874038696
0.4176979959011078
0.6214479804039001
0.4123220145702362
0.6101639866828918
0.40694499015808105
0.5988789796829224
0.4015690088272095
0.5875939726829529
0.40218600630760193
0.5751090049743652
0.4028030037879944
0.562624990940094
0.403421014547348
0.5501400232315063
0.4040380120277405
0.5376549959182739
0.40465500950813293
0.5251700282096863
0.4052720069885254
0.512686014175415
0.40588998794555664
0.5002009868621826
0.4065069854259491
0.4877159893512726
0.39787301421165466
0.47867700457572937
0.38923799991607666
0.46963798999786377
0.38060399889945984
0.46059900522232056
0.371969997882843
0.45156100392341614
0.3633359968662262
0.44252198934555054
0.3547019958496094
0.4334830045700073
0.34606799483299255
0.4244439899921417
0.33743301033973694
0.4154050052165985
0.347339004278183
0.4077810049057007
0.35724401473999023
0.4001559913158417
0.3671489953994751
0.39253100752830505
0.37705400586128235
0.3849070072174072
0.3869599997997284
0.3772819936275482
0.39686501026153564
0.3696570098400116
0.4067699909210205
0.3620319962501526
0.41667601466178894
0.35440799593925476
0.4288170039653778
0.35143598914146423
0.44095900654792786
0.3484649956226349
0.4531010091304779
0.34549298882484436
0.4652419984340668
0.3425210118293762
0.4773840010166168
0.3395499885082245
0.4895249903202057
0.33657801151275635
0.5016670227050781
0.3336069881916046
0.5138090252876282
0.3306350111961365
0.5262579917907715
0.3317610025405884
0.5387070178985596
0.3328869938850403
0.5511559844017029
0.3340129852294922
0.563605010509491
0.3351390063762665
0.5760549902915955
0.3362649977207184
0.5885040163993835
0.3373909890651703
0.6009529829025269
0.3385170102119446
0.6134020090103149
0.3396430015563965
0.6249480247497559
0.33485299348831177
0.636493980884552
0.33006298542022705
0.6480389833450317
0.3252730071544647
0.6595849990844727
0.3204819858074188
0.6711310148239136
0.3156920075416565
0.6826769709587097
0.3109019994735718
0.6942219734191895
0.30611199140548706
0.7057679891586304
0.30132201313972473
0.6981880068778992
0.2913820147514343
0.690608024597168
0.28144198656082153
0.683027982711792
0.2715030014514923
0.6754480004310608
0.2615630030632019
0.6678680181503296
0.2516239881515503
0.6602879762649536
0.24168400466442108
0.6527079939842224
0.23174500465393066
0.6451280117034912
0.22180500626564026
0.6537690162658691
0.212009996175766
0.6624100208282471
0.20221500098705292
0.6710500121116638
0.19242100417613983
0.6796910166740417
0.18262599408626556
0.6883310079574585
0.1728309988975525
0.6969720125198364
0.16303600370883942
