0.449970006942749
0.1886499971151352
0.44858598709106445
0.20107300579547882
0.44720199704170227
0.21349599957466125
0.4458169937133789
0.2259189933538437
0.4444330036640167
0.23834200203418732
0.44304901361465454
0.25076499581336975
0.4416640102863312
0.2631880044937134
0.4402799904346466
0.275611013174057
0.4388960003852844
0.28803399205207825
0.4370419979095459
0.30039599537849426
0.4351879954338074
0.3127579987049103
0.43333399295806885
0.3251200020313263
0.4314810037612915
0.3374820053577423
0.429627001285553
0.34984299540519714
0.42777299880981445
0.36220499873161316
0.4259189963340759
0.3745670020580292
0.4240660071372986
0.3869290053844452
0.42250001430511475
0.3993299901485443
0.4209339916706085
0.4117319881916046
0.41936901211738586
0.4241330027580261
0.41780298948287964
0.4365350008010864
0.4162369966506958
0.44893598556518555
0.41467100381851196
0.46133801341056824
0.4131059944629669
0.47374001145362854
0.4115400016307831
0.48614099621772766
0.409294992685318
0.4984380006790161
0.4070500135421753
0.5107349753379822
0.4048050045967102
0.5230309963226318
0.4025599956512451
0.5353279709815979
0.40031498670578003
0.5476250052452087
0.39807000756263733
0.5599219799041748
0.39582499861717224
0.5722180008888245
0.39357998967170715
0.5845149755477905
0.3820520043373108
0.5796819925308228
0.37052398920059204
0.574849009513855
0.3589960038661957
0.5700160264968872
0.34746798872947693
0.5651829838752747
0.33594000339508057
0.5603500008583069
0.3244119882583618
0.5555170178413391
0.31288400292396545
0.5506849884986877
0.3013559877872467
0.54585200548172
0.290118008852005
0.5403800010681152
0.27887898683547974
0.5349079966545105
0.26763999462127686
0.5294359922409058
0.256401002407074
0.523963987827301
0.2451629936695099
0.5184919834136963
0.233924001455307
0.5130209922790527
0.22268499433994293
0.507548987865448
0.21144600212574005
0.5020769834518433
0.21407000720500946
0.5121709704399109
0.2166929990053177
0.5222650170326233
