0.959962010383606
0.3414120078086853
0.9510470032691956
0.3501740097999573
0.9421319961547852
0.35893699526786804
0.9332180023193359
0.36769899725914
0.9243029952049255
0.376460999250412
0.9153879880905151
0.38522401452064514
0.9064739942550659
0.3939859867095947
0.8975589871406555
0.4027479887008667
0.8886449933052063
0.41151100397109985
0.8791469931602478
0.4196380078792572
0.8696500062942505
0.42776501178741455
0.8601530194282532
0.4358919858932495
0.8506550192832947
0.44402000308036804
0.8411579728126526
0.4521470069885254
0.8316609859466553
0.46027401089668274
0.822163999080658
0.4684010148048401
0.8126659989356995
0.47652900218963623
0.8036019802093506
0.4851360023021698
0.7945370078086853
0.49374300241470337
0.7854719758033752
0.5023499727249146
0.77640700340271
0.5109570026397705
0.7673429846763611
0.5195639729499817
0.7582780122756958
0.5281710028648376
0.7492129802703857
0.5367779731750488
0.7401490211486816
0.5453850030899048
0.7285460233688354
0.5500360131263733
0.7169439792633057
0.5546870231628418
0.7053409814834595
0.5593379735946655
0.6937389969825745
0.563988983631134
0.6821359992027283
0.5686399936676025
0.6705340147018433
0.573291003704071
0.6589310169219971
0.5779420137405396
0.6473289728164673
0.5825930237770081
0.6363019943237305
0.5884810090065002
0.6252760291099548
0.5943689942359924
0.6142489910125732
0.6002560257911682
0.6032230257987976
0.6061440110206604
0.592195987701416
0.6120319962501526
0.5811700224876404
0.6179199814796448
0.5701429843902588
0.6238080263137817
0.5591170191764832
0.6296949982643127
0.5475479960441589
0.6249589920043945
0.5359799861907959
0.6202239990234375
0.5244119763374329
0.6154879927635193
0.5128440260887146
0.6107519865036011
0.5012760162353516
0.6060159802436829
0.4897080063819885
0.6012799739837646
0.4781399965286255
0.5965440273284912
0.46657100319862366
0.591808021068573
0.45534399151802063
0.5863140225410461
0.4441159963607788
0.5808190107345581
0.432888001203537
0.5753250122070312
0.42166098952293396
0.5698310136795044
0.41043299436569214
0.5643360018730164
0.3992049992084503
0.5588420033454895
0.3879779875278473
0.5533469915390015
0.37674999237060547
0.5478529930114746
0.36437198519706726
0.5461120009422302
0.35199400782585144
0.544372022151947
0.33961498737335205
0.5426309704780579
0.32723701000213623
0.5408909916877747
0.314859002828598
0.5391510128974915
0.3024809956550598
0.5374100208282471
0.2901020050048828
0.5356699824333191
0.2777239978313446
0.5339289903640747
0.27069300413131714
0.5235940217971802
0.2636620104312897
0.5132589936256409
0.2566309869289398
0.5029240250587463
0.24959999322891235
0.49258899688720703
0.2425689995288849
0.4822539985179901
0.23553800582885742
0.471917986869812
0.22850699722766876
0.4615829885005951
0.2214760035276413
0.4512479901313782
0.21698600053787231
0.4630790054798126
0.21249499917030334
0.4749099910259247
0.20800399780273438
0.48673999309539795
0.2035139948129654
0.4985710084438324
0.19902299344539642
0.5104020237922668
