0.32610100507736206
0.48225298523902893
0.3195759952068329
0.4715909957885742
0.3130519986152649
0.4609279930591583
0.3065269887447357
0.4502660036087036
0.30000200867652893
0.4396040141582489
0.29347801208496094
0.4289419949054718
0.28695300221443176
0.4182800054550171
0.2804279923439026
0.40761798620224
0.2739039957523346
0.3969559967517853
0.28275200724601746
0.38812699913978577
0.29159998893737793
0.3792969882488251
0.3004480004310608
0.37046799063682556
0.30929601192474365
0.36163800954818726
0.3181439936161041
0.35280799865722656
0.326992005109787
0.34397900104522705
0.33583998680114746
0.33514899015426636
0.3446879982948303
0.32631999254226685
0.35382598638534546
0.3177909851074219
0.362964004278183
0.3092620074748993
0.3721030056476593
0.3007330000400543
0.38124099373817444
0.29220399260520935
0.39037901163101196
0.2836749851703644
0.3995180130004883
0.2751460075378418
0.4086560010910034
0.2666170001029968
0.41779398918151855
0.25808900594711304
0.42572298645973206
0.2677519917488098
0.43365201354026794
0.277415007352829
0.44158101081848145
0.28707900643348694
0.44951099157333374
0.2967419922351837
0.45743998885154724
0.3064050078392029
0.46536898612976074
0.31606900691986084
0.47329801321029663
0.3257319927215576
0.48122701048851013
0.3353950083255768
0.4859279990196228
0.34697800874710083
0.4906280040740967
0.3585599958896637
0.49532899260520935
0.37014299631118774
0.500029981136322
0.381725013256073
0.5047299861907959
0.39330700039863586
0.509431004524231
0.4048900008201599
0.514132022857666
0.4164719879627228
0.5188329815864563
0.4280549883842468
0.5240129828453064
0.43943101167678833
0.5291929841041565
0.45080700516700745
0.5343729853630066
0.46218299865722656
0.5395539999008179
0.4735589921474457
0.544734001159668
0.4849349856376648
0.5499140024185181
0.4963110089302063
0.5550940036773682
0.507686972618103
0.5602750182151794
0.5190629959106445
0.5645560026168823
0.5060920119285583
0.5688369870185852
0.493120014667511
0.5731179714202881
0.48014798760414124
