0.5202440023422241
0.5247859954833984
0.5110300183296204
0.5332319736480713
0.5018159747123718
0.5416790246963501
0.4926010072231293
0.550125002861023
0.4833869934082031
0.558571994304657
0.47417300939559937
0.567018985748291
0.4649580121040344
0.5754650235176086
0.4557439982891083
0.5839120149612427
0.44652900099754333
0.5923579931259155
0.4395250082015991
0.602711021900177
0.4325200021266937
0.6130639910697937
0.42551499605178833
0.6234170198440552
0.41850998997688293
0.6337699890136719
0.4115059971809387
0.6441230177879333
0.4045009911060333
0.65447598695755
0.3974960148334503
0.6648290157318115
0.3904910087585449
0.6751819849014282
0.38896000385284424
0.662775993347168
0.38742899894714355
0.6503700017929077
0.38589799404144287
0.6379640102386475
0.3843669891357422
0.6255580186843872
0.3828360140323639
0.6131529808044434
0.3813050091266632
0.6007469892501831
0.3797740042209625
0.5883409976959229
0.37824299931526184
0.5759350061416626
0.37209901213645935
0.5650489926338196
0.36595600843429565
0.5541629791259766
0.3598119914531708
0.5432770252227783
0.3536680042743683
0.5323910117149353
0.3475250005722046
0.5215049982070923
0.3413810133934021
0.5106189846992493
0.3352369964122772
0.49973300099372864
0.3290939927101135
0.4888469874858856
0.3170570135116577
0.4922190010547638
0.3050200045108795
0.49559101462364197
0.2929840087890625
0.49896299839019775
0.2809469997882843
0.5023360252380371
0.2689110040664673
0.5057079792022705
0.2568739950656891
0.5090799927711487
0.24483799934387207
0.5124520063400269
0.23280100524425507
0.5158249735832214
0.22162799537181854
0.5189549922943115
0.2104550004005432
0.5220850110054016
0.19928200542926788
0.5252159833908081
