0.40971699357032776
0.2856200039386749
0.41873300075531006
0.29427799582481384
0.42774999141693115
0.30293500423431396
0.43676599860191345
0.3115929961204529
0.44578298926353455
0.320250004529953
0.45479899644851685
0.3289079964160919
0.46381598711013794
0.33756500482559204
0.4728330075740814
0.34622201323509216
0.4818490147590637
0.3548800051212311
0.49059900641441345
0.3465690016746521
0.4993480145931244
0.3382590115070343
0.5080980062484741
0.3299480080604553
0.5168470144271851
0.32163700461387634
0.525596022605896
0.31332701444625854
