0.5333719849586487
0.8042610287666321
0.5395950078964233
0.7934200167655945
0.5458179712295532
0.7825790047645569
0.5520399808883667
0.7717379927635193
0.5582630038261414
0.7608969807624817
0.564486026763916
0.7500560283660889
0.5707089900970459
0.7392150163650513
0.5769309997558594
0.7283740043640137
0.583154022693634
0.7175329923629761
0.5936689972877502
0.7107740044593811
0.6041839718818665
0.7040150165557861
0.6146990060806274
0.6972560286521912
0.6252139806747437
0.6904969811439514
0.6357290148735046
0.6837379932403564
0.6462439894676208
0.6769800186157227
0.6567599773406982
0.6702209711074829
0.6672750115394592
0.6634619832038879
0.6722689867019653
0.6520029902458191
0.6772630214691162
0.6405439972877502
0.6822569966316223
0.6290850043296814
0.6872519850730896
0.6176260113716125
0.6922460198402405
0.6061670184135437
0.6972399950027466
0.5947080254554749
0.7022340297698975
0.5832489728927612
0.7072290182113647
0.5717899799346924
0.6951119899749756
0.5687180161476135
0.6829950213432312
0.5656459927558899
0.6708790063858032
0.562574028968811
0.6587619781494141
0.5595020055770874
0.6466460227966309
0.5564299821853638
0.6345289945602417
0.5533570051193237
0.6224120259284973
0.5502849817276001
0.6102960109710693
0.5472130179405212
0.6100640296936035
0.5347149968147278
0.6098319888114929
0.5222179889678955
0.6096000075340271
0.5097200274467468
0.6093680262565613
0.49722200632095337
0.6091349720954895
0.4847239851951599
0.6089029908180237
0.47222599387168884
0.6086710095405579
0.4597280025482178
0.608439028263092
0.4472309947013855
0.6115390062332153
0.43512099981307983
0.6146399974822998
0.42301198840141296
0.6177399754524231
0.4109019935131073
0.6208400130271912
0.3987930119037628
0.6239399909973145
0.38668298721313477
0.6270400285720825
0.3745740056037903
0.630141019821167
0.3624640107154846
0.6332409977912903
0.35035499930381775
0.6211439967155457
0.3472039997577667
0.6090480089187622
0.3440540134906769
0.5969510078430176
0.34090301394462585
0.5848550200462341
0.3377529978752136
0.5727589726448059
0.3346019983291626
0.5606619715690613
0.33145201206207275
0.5485659837722778
0.32830101251602173
0.5364689826965332
0.3251509964466095
0.5473489761352539
0.31899699568748474
0.5582290291786194
0.31284299492836
0.5691099762916565
0.30668899416923523
0.579990029335022
0.3005349934101105
0.5908700227737427
0.2943800091743469
0.6017500162124634
0.28822600841522217
0.6126300096511841
0.2820720076560974
0.6235100030899048
0.27591800689697266
0.6357460021972656
0.2784759998321533
0.6479809880256653
0.281033992767334
0.6602169871330261
0.28359198570251465
0.6724519729614258
0.2861489951610565
0.6846879720687866
0.2887069880962372
0.696923017501831
0.29126501083374023
0.7091590166091919
0.2938230037689209
0.7213940024375916
0.29638099670410156
0.7334409952163696
0.2930450141429901
0.7454879879951477
0.2897090017795563
0.7575340270996094
0.2863740026950836
0.7695810198783875
0.2830379903316498
0.7816280126571655
0.2797029912471771
0.7936750054359436
0.2763670086860657
0.8057209849357605
0.27303099632263184
0.8177679777145386
0.2696959972381592
0.8178150057792664
0.25719600915908813
0.8178619742393494
0.2446960061788559
0.8179090023040771
0.23219600319862366
0.8179559707641602
0.21969600021839142
0.8180029988288879
0.20719599723815918
0.8180500268936157
0.19469599425792694
0.8180969953536987
0.1821960061788559
0.8181440234184265
0.16969600319862366
