0.9604489803314209
0.6732720136642456
0.9484279751777649
0.6698449850082397
0.9364070296287537
0.6664170026779175
0.9243860244750977
0.6629899740219116
0.9123650193214417
0.6595630049705505
0.9003440141677856
0.6561350226402283
0.8883240222930908
0.6527079939842224
0.8763030171394348
0.6492810249328613
0.8642820119857788
0.6458529829978943
0.8767250180244446
0.6446670293807983
0.8891689777374268
0.6434800028800964
0.9016119837760925
0.6422939896583557
0.9140560030937195
0.6411070227622986
0.9264990091323853
0.6399210095405579
0.9389430284500122
0.638733983039856
0.9513869881629944
0.63754802942276
0.9638299942016602
0.6363620162010193
0.9513339996337891
0.6360309720039368
0.9388390183448792
0.6357010006904602
0.9263430237770081
0.6353710293769836
0.9138479828834534
0.6350409984588623
0.9013519883155823
0.6347110271453857
0.8888559937477112
0.6343809962272644
0.8763610124588013
0.6340510249137878
0.8638650178909302
0.6337199807167053
0.8664230108261108
0.6214849948883057
0.8689810037612915
0.609250009059906
0.8715389966964722
0.5970140099525452
0.8740969896316528
0.5847790241241455
0.8766549825668335
0.5725430250167847
0.8792129755020142
0.5603079795837402
0.8817710280418396
0.5480719804763794
0.8843299746513367
0.5358369946479797
0.8922489881515503
0.5261660218238831
0.9001680016517639
0.5164939761161804
0.9080880284309387
0.5068230032920837
0.9160069823265076
0.4971520006656647
0.9239259958267212
0.4874809980392456
0.931846022605896
0.47780901193618774
0.9397649765014648
0.4681380093097687
0.9476850032806396
0.4584670066833496
0.9479990005493164
0.4459710121154785
0.9483129978179932
0.43347498774528503
0.9486269950866699
0.42097899317741394
0.9489409923553467
0.40848299860954285
0.9492549896240234
0.39598700404167175
0.9495689868927002
0.3834899961948395
0.949882984161377
0.3709940016269684
0.9501969814300537
0.3584980070590973
0.9386190176010132
0.35378700494766235
0.9270409941673279
0.34907498955726624
0.9154629707336426
0.3443639874458313
0.903885006904602
0.33965200185775757
0.8923069834709167
0.33493998646736145
0.8807290196418762
0.3302290141582489
0.8691509962081909
0.3255169987678528
0.8575729727745056
0.32080599665641785
0.8663420081138611
0.31033700704574585
0.8751109838485718
0.29986700415611267
0.8838800191879272
0.2893980145454407
0.8926479816436768
0.2789289951324463
0.9014170169830322
0.2684600055217743
