0.23641400039196014
0.5101619958877563
0.2337930053472519
0.49793899059295654
0.23117199540138245
0.4857169985771179
0.2285510003566742
0.4734950065612793
0.22593000531196594
0.4612730145454407
0.22330999374389648
0.44905099272727966
0.22068899869918823
0.43682900071144104
0.21806800365447998
0.42460599541664124
0.21544699370861053
0.4123840034008026
0.2073650062084198
0.4028489887714386
0.19928200542926788
0.3933129906654358
0.19120000302791595
0.38377800583839417
0.18311800062656403
0.37424299120903015
0.1750349998474121
0.36470699310302734
0.16695299744606018
0.3551720082759857
0.15886999666690826
0.3456360101699829
0.15078799426555634
0.3361009955406189
0.1626800000667572
0.3399519920349121
0.17457200586795807
0.3438029885292053
0.18646399676799774
0.3476549983024597
0.1983560025691986
0.35150599479675293
0.2102469950914383
0.35535699129104614
0.22213900089263916
0.35920900106430054
0.23403100669384003
0.36305999755859375
0.2459229975938797
0.36691099405288696
0.25464901328086853
0.3579609990119934
0.263374000787735
0.34900999069213867
0.2721000015735626
0.3400599956512451
0.28082600235939026
0.3311089873313904
0.2895509898662567
0.32215800881385803
0.29827699065208435
0.3132080137729645
0.307002991437912
0.30425700545310974
0.31572800874710083
0.2953070104122162
0.32749098539352417
0.29107600450515747
0.3392530083656311
0.28684601187705994
0.35101601481437683
0.2826150059700012
0.3627780079841614
0.2783850133419037
0.3745400011539459
0.27415400743484497
0.38630300760269165
0.26992401480674744
0.3980650007724762
0.2656939923763275
0.40982699394226074
0.2614629864692688
0.4139600098133087
0.2732599973678589
0.4180929958820343
0.285057008266449
0.4222260117530823
0.2968539893627167
0.42635899782180786
0.30865100026130676
0.43049201369285583
0.32044801115989685
0.4346249997615814
0.33224499225616455
0.4387570023536682
0.34404200315475464
0.4428899884223938
0.3558390140533447
0.45659399032592773
0.3560130000114441
0.4702970087528229
0.35618698596954346
0.4840010106563568
0.3563610017299652
0.49770501255989075
0.3565349876880646
0.5114079713821411
0.35670900344848633
0.525111973285675
0.3568829894065857
