0.2976459860801697
0.4524570107460022
0.2851490080356598
0.4527229964733124
0.2726520001888275
0.45298901200294495
0.26015499234199524
0.4532549977302551
0.24765799939632416
0.4535210132598877
0.23516100645065308
0.4537869989871979
0.2226630002260208
0.45405301451683044
0.21016600728034973
0.4543190002441406
0.19766899943351746
0.4545849859714508
0.19044700264930725
0.4647879898548126
0.18322500586509705
0.47499099373817444
0.17600399255752563
0.48519301414489746
0.16878199577331543
0.4953959882259369
0.16155999898910522
0.5055990219116211
0.15433800220489502
0.5158010125160217
0.14711600542068481
0.5260040163993835
0.13989399373531342
0.5362070202827454
0.13585999608039856
0.5480380058288574
0.1318259984254837
0.5598689913749695
0.12779100239276886
0.5716999769210815
0.12375699728727341
0.5835310220718384
0.11972299963235855
0.5953620076179504
0.11568800359964371
0.6071929931640625
0.11165399849414825
0.6190239787101746
0.10761900246143341
0.6308550238609314
0.1055390015244484
0.6185299754142761
0.10345800220966339
0.6062039732933044
0.10137800127267838
0.5938779711723328
0.09929729998111725
0.5815529823303223
0.09721670299768448
0.5692269802093506
0.09513620287179947
0.5569009780883789
0.0930555984377861
0.5445759892463684
0.09097509831190109
0.5322499871253967
0.08453089743852615
0.5198220014572144
0.07808659970760345
0.5073930025100708
0.07164239883422852
0.49496498703956604
0.06519819796085358
0.48253700137138367
0.058754000812768936
0.4701080024242401
