0.39247000217437744
0.13060100376605988
0.3980349898338318
0.14179399609565735
0.40359899401664734
0.15298700332641602
0.4091640114784241
0.1641799956560135
0.41472798585891724
0.17537300288677216
0.42029300332069397
0.18656599521636963
0.4258579909801483
0.1977590024471283
0.43142199516296387
0.20895199477672577
0.4369870126247406
0.22014500200748444
0.42635199427604675
0.22824299335479736
0.4157170057296753
0.23634099960327148
0.40508198738098145
0.2444400042295456
0.39444699883461
0.2525379955768585
0.3838120102882385
0.26063600182533264
0.37317800521850586
0.26873400807380676
