0.6015639901161194
0.28286799788475037
0.6017400026321411
0.2953670024871826
0.6019150018692017
0.30786600708961487
0.6020910143852234
0.32036399841308594
0.6022670269012451
0.3328630030155182
0.6024420261383057
0.34536200761795044
0.6026179790496826
0.3578610122203827
0.6027939915657043
0.37035998702049255
0.6029689908027649
0.382858008146286
0.5965510010719299
0.37213200330734253
0.590133011341095
0.36140498518943787
0.58371502161026
0.3506790101528168
0.5772960186004639
0.3399530053138733
0.5708780288696289
0.32922598719596863
0.5644599795341492
0.31850001215934753
0.558040976524353
0.30777400732040405
0.5516229867935181
0.2970469892024994
0.5391240119934082
0.2972100079059601
0.5266249775886536
0.2973720133304596
0.5141260027885437
0.2975350022315979
0.5016270279884338
0.2976970076560974
0.4891279935836792
0.2978599965572357
0.47662898898124695
0.298022985458374
0.4641300141811371
0.29818499088287354
0.45163100957870483
0.29834800958633423
0.4415310025215149
0.29098400473594666
0.43143099546432495
0.2836189866065979
0.4213300049304962
0.2762550115585327
0.4112299978733063
0.26889100670814514
0.40112999081611633
0.26152700185775757
0.3910290002822876
0.2541620135307312
0.38092899322509766
0.24679799377918243
0.3708280026912689
0.23943400382995605
0.3641679883003235
0.22885599732398987
0.35750699043273926
0.21827900409698486
0.35084599256515503
0.20770099759101868
0.344186007976532
0.19712300598621368
0.33752501010894775
0.18654599785804749
0.3308640122413635
0.1759680062532425
0.3242039978504181
0.1653909981250763
0.31754299998283386
0.1548130065202713
0.30533599853515625
0.15212100744247437
0.2931300103664398
0.14943000674247742
0.2809230089187622
0.1467379927635193
0.2687160074710846
0.14404599368572235
0.256509006023407
0.1413549929857254
0.24430300295352936
0.13866299390792847
0.23209600150585175
0.13597099483013153
0.21988900005817413
0.1332789957523346
