0.7725250124931335
0.45526498556137085
0.7607499957084656
0.45945900678634644
0.7489749789237976
0.4636540114879608
0.7372000217437744
0.467848002910614
0.7254239916801453
0.4720430076122284
0.7136489748954773
0.4762369990348816
0.7018740177154541
0.48043200373649597
0.6900990009307861
0.48462599515914917
0.678322970867157
0.48881998658180237
0.6668040156364441
0.49367401003837585
0.6552850008010864
0.49852800369262695
0.6437659859657288
0.5033820271492004
0.6322469711303711
0.508234977722168
0.620727002620697
0.5130890011787415
0.6092079877853394
0.5179430246353149
0.5976889729499817
0.5227959752082825
0.5861700177192688
0.527649998664856
0.5740209817886353
0.5247089862823486
0.5618720054626465
0.5217679738998413
0.5497230291366577
0.5188270211219788
0.5375739932060242
0.5158860087394714
0.5254250168800354
0.5129449963569641
0.5132750272750854
0.5100039839744568
0.5011259913444519
0.5070629715919495
0.48897698521614075
0.5041220188140869
0.47679099440574646
0.5013409852981567
0.464603990316391
0.49856001138687134
0.4524169862270355
0.49577799439430237
0.44023099541664124
0.4929969906806946
0.42804399132728577
0.4902159869670868
0.4158569872379303
0.4874350130558014
0.4036700129508972
0.4846540093421936
0.39148399233818054
0.4818730056285858
0.3797149956226349
0.4860849976539612
0.36794599890708923
0.49029698967933655
0.3561770021915436
0.4945090115070343
0.3444080054759979
0.49872100353240967
0.33263900876045227
0.5029330253601074
0.3208700120449066
0.5071449875831604
0.3091009855270386
0.5113570094108582
0.2973319888114929
0.5155689716339111
0.2842330038547516
0.5202569961547852
