0.44005799293518066
0.03623659908771515
0.44125300645828247
0.048679400235414505
0.4424470067024231
0.06112229824066162
0.4436410069465637
0.07356510311365128
0.44483500719070435
0.08600790053606033
0.44602900743484497
0.09845080226659775
0.4472230076789856
0.11089400202035904
0.4484170079231262
0.12333600223064423
0.44961100816726685
0.1357789933681488
0.451647013425827
0.1481119990348816
0.4536829888820648
0.16044600307941437
0.4557180106639862
0.17277899384498596
0.457753986120224
0.18511199951171875
0.4597899913787842
0.19744500517845154
0.46182501316070557
0.20977799594402313
0.46386098861694336
0.22211100161075592
0.46589699387550354
0.2344440072774887
0.4688670039176941
0.24658599495887756
0.47183701395988464
0.2587279975414276
0.4748069941997528
0.27087000012397766
0.47777700424194336
0.2830120027065277
0.4807470142841339
0.29515400528907776
0.4837169945240021
0.3072960078716278
0.4866870045661926
0.31943899393081665
0.4896570146083832
0.3315809965133667
0.4919869899749756
0.34386101365089417
0.49431800842285156
0.3561420142650604
0.49664899706840515
0.3684230148792267
0.49897998571395874
0.38070398569107056
0.5013099908828735
0.3929849863052368
0.5036410093307495
0.4052650034427643
0.5059720277786255
0.41754600405693054
0.5083019733428955
0.4298270046710968
0.5212039947509766
0.4258669912815094
0.5341050028800964
0.4219070076942444
0.5470070242881775
0.4179460108280182
0.5599079728126526
0.4139859974384308
0.5728099942207336
0.41002601385116577
