0.1311960071325302
0.42622700333595276
0.143668994307518
0.42704498767852783
0.156141996383667
0.4278639853000641
0.16861599683761597
0.42868199944496155
0.18108899891376495
0.4295009970664978
0.19356200098991394
0.43031901121139526
0.20603500306606293
0.4311380088329315
0.21850800514221191
0.4319570064544678
0.2309810072183609
0.43277499079704285
0.23537400364875793
0.44447800517082214
0.23976600170135498
0.45618098974227905
0.24415899813175201
0.46788400411605835
0.24855099618434906
0.47958698868751526
0.2529430091381073
0.4912889897823334
0.25733599066734314
0.5029919743537903
0.2617279887199402
0.5146949887275696
0.26611998677253723
0.5263980031013489
0.27729201316833496
0.5207899808883667
0.2884629964828491
0.5151810050010681
0.29963400959968567
0.5095729827880859
0.31080499291419983
0.5039650201797485
0.32197698950767517
0.49835601449012756
0.3331480026245117
0.4927479922771454
0.3443189859390259
0.4871389865875244
0.3554899990558624
0.4815309941768646
0.3671390116214752
0.48606500029563904
0.3787879943847656
0.49059998989105225
0.39043599367141724
0.49513399600982666
0.40208500623703003
0.4996680021286011
0.41373300552368164
0.5042020082473755
0.42538198828697205
0.5087370276451111
0.43703100085258484
0.5132709741592407
0.44867900013923645
0.5178049802780151
0.4498730003833771
0.5302479863166809
0.4510659873485565
0.5426909923553467
0.45225998759269714
0.5551339983940125
0.453453004360199
0.5675770044326782
0.4546470046043396
0.580020010471344
0.45583999156951904
0.5924620032310486
0.45703399181365967
0.6049050092697144
0.4582270085811615
0.6173480153083801
0.4454759955406189
0.6215419769287109
0.4327250123023987
0.6257359981536865
0.4199739992618561
0.6299300193786621
