0.8568959832191467
0.2337149977684021
0.8568400144577026
0.24621500074863434
0.856784999370575
0.2587150037288666
0.8567289710044861
0.27121400833129883
0.856673002243042
0.2837139964103699
0.8566169738769531
0.2962140142917633
0.856561005115509
0.30871400237083435
0.8565049767494202
0.3212139904499054
0.8564500212669373
0.33371400833129883
0.856348991394043
0.3462130129337311
0.8562489748001099
0.3587130010128021
0.8561480045318604
0.37121298909187317
0.8560479879379272
0.3837119936943054
0.8559470176696777
0.39621201157569885
0.8558470010757446
0.4087109863758087
0.8557459712028503
0.42121100425720215
0.855646014213562
0.4337109923362732
0.8487529754638672
0.4441379904747009
0.841858983039856
0.45456600189208984
0.8349660038948059
0.4649930000305176
0.8280730247497559
0.4754210114479065
0.821179986000061
0.485848993062973
0.814287006855011
0.49627599120140076
0.8073940277099609
0.5067039728164673
0.8005009889602661
0.517130970954895
0.7894160151481628
0.5229089856147766
0.778331995010376
0.5286870002746582
0.7672470211982727
0.5344650149345398
0.7561630010604858
0.5402430295944214
0.7450780272483826
0.5460209846496582
0.7339940071105957
0.5517989993095398
0.7229089736938477
0.5575770139694214
0.7118250131607056
0.563355028629303
0.6994190216064453
0.5648890137672424
0.6870139837265015
0.5664219856262207
0.6746079921722412
0.5679559707641602
0.6622030138969421
0.5694900155067444
0.6497970223426819
0.5710229873657227
0.637391984462738
0.5725569725036621
0.6249859929084778
0.5740910172462463
0.6125800013542175
0.5756239891052246
0.601377010345459
0.5700809955596924
0.5901730060577393
0.5645380020141602
0.5789700150489807
0.5589939951896667
0.567766010761261
0.5534510016441345
0.5565620064735413
0.5479069948196411
0.5453590154647827
0.5423640012741089
0.534155011177063
0.5368210077285767
0.5229520201683044
0.5312770009040833
0.5105000138282776
0.532371997833252
0.49804800748825073
0.5334659814834595
0.4855960011482239
0.5345609784126282
0.473143994808197
0.5356550216674805
0.46069198846817017
0.536749005317688
0.4482400119304657
0.5378440022468567
0.43578800559043884
0.5389379858970642
0.423335999250412
0.5400329828262329
0.4109250009059906
0.5385370254516602
0.398514986038208
0.5370420217514038
0.3861050009727478
0.5355470180511475
0.3736949861049652
0.5340510010719299
0.3612839877605438
0.5325559973716736
0.3488740026950836
0.5310609936714172
0.336463987827301
0.5295649766921997
0.3240540027618408
0.5280699729919434
0.31398800015449524
0.5354809761047363
0.30392199754714966
0.5428919792175293
0.2938559949398041
0.5503029823303223
0.2837890088558197
0.5577139854431152
0.2737230062484741
0.5651260018348694
0.26365700364112854
0.5725370049476624
0.25359100103378296
0.5799480080604553
0.24352499842643738
0.5873590111732483
0.23133400082588196
0.5869510173797607
0.21914300322532654
0.5865430235862732
0.20695100724697113
0.586135983467102
0.19475999474525452
0.5857279896736145
0.1825689971446991
0.585319995880127
