0.2962549924850464
0.7472919821739197
0.2900109887123108
0.7364630103111267
0.2837670147418976
0.725633978843689
0.2775219976902008
0.7148060202598572
0.2712779939174652
0.7039769887924194
0.2650339901447296
0.6931480169296265
0.258789986371994
0.6823189854621887
0.2525460124015808
0.6714900135993958
0.24630199372768402
0.6606619954109192
0.24563400447368622
0.6481800079345703
0.2449669986963272
0.6356970071792603
0.2442989945411682
0.6232150197029114
0.2436310052871704
0.6107329726219177
0.2429630011320114
0.5982509851455688
0.24229499697685242
0.58576899766922
0.24162699282169342
0.5732870101928711
0.2409600019454956
0.5608050227165222
0.2420019954442978
0.5483480095863342
0.24304500222206116
0.5358920097351074
0.24408799409866333
0.5234349966049194
0.2451300024986267
0.5109789967536926
0.24617299437522888
0.498522013425827
0.24721600115299225
0.4860660135746002
0.24825799465179443
0.47360900044441223
0.2493010014295578
0.4611530005931854
0.25734400749206543
0.45158499479293823
0.26538801193237305
0.44201600551605225
0.2734310030937195
0.43244799971580505
0.2814739942550659
0.42287901043891907
0.28951799869537354
0.4133110046386719
0.29756098985671997
0.4037429988384247
0.3056049942970276
0.3941740095615387
0.313647985458374
0.3846060037612915
0.32543501257896423
0.3804450035095215
0.33722200989723206
0.37628400325775146
0.34900999069213867
0.37212398648262024
0.3607969880104065
0.3679629862308502
0.3725839853286743
0.3638019859790802
0.3843710124492645
0.3596409857273102
0.39615800976753235
0.35547998547554016
0.40794500708580017
0.3513199985027313
0.4153069853782654
0.36120301485061646
0.4226680099964142
0.3710870146751404
0.4300299882888794
0.3809710144996643
