0.8568140268325806
0.5295259952545166
0.8555319905281067
0.5419600009918213
0.8542490005493164
0.554394006729126
0.8529670238494873
0.5668280124664307
0.8516839742660522
0.5792620182037354
0.8504019975662231
0.59169602394104
0.8491190075874329
0.6041300296783447
0.847836971282959
0.6165649890899658
0.8465539813041687
0.6289989948272705
0.8464800119400024
0.6414980292320251
0.846405029296875
0.6539980173110962
0.846331000328064
0.6664980053901672
0.8462569713592529
0.6789979934692383
0.8461819887161255
0.6914970278739929
0.8461080193519592
0.703997015953064
0.846032977104187
0.716497004032135
0.8459590077400208
0.728996992111206
0.8448399901390076
0.7414469718933105
0.8437219858169556
0.7538959980010986
0.8426030278205872
0.7663459777832031
0.841484010219574
0.7787960171699524
0.840366005897522
0.7912459969520569
0.8392469882965088
0.8036959767341614
0.8381279706954956
0.8161460161209106
0.8370090126991272
0.8285959959030151
0.826545000076294
0.821287989616394
