0.42940500378608704
0.46981099247932434
0.43148601055145264
0.482136994600296
0.43356600403785706
0.4944629967212677
0.4356459975242615
0.5067880153656006
0.4377270042896271
0.5191140174865723
0.4398069977760315
0.531440019607544
0.4418869912624359
0.5437650084495544
0.4439679980278015
0.5560910105705261
0.44604799151420593
0.5684170126914978
0.45740601420402527
0.5751910209655762
0.4687640070915222
0.581965982913971
0.480120986700058
0.5887410044670105
0.4914790093898773
0.59551602602005
0.5028370022773743
0.6022909879684448
