0.22174300253391266
0.698885977268219
0.22201399505138397
0.6863890290260315
0.22228500247001648
0.6738920211791992
0.2225549966096878
0.6613950133323669
0.2228260040283203
0.6488980054855347
0.22309699654579163
0.6364009976387024
0.22336700558662415
0.6239039897918701
0.22363799810409546
0.6114069819450378
0.22390900552272797
0.5989099740982056
0.22349900007247925
0.586417019367218
0.22308999300003052
0.5739229917526245
0.222680002450943
0.5614299774169922
0.22227099537849426
0.5489370226860046
0.22186100482940674
0.5364429950714111
0.22145099937915802
0.5239499807357788
0.22104200720787048
0.5114570260047913
0.22063200175762177
0.49896401166915894
0.21554900705814362
0.4875440001487732
0.21046599745750427
0.47612398862838745
0.20538300275802612
0.4647040069103241
0.20029999315738678
0.45328399538993835
0.19521799683570862
0.441864013671875
0.19013500213623047
0.43044400215148926
0.18505200743675232
0.4190239906311035
0.17996899783611298
0.40760499238967896
0.16788099706172943
0.40442100167274475
0.1557929962873459
0.40123701095581055
0.14370599389076233
0.39805299043655396
0.13161799311637878
0.39486899971961975
0.11952999979257584
0.39168500900268555
0.10744299739599228
0.38850098848342896
0.09535480290651321
0.38531699776649475
0.08326710015535355
0.38213300704956055
0.08216819912195206
0.3696810007095337
0.08106920123100281
0.357230007648468
0.07997030019760132
0.34477800130844116
0.07887130230665207
0.3323259949684143
0.07777240127325058
0.31987500190734863
0.07667340338230133
0.3074229955673218
0.07557450234889984
0.2949720025062561
0.07447549700737
0.28251999616622925
0.0733766034245491
0.2700679898262024
0.07227759808301926
0.2576169967651367
0.07117869704961777
0.24516500532627106
0.07007969915866852
0.2327139973640442
0.06898079812526703
0.22026200592517853
0.06788180023431778
0.20780999958515167
0.06678289920091629
0.195359006524086
0.06568390130996704
0.18290700018405914
0.06450720131397247
0.16957500576972961
0.0633305013179779
0.1562419980764389
