0.1632550060749054
0.9638029932975769
0.17573800683021545
0.9631410241127014
0.18821999430656433
0.9624800086021423
0.2007029950618744
0.9618179798126221
0.21318499743938446
0.9611560106277466
0.22566799819469452
0.9604949951171875
0.2381500005722046
0.959833025932312
0.25063300132751465
0.9591709971427917
0.2631149888038635
0.9585099816322327
0.2755880057811737
0.9576939940452576
0.2880620062351227
0.9568790197372437
0.3005349934101105
0.9560629725456238
0.31300899386405945
0.9552479982376099
0.32548201084136963
0.954433023929596
0.3379549980163574
0.9536169767379761
0.3504289984703064
0.9528020024299622
0.3629019856452942
0.9519860148429871
0.3752569854259491
0.9515079855918884
0.3876110017299652
0.9510290026664734
0.3999660015106201
0.9505509734153748
0.41231998801231384
0.9500719904899597
0.42467498779296875
0.9495930075645447
0.43702900409698486
0.949114978313446
