0.3005110025405884
0.47287100553512573
0.28801900148391724
0.4724240005016327
0.2755270004272461
0.47197601199150085
0.26303499937057495
0.47152799367904663
0.2505429983139038
0.4710800051689148
0.23805199563503265
0.47063198685646057
0.2255599945783615
0.47018399834632874
0.21306799352169037
0.4697360098361969
0.20057600736618042
0.4692879915237427
0.19620299339294434
0.45757800340652466
0.19182999432086945
0.44586798548698425
0.18745599687099457
0.43415799736976624
0.18308299779891968
0.4224480092525482
0.1787099987268448
0.4107379913330078
0.1743369996547699
0.3990280032157898
0.169964000582695
0.3873170018196106
0.16559100151062012
0.3756070137023926
0.16234000027179718
0.36353799700737
0.15908899903297424
0.3514679968357086
0.1558379977941513
0.33939799666404724
0.15258699655532837
0.32732799649238586
0.14933499693870544
0.3152579963207245
0.1460839956998825
0.3031890094280243
0.14283299446105957
0.2911190092563629
0.13958199322223663
0.27904900908470154
0.1353980004787445
0.2672699987888336
0.1312129944562912
0.2554909884929657
0.12702900171279907
0.24371199309825897
0.12284500151872635
0.23193399608135223
0.11866000294685364
0.2201550006866455
0.11447600275278091
0.20837600529193878
0.11029200255870819
0.19659699499607086
0.10610800236463547
0.18481799960136414
0.10198000073432922
0.17319899797439575
0.09785260260105133
0.16157999634742737
0.09372510015964508
0.14996099472045898
