0.44767799973487854
0.7630810141563416
0.4381740093231201
0.7712010145187378
0.4286710023880005
0.779321014881134
0.41916799545288086
0.7874410152435303
0.40966400504112244
0.7955610156059265
0.4001609981060028
0.8036810159683228
0.3906570076942444
0.811801016330719
0.38115400075912476
0.8199210166931152
0.37165001034736633
0.8280410170555115
0.3627159893512726
0.8192989826202393
0.3537819981575012
0.8105570077896118
0.3448469936847687
0.8018149733543396
0.3359130024909973
0.793071985244751
0.32697901129722595
0.7843300104141235
0.3180440068244934
0.7755879759788513
0.30910998582839966
0.7668449878692627
0.3001759946346283
0.7581030130386353
0.30138400197029114
0.7456619739532471
0.3025929927825928
0.7332199811935425
0.3038020133972168
0.7207790017127991
0.30501100420951843
0.7083370089530945
0.30621999502182007
0.6958960294723511
0.3074280023574829
0.6834549903869629
0.30863699316978455
0.6710129976272583
0.30984601378440857
0.6585720181465149
0.30516499280929565
0.6469820141792297
0.30048298835754395
0.6353909969329834
0.2958019971847534
0.6238009929656982
0.2911210060119629
0.6122109889984131
0.2864390015602112
0.6006199717521667
0.28175801038742065
0.5890300273895264
0.27707600593566895
0.5774400234222412
0.2723950147628784
0.5658490061759949
0.2622700035572052
0.5585190057754517
0.252144992351532
0.5511890053749084
0.24201899766921997
0.5438590049743652
0.23189400136470795
0.536529004573822
0.22176900506019592
0.5291990041732788
0.2116439938545227
0.5218690037727356
0.20151899755001068
0.5145390033721924
0.19139300286769867
0.5072090029716492
0.18001599609851837
0.5123869776725769
0.16864000260829926
0.5175660252571106
0.15726299583911896
0.5227439999580383
0.14588600397109985
0.5279229879379272
0.13450899720191956
0.5331010222434998
0.12313199788331985
0.5382800102233887
0.11175499856472015
0.5434579849243164
0.10037799924612045
0.5486369729042053
