0.6266369819641113
0.49281299114227295
0.6169769763946533
0.5007460117340088
0.6073169708251953
0.5086789727210999
0.5976560115814209
0.5166119933128357
0.5879960060119629
0.5245450139045715
0.5783360004425049
0.5324779748916626
0.5686759948730469
0.5404099822044373
0.5590149760246277
0.5483430027961731
0.5493549704551697
0.5562760233879089
0.5420470237731934
0.5664169788360596
0.5347380042076111
0.5765569806098938
0.5274289846420288
0.5866979956626892
0.5201200246810913
0.5968390107154846
0.5128120183944702
0.6069790124893188
0.5055029988288879
0.6171200275421143
0.49819400906562805
0.6272609829902649
0.49088600277900696
0.6374009847640991
0.48535799980163574
0.6486129760742188
0.4798299968242645
0.659824013710022
0.4743030071258545
0.6710360050201416
0.4687750041484833
0.6822469830513
0.46324700117111206
0.6934580206871033
0.457720011472702
0.7046700119972229
0.4521920084953308
0.7158809900283813
0.4466649889945984
0.727092981338501
0.44115200638771057
0.7383109927177429
0.43564000725746155
0.749530017375946
0.43012699484825134
0.7607489824295044
0.4246149957180023
0.7719680070877075
0.4191029965877533
0.7831869721412659
0.4135900139808655
0.794405996799469
0.40807801485061646
0.8056250214576721
0.40256598591804504
0.8168439865112305
0.39010998606681824
0.811601996421814
