0.3178980052471161
0.5797489881515503
0.31797701120376587
0.5672490000724792
0.31805598735809326
0.5547490119934082
0.31813499331474304
0.5422499775886536
0.318215012550354
0.5297499895095825
0.3182939887046814
0.5172500014305115
0.3183729946613312
0.5047500133514404
0.31845200061798096
0.4922510087490082
0.31853199005126953
0.47975099086761475
0.3192709982395172
0.4672729969024658
0.3200100064277649
0.4547950029373169
0.3207490146160126
0.4423159956932068
0.32148799300193787
0.42983800172805786
0.32222700119018555
0.41736000776290894
0.3229660093784332
0.40488201379776
0.3237049877643585
0.3924039900302887
0.3244439959526062
0.37992599606513977
0.3303169906139374
0.36889201402664185
0.33619099855422974
0.35785800218582153
0.3420650064945221
0.3468239903450012
0.34793901443481445
0.3357900083065033
0.3538129925727844
0.324755996465683
0.3596870005130768
0.31372201442718506
0.36555999517440796
0.30268800258636475
0.3714340031147003
0.29165399074554443
0.37844499945640564
0.2813049852848053
0.38545501232147217
0.27095600962638855
0.3924660086631775
0.2606070041656494
0.39947599172592163
0.2502579987049103
0.40648698806762695
0.23990899324417114
0.4134970009326935
0.2295600026845932
0.4205079972743988
0.21921099722385406
0.4275189936161041
0.20886200666427612
0.4289030134677887
0.22128500044345856
0.4302879869937897
0.233707994222641
0.43167299032211304
0.24613100290298462
0.4330570101737976
0.25855401158332825
0.43444201350212097
0.2709769904613495
0.43582698702812195
0.2833999991416931
0.4372110068798065
0.29582300782203674
0.4385960102081299
0.30824699997901917
0.43985599279403687
0.32068300247192383
0.44111600518226624
0.3331190049648285
0.4423759877681732
0.34555500745773315
0.4436360001564026
0.3579919934272766
0.44489601254463196
0.3704279959201813
0.44615599513053894
0.38286399841308594
0.4474160075187683
0.3953010141849518
0.4486770033836365
0.40773698687553406
0.4500739872455597
0.4201590120792389
0.4514720141887665
0.43257999420166016
0.4528689980506897
0.4450019896030426
0.4542669951915741
0.45742401480674744
0.4556640088558197
0.4698449969291687
0.4570609927177429
0.48226699233055115
0.4584589898586273
0.4946889877319336
0.4598560035228729
0.5071099996566772
0.461201012134552
0.5195379853248596
0.4625459909439087
0.5319650173187256
0.4638899862766266
0.544393002986908
0.46523499488830566
0.5568199753761292
0.46658000349998474
0.5692480206489563
0.46792399883270264
0.5816749930381775
0.4692690074443817
0.5941020250320435
0.4706139862537384
0.6065300107002258
0.48146799206733704
0.5997790098190308
0.49232301115989685
0.5930280089378357
0.5031780004501343
0.5862770080566406
0.5140320062637329
0.5795260071754456
0.5248870253562927
0.5727750062942505
0.5357419848442078
0.5660240054130554
