0.374004989862442
0.7830610275268555
0.36808499693870544
0.772051990032196
0.36216598749160767
0.7610419988632202
0.3562459945678711
0.7500330209732056
0.3503260016441345
0.7390239834785461
0.34440699219703674
0.7280139923095703
0.33848699927330017
0.7170050144195557
0.3325670063495636
0.7059950232505798
0.3266479969024658
0.6949859857559204
0.32697999477386475
0.6824899911880493
0.32731199264526367
0.6699950098991394
0.3276439905166626
0.6574990153312683
0.3279759883880615
0.6450039744377136
0.32830899953842163
0.6325079798698425
0.32864099740982056
0.6200119853019714
0.3289729952812195
0.6075170040130615
0.3293049931526184
0.5950210094451904
0.3175230026245117
0.5908460021018982
0.30574101209640503
0.5866720080375671
0.29395899176597595
0.5824970006942749
0.2821759879589081
0.5783219933509827
0.2703939974308014
0.5741469860076904
0.2586120069026947
0.5699719786643982
0.24683000147342682
0.565796971321106
0.23504799604415894
0.5616220235824585
0.2335139960050583
0.5492169857025146
0.23197999596595764
0.5368109941482544
0.230444997549057
0.5244060158729553
0.22891099750995636
0.5120000243186951
0.2273769974708557
0.4995949864387512
0.22584299743175507
0.48718899488449097
0.22430899739265442
0.4747839868068695
0.22277499735355377
0.46237799525260925
0.216170996427536
0.4517650008201599
0.20956699550151825
0.44115298986434937
0.2029619961977005
0.4305399954319
0.19635799527168274
0.4199270009994507
0.18975399434566498
0.40931400656700134
0.18314899504184723
0.398701012134552
0.17654499411582947
0.3880879878997803
0.16993999481201172
0.3774760067462921
0.1803320050239563
0.3705280125141144
0.1907230019569397
0.36357998847961426
0.20111499726772308
0.3566330075263977
0.21150599420070648
0.34968501329421997
0.22189700603485107
0.34273800253868103
0.23228900134563446
0.3357900083065033
0.24267999827861786
0.32884299755096436
0.25307199358940125
0.3218950033187866
0.24373500049114227
0.31358399987220764
0.2343980073928833
0.30527299642562866
0.22506099939346313
0.2969619929790497
0.21572400629520416
0.2886509895324707
0.206386998295784
0.2803399860858917
0.19705000519752502
0.27202901244163513
0.18771299719810486
0.26371899247169495
0.1783760040998459
0.25540798902511597
0.1709810048341751
0.24882499873638153
0.16358600556850433
0.2422419935464859
