0.37459099292755127
0.2899560034275055
0.36236798763275146
0.29257500171661377
0.35014599561691284
0.29519400000572205
0.33792299032211304
0.29781201481819153
0.3257000148296356
0.3004310131072998
0.3134779930114746
0.3030500113964081
0.3012549877166748
0.30566900968551636
0.2890329957008362
0.30828800797462463
0.2768099904060364
0.31090599298477173
0.265190988779068
0.31551599502563477
0.2535719871520996
0.320125013589859
0.24195300042629242
0.32473400235176086
0.23033300042152405
0.3293440043926239
0.21871399879455566
0.33395299315452576
0.20709499716758728
0.33856201171875
0.1954759955406189
0.34317100048065186
0.1838569939136505
0.3477810025215149
0.17380200326442719
0.3517700135707855
