0.25493401288986206
0.07774859666824341
0.26738300919532776
0.07887899875640869
0.27983200550079346
0.08000940084457397
0.292279988527298
0.08113980293273926
0.30472901463508606
0.08227019757032394
0.31717801094055176
0.08340059965848923
0.32962700724601746
0.08453109860420227
0.342074990272522
0.08566150069236755
0.35452398657798767
0.08679190278053284
0.36651501059532166
0.08325959742069244
0.37850499153137207
0.07972720265388489
0.39049598574638367
0.0761948972940445
0.40248599648475647
0.0726625993847847
0.41447699069976807
0.0691303014755249
0.42646700143814087
0.0655980035662651
0.43845799565315247
0.06206569820642471
0.45044800639152527
0.05853340029716492
0.4558660089969635
0.06979840248823166
0.46128401160240173
0.0810633972287178
0.4667010009288788
0.09232839941978455
0.472119003534317
0.10359299927949905
0.47753599286079407
0.1148580014705658
0.4829539954662323
0.12612299621105194
0.48837101459503174
0.13738800585269928
0.4937889873981476
0.14865300059318542
0.5006020069122314
0.15913300216197968
0.5074160099029541
0.16961300373077393
0.5142300128936768
0.18009300529956818
0.5210430026054382
0.19057199358940125
0.5278570055961609
0.2010519951581955
0.5346699953079224
0.21153199672698975
0.541483998298645
0.222010999917984
0.5482980012893677
0.23249100148677826
0.5552570223808289
0.24287499487400055
0.5622149705886841
0.25325900316238403
0.5691739916801453
0.2636429965496063
0.5761330127716064
0.2740269899368286
0.5830919742584229
0.2844110131263733
0.5900499820709229
0.2947950065135956
0.597009003162384
0.3051779866218567
0.6039680242538452
0.31556200981140137
0.6119369864463806
0.32519298791885376
0.6199049949645996
0.33482399582862854
0.6278740167617798
0.3444550037384033
0.6358420252799988
0.3540849983692169
0.6438109874725342
0.3637160062789917
0.6517800092697144
0.3733470141887665
0.6597480177879333
0.38297799229621887
0.6677169799804688
0.39260798692703247
0.6773599982261658
0.40056300163269043
0.6870020031929016
0.4085170030593872
0.6966450214385986
0.416471004486084
0.7062870264053345
0.42442500591278076
0.7159299850463867
0.43237999081611633
0.7255730032920837
0.4403339922428131
0.7352150082588196
0.4482879936695099
0.7448580265045166
0.45624199509620667
0.7562450170516968
0.45108601450920105
0.767632007598877
0.44593000411987305
0.7790189981460571
0.44077399373054504
0.7904059886932373
0.43561801314353943
0.8017929792404175
0.4304620027542114
0.8131800293922424
0.4253059923648834
0.8245670199394226
0.4201500117778778
0.8359540104866028
0.4149940013885498
0.8371130228042603
0.4025470018386841
0.8382729887962341
0.39010098576545715
0.8394320011138916
0.3776549994945526
0.8405910134315491
0.36520901322364807
0.8417500257492065
0.35276299715042114
0.8429089784622192
0.3403170108795166
0.8440679907798767
0.3278709948062897
0.8452280163764954
0.31542399525642395
0.8465089797973633
0.30298998951911926
0.8477910161018372
0.29055601358413696
0.8490719795227051
0.2781220078468323
0.850354015827179
0.2656880021095276
0.8516359925270081
0.2532539963722229
0.8529170155525208
0.2408200055360794
0.8541989922523499
0.22838599979877472
0.8554810285568237
0.21595099568367004
0.8474850058555603
0.20634299516677856
0.8394889831542969
0.19673499464988708
0.8314930200576782
0.1871269941329956
0.8234969973564148
0.17751899361610413
0.8155019879341125
0.16791099309921265
0.8075060248374939
0.15830199420452118
0.7995100021362305
0.1486939936876297
0.791513979434967
0.13908599317073822
0.8037949800491333
0.13675500452518463
0.8160759806632996
0.13442400097846985
0.8283560276031494
0.13209299743175507
0.8406370282173157
0.12976199388504028
0.8529180288314819
0.1274310052394867
0.8651990294456482
0.1251000016927719
0.8774790167808533
0.12276899814605713
0.8897600173950195
0.12043800204992294
0.9017680287361145
0.11528199911117554
0.9137769937515259
0.11012700200080872
0.9257850050926208
0.10497099906206131
0.9377930164337158
0.09981589764356613
