0.3082810044288635
0.392518013715744
0.3182939887046814
0.38503599166870117
0.32830700278282166
0.37755298614501953
0.3383199870586395
0.3700709939002991
0.3483330011367798
0.36258798837661743
0.35834598541259766
0.3551050126552582
0.3683589994907379
0.34762299060821533
0.37837299704551697
0.3401400148868561
0.3883860111236572
0.33265799283981323
0.3930560052394867
0.32106301188468933
0.39772701263427734
0.3094690144062042
0.4023979902267456
0.29787400364875793
0.40706899762153625
0.2862800061702728
0.4117400050163269
0.27468499541282654
0.41641101241111755
0.26309099793434143
0.4210819900035858
0.25149598717689514
0.42575299739837646
0.23990200459957123
0.4282799959182739
0.252142995595932
0.4308069944381714
0.26438501477241516
0.43333500623703003
0.2766270041465759
0.4358620047569275
0.2888689935207367
0.43838900327682495
0.30111101269721985
0.4409160017967224
0.3133530020713806
0.44344401359558105
0.3255940079689026
0.4459710121154785
0.33783599734306335
0.4403280019760132
0.3259829878807068
0.43468400835990906
0.3141300082206726
