0.07743470370769501
0.1935109943151474
0.0865762010216713
0.20203599333763123
0.09571780264377594
0.21056200563907623
0.10485900193452835
0.21908700466156006
0.11400099843740463
0.22761200368404388
0.12314199656248093
0.2361380010843277
0.1322840005159378
0.24466300010681152
0.1414259970188141
0.25318899750709534
0.15056699514389038
0.26171401143074036
0.1536010056734085
0.2738400101661682
0.15663599967956543
0.28596600890159607
0.15966999530792236
0.2980920076370239
0.1627040058374405
0.3102180063724518
0.16573800146579742
0.32234498858451843
0.16877199709415436
0.3344709873199463
0.17180700600147247
0.34659698605537415
0.1748410016298294
0.3587230145931244
0.18668299913406372
0.3547230064868927
0.19852599501609802
0.35072198510169983
0.21036800742149353
0.34672099351882935
0.22221100330352783
0.34272098541259766
0.23405300080776215
0.3387199938297272
0.24589599668979645
0.3347199857234955
0.25773900747299194
0.330718994140625
0.26958099007606506
0.3267189860343933
0.28130099177360535
0.3310660123825073
0.29302000999450684
0.33541399240493774
0.3047400116920471
0.33976098895072937
0.3164590001106262
0.3441089987754822
0.3281790018081665
0.3484559953212738
0.3398990035057068
0.3528040051460266
0.3516179919242859
0.35715198516845703
0.36333799362182617
0.36149901151657104
0.37076500058174133
0.3514449894428253
0.3781929910182953
0.341390997171402
0.38562101125717163
0.33133798837661743
0.3930479884147644
0.3212839961051941
0.40047600865364075
0.31123000383377075
0.4079039990901947
0.3011760115623474
0.41533100605010986
0.2911219894886017
0.4227589964866638
0.28106799721717834
