0.8024629950523376
0.6994720101356506
0.7902719974517822
0.7022330164909363
0.7780809998512268
0.7049949765205383
0.7658900022506714
0.707755982875824
0.753699004650116
0.7105169892311096
0.7415069937705994
0.7132790088653564
0.729315996170044
0.7160400152206421
0.7171249985694885
0.7188010215759277
0.7049340009689331
0.7215629816055298
0.6925340294837952
0.7199850082397461
0.6801339983940125
0.7184069752693176
0.6677340269088745
0.7168290019035339
0.6553339958190918
0.7152510285377502
0.6429340243339539
0.7136729955673218
0.6305339932441711
0.7120950222015381
0.6181340217590332
0.7105169892311096
0.6057339906692505
0.7089390158653259
0.5945370197296143
0.7033820152282715
0.5833399891853333
0.697825014591217
0.572143018245697
0.6922680139541626
0.560945987701416
0.6867110133171082
0.5497490167617798
0.6811540126800537
0.53855299949646
0.6755970120429993
0.5273560285568237
0.6700400114059448
0.5161589980125427
0.6644830107688904
0.5037260055541992
0.6657789945602417
0.4912939965724945
0.667074978351593
0.478861004114151
0.6683710217475891
0.4664280116558075
0.6696680188179016
0.4539960026741028
0.6709640026092529
0.4415630102157593
0.6722599864006042
0.42913100123405457
0.6735560297966003
0.41669800877571106
0.6748520135879517
0.4069010019302368
0.6670889854431152
0.3971039950847626
0.6593260169029236
0.38730698823928833
0.6515629887580872
0.3775089979171753
0.6438000202178955
0.36771199107170105
0.6360369920730591
0.3579150140285492
0.6282740235328674
0.34811800718307495
0.620510995388031
0.3383210003376007
0.6127470135688782
0.33017000555992126
0.6032710075378418
0.32201799750328064
0.5937939882278442
0.3138670027256012
0.5843179821968079
0.30571499466896057
0.5748410224914551
0.29756399989128113
0.5653650164604187
0.2894119918346405
0.5558879971504211
0.28126099705696106
0.5464119911193848
0.27310898900032043
0.5369349718093872
0.26294800639152527
0.5296549797058105
0.2527869939804077
0.5223749876022339
0.24262599647045135
0.515093982219696
0.232464998960495
0.5078139901161194
0.22230400145053864
0.5005339980125427
0.21214300394058228
0.4932529926300049
0.20198200643062592
0.4859730005264282
0.19182099401950836
0.47869300842285156
0.1821269989013672
0.4708009958267212
0.172433003783226
0.462909996509552
0.16273899376392365
0.455018013715744
0.15304499864578247
0.44712600111961365
0.1433510035276413
0.43923500180244446
0.13365699350833893
0.4313429892063141
0.12396299839019775
0.4234519898891449
0.11426900327205658
0.4155600070953369
0.11334799975156784
0.40309399366378784
0.11242599785327911
0.39062801003456116
0.11150400340557098
0.3781619966030121
0.11058200150728226
0.3656960129737854
0.10965999960899353
0.35322999954223633
0.1087379977107048
0.34076398611068726
0.10781600326299667
0.32829800248146057
0.10689499974250793
0.3158319890499115
0.11377400159835815
0.3053959906101227
0.12065400183200836
0.29495999217033386
0.12753400206565857
0.28452301025390625
0.13441400229930878
0.27408701181411743
0.14129400253295898
0.2636510133743286
0.1481740027666092
0.2532140016555786
0.1550530046224594
0.2427780032157898
0.16193300485610962
0.232341006398201
0.15377900004386902
0.2228669971227646
0.14562499523162842
0.21339300274848938
0.137471005320549
0.20391899347305298
0.1293170005083084
0.19444499909877777
0.12116300314664841
0.18497000634670258
0.1130089983344078
0.17549599707126617
0.1048550009727478
0.16602200269699097
0.09670060127973557
0.15654799342155457
0.09079120308160782
0.15081700682640076
