0.3131679892539978
0.6669909954071045
0.31299901008605957
0.6544920206069946
0.31283101439476013
0.64199298620224
0.3126620054244995
0.6294940114021301
0.3124940097332001
0.6169949769973755
0.31232601404190063
0.6044960021972656
0.31215700507164
0.5919970273971558
0.3119890093803406
0.5794979929924011
0.31182000041007996
0.5669999718666077
0.3203110098838806
0.5578259825706482
0.3288019895553589
0.5486530065536499
0.33729299902915955
0.5394790172576904
0.345784991979599
0.5303059816360474
0.35427600145339966
0.5211319923400879
0.3627670109272003
0.5119590163230896
0.3712579905986786
0.5027859807014465
0.37974900007247925
0.49361199140548706
0.3710309863090515
0.4846540093421936
0.36231300234794617
0.47569599747657776
0.3535960018634796
0.4667370021343231
0.3448779881000519
0.4577789902687073
0.33616000413894653
0.4488210082054138
0.3274419903755188
0.439862996339798
0.31872400641441345
0.43090400099754333
0.3100070059299469
0.4219459891319275
0.3131510019302368
0.40984800457954407
0.31629499793052673
0.39774999022483826
0.31943899393081665
0.38565200567245483
0.32258298993110657
0.373553991317749
0.32572799921035767
0.3614549934864044
0.3288719952106476
0.349357008934021
0.3320159912109375
0.3372589945793152
0.3351599872112274
0.32516101002693176
0.3297640085220337
0.31388598680496216
0.3243680000305176
0.30261099338531494
0.31897199153900146
0.29133498668670654
0.31357601284980774
0.2800599932670593
0.3081800043582916
0.2687849998474121
0.3027839958667755
0.2575089931488037
0.2973870038986206
0.2462339997291565
0.2919909954071045
0.23495900630950928
0.28207099437713623
0.2273540049791336
0.2721500098705292
0.21974900364875793
0.2622300088405609
0.21214400231838226
0.25230899453163147
0.2045390009880066
0.2423889935016632
0.19693399965763092
0.23246799409389496
0.18932999670505524
0.2225479930639267
0.18172499537467957
0.21262800693511963
0.1741199940443039
0.2001670002937317
0.17313000559806824
0.18770599365234375
0.1721400022506714
0.175245001912117
0.17114999890327454
0.16278499364852905
0.17015999555587769
0.1503240019083023
0.16917000710964203
0.13786299526691437
0.16818000376224518
0.12540200352668762
0.16719000041484833
0.11294200271368027
0.16619999706745148
0.10759499669075012
0.15490099787712097
0.10224799811840057
0.14360199868679047
0.09690109640359879
0.13230399787425995
0.0915542021393776
0.12100499868392944
0.0862073004245758
0.10970599949359894
0.08086050301790237
0.09840740263462067
0.07551360130310059
0.08710870146751404
0.0701666995882988
0.07581000030040741
0.06611999869346619
0.06725859642028809
