0.9414139986038208
0.5415769815444946
0.9386569857597351
0.5537689924240112
0.9358999729156494
0.565962016582489
0.9331430196762085
0.5781540274620056
0.9303860068321228
0.5903459787368774
0.9276289939880371
0.602537989616394
0.9248719811439514
0.6147300004959106
0.9221159815788269
0.6269230246543884
0.919359028339386
0.6391149759292603
0.9125589728355408
0.6496040225028992
0.9057599902153015
0.6600919961929321
0.8989599943161011
0.6705809831619263
0.8921610116958618
0.6810700297355652
0.8853610157966614
0.6915590167045593
0.8785610198974609
0.7020480036735535
0.8717619776725769
0.7125369906425476
0.8649619817733765
0.7230250239372253
0.8544250130653381
0.7297490239143372
0.8438869714736938
0.736473023891449
0.8333489894866943
0.7431960105895996
0.8228110074996948
0.7499200105667114
0.8122739791870117
0.7566429972648621
0.8017359972000122
0.7633669972419739
0.7911980152130127
0.7700899839401245
0.7806599736213684
0.7768139839172363
0.7706140279769897
0.7842509746551514
0.7605670094490051
0.7916889786720276
0.7505210041999817
0.7991260290145874
0.7404739856719971
0.8065639734268188
0.7304270267486572
0.8140010237693787
0.7203810214996338
0.8214390277862549
0.7103340029716492
0.8288760185241699
0.7002869844436646
0.836313009262085
0.6895890235900879
0.8427780270576477
0.6788899898529053
0.8492419719696045
0.6681910157203674
0.8557069897651672
0.657492995262146
0.8621709942817688
0.6467940211296082
0.8686349987983704
0.6360949873924255
0.8751000165939331
0.6253970265388489
0.8815640211105347
0.6146979928016663
0.8880280256271362
0.6035860180854797
0.8937540054321289
0.5924739837646484
0.8994789719581604
0.5813630223274231
0.9052039980888367
0.5702509880065918
0.9109290242195129
0.5591390132904053
0.9166550040245056
0.548026978969574
0.9223799705505371
0.5369150042533875
0.9281049966812134
0.5258039832115173
0.9338300228118896
0.5135430097579956
0.9362639784812927
0.5012819766998291
0.9386969804763794
0.4890210032463074
0.9411309957504272
0.47675999999046326
0.9435639977455139
0.4645000100135803
0.9459980130195618
0.4522390067577362
0.9484310150146484
0.4399780035018921
0.9508649706840515
0.427717000246048
0.9532979726791382
0.4176050126552582
0.9459499716758728
0.407492995262146
0.9386019706726074
0.3973810076713562
0.9312540292739868
0.3872680068016052
0.9239060282707214
0.37715598940849304
0.916558027267456
0.36704400181770325
0.9092100262641907
0.35693201422691345
0.9018620252609253
0.34681999683380127
0.8945140242576599
0.3496969938278198
0.8823490142822266
0.3525739908218384
0.8701850175857544
0.3554520010948181
0.8580210208892822
0.35832899808883667
0.8458560109138489
0.3612059950828552
0.8336920142173767
0.36408400535583496
0.8215280175209045
0.3669610023498535
0.8093630075454712
0.36983799934387207
0.797199010848999
0.36646100878715515
0.7854170203208923
0.363085001707077
0.7736340165138245
0.3597080111503601
0.7618520259857178
0.3563309907913208
0.7500690221786499
0.3529540002346039
0.7382869720458984
