0.27986299991607666
0.29631999135017395
0.29149699211120605
0.29174700379371643
0.30313000082969666
0.2871749997138977
0.31476399302482605
0.2826020121574402
0.32639798521995544
0.27803000807762146
0.33803099393844604
0.27345699071884155
0.34966498613357544
0.26888400316238403
0.3612990081310272
0.2643119990825653
0.37293198704719543
0.2597390115261078
0.3808920085430145
0.2501020133495331
0.38885200023651123
0.2404640018939972
0.39681199193000793
0.2308260053396225
0.4047729969024658
0.2211879938840866
0.4127329885959625
0.21154999732971191
0.4206930100917816
0.20191200077533722
0.4286530017852783
0.1922750025987625
0.436612993478775
0.18263700604438782
0.4434889853000641
0.17040200531482697
0.45036599040031433
0.1581680029630661
0.4572420120239258
0.14593300223350525
0.46411898732185364
0.13369899988174438
0.4709950089454651
0.12146399915218353
0.47787201404571533
0.10922999680042267
