0.6163079738616943
0.7238979935646057
0.6267600059509277
0.7170420289039612
0.6372129917144775
0.7101870179176331
0.6476650238037109
0.7033320069313049
0.6581180095672607
0.6964759826660156
0.6685699820518494
0.6896209716796875
0.679023027420044
0.6827660202980042
0.6894749999046326
0.6759099960327148
0.6999279856681824
0.6690549850463867
0.6876000165939331
0.6711220145225525
0.6752719879150391
0.6731889843940735
0.6629440188407898
0.6752560138702393
0.6506159901618958
0.6773239970207214
0.6382880210876465
0.6793910264968872
0.6259599924087524
0.6814579963684082
0.6136320233345032
0.683525025844574
0.6013050079345703
0.685591995716095
0.5888280272483826
0.684827983379364
0.57635098695755
0.6840649843215942
0.5638750195503235
0.6833009719848633
0.551397979259491
0.6825379729270935
0.5389209985733032
0.6817740201950073
0.5264449715614319
0.6810100078582764
0.5139679908752441
0.6802470088005066
0.5014910101890564
0.6794829964637756
0.5070840120315552
0.6683040261268616
0.5126760005950928
0.6571249961853027
0.5182690024375916
0.6459460258483887
0.5238609910011292
0.6347659826278687
0.5294539928436279
0.6235870122909546
0.5350459814071655
0.6124079823493958
0.5406389832496643
0.6012290120124817
0.5462309718132019
0.5900499820709229
0.5393829941749573
0.5795919895172119
0.532535970211029
0.5691350102424622
0.5256879925727844
0.5586770176887512
0.518841028213501
0.5482190251350403
0.5119929909706116
0.5377619862556458
0.5051450133323669
0.5273039937019348
0.4982979893684387
0.5168470144271851
0.4914500117301941
0.5063890218734741
0.5031710267066956
0.5020459890365601
0.5148919820785522
0.4977020025253296
0.5266140103340149
0.4933589994907379
0.5383350253105164
0.48901501297950745
0.550055980682373
0.48467200994491577
0.5617769956588745
0.4803279936313629
0.573498010635376
0.47598499059677124
0.5852190256118774
0.47164100408554077
0.5965459942817688
0.46635499596595764
0.6078730225563049
0.4610680043697357
0.6191999912261963
0.4557810127735138
0.6305270195007324
0.4504939913749695
0.6418539881706238
0.44520801305770874
0.6531810164451599
0.43992099165916443
0.6645079851150513
0.4346340000629425
0.6758350133895874
0.4293470084667206
0.6690289974212646
0.4176650047302246
0.6622229814529419
0.40598300099372864
0.6554170250892639
0.39430001378059387
0.6486110091209412
0.3826180100440979
0.6418049931526184
0.37093499302864075
0.6349989771842957
0.3592529892921448
