0.36004599928855896
0.5687900185585022
0.36034300923347473
0.5812870264053345
0.3606390058994293
0.5937830209732056
0.3609350025653839
0.6062800288200378
0.3612309992313385
0.6187760233879089
0.3615280091762543
0.6312729716300964
0.36182400584220886
0.6437690258026123
0.36212000250816345
0.6562659740447998
0.36241599917411804
0.6687620282173157
0.36226099729537964
0.6812610030174255
0.36210599541664124
0.6937599778175354
0.36195099353790283
0.70625901222229
0.36179500818252563
0.7187579870223999
0.36164000630378723
0.731257975101471
0.36148500442504883
0.7437570095062256
0.3613300025463104
0.7562559843063354
0.36117398738861084
0.7687550187110901
0.3542659878730774
0.7791720032691956
0.34735700488090515
0.789588987827301
0.3404479920864105
0.8000059723854065
0.3335399925708771
0.8104239702224731
0.32663100957870483
0.8208410143852234
0.3197219967842102
0.8312579989433289
0.31281301379203796
0.8416759967803955
0.3059050142765045
0.852092981338501
0.3094330132007599
0.8404639959335327
0.31296199560165405
0.8288350105285645
0.3164910078048706
0.8172060251235962
