0.39361199736595154
0.9379839897155762
0.39045900106430054
0.9258880019187927
0.38730600476264954
0.9137920141220093
0.38415399193763733
0.9016960263252258
0.38100099563598633
0.8895999789237976
0.3778479993343353
0.8775050044059753
0.3746959865093231
0.8654090166091919
0.3715429902076721
0.8533130288124084
0.3683899939060211
0.8412169814109802
0.35600200295448303
0.8395529985427856
0.34361299872398376
0.8378890156745911
0.3312239944934845
0.8362249732017517
0.31883499026298523
0.8345609903335571
0.30644699931144714
0.8328959941864014
0.2940579950809479
0.8312320113182068
0.2816689908504486
0.8295680284500122
0.26927998661994934
0.8279039859771729
0.2675909996032715
0.8155189752578735
0.2659029960632324
0.8031330108642578
0.26421400904655457
0.7907480001449585
0.2625249922275543
0.7783629894256592
0.26083600521087646
0.7659770250320435
0.2591469883918762
0.7535920143127441
0.25745800137519836
0.7412070035934448
0.2557690143585205
0.7288209795951843
0.25102800130844116
0.7172549962997437
0.246288001537323
0.705689013004303
0.24154700338840485
0.6941230297088623
0.23680700361728668
0.6825559735298157
0.23206600546836853
0.670989990234375
0.22732500731945038
0.6594240069389343
0.22258499264717102
0.6478580236434937
0.21784399449825287
0.6362919807434082
0.2210869938135147
0.6242200136184692
0.22432999312877655
0.6121479868888855
0.22757300734519958
0.6000760197639465
0.23081600666046143
0.5880039930343628
0.23405900597572327
0.5759320259094238
0.2373030036687851
0.5638599991798401
0.24054600298404694
0.5517879724502563
0.24378900229930878
0.5397160053253174
0.23319700360298157
0.5330780148506165
0.22260500490665436
0.5264400243759155
0.21201300621032715
0.5198019742965698
0.20142200589179993
0.5131629705429077
0.19083000719547272
0.5065249800682068
0.18023799359798431
0.49988698959350586
0.1696459949016571
0.49324899911880493
0.1590539962053299
0.486611008644104
0.1498890072107315
0.47811201214790344
0.14072300493717194
0.4696120023727417
0.13155700266361237
0.46111300587654114
0.1223910003900528
0.4526140093803406
0.11322599649429321
0.44411399960517883
0.10406000167131424
0.43561500310897827
0.09489399939775467
0.4271160066127777
0.08572830259799957
0.41861599683761597
0.08709459751844406
0.40619099140167236
0.08846089988946915
0.39376598596572876
0.08982720226049423
0.38134101033210754
0.09119349718093872
0.36891600489616394
0.09255989640951157
0.35649099946022034
0.09392619878053665
0.34406599402427673
0.09529250115156174
0.33164098858833313
0.09665880352258682
0.3192160129547119
0.09495940059423447
0.3068319857120514
0.09325990080833435
0.29444798827171326
0.091560497879982
0.2820639908313751
0.08986110240221024
0.269679993391037
0.08816160261631012
0.25729599595069885
0.08646219968795776
0.24491199851036072
0.08476269990205765
0.23252800107002258
0.08306329697370529
0.22014400362968445
0.08867359906435013
0.20897400379180908
0.09428390115499496
0.19780400395393372
0.09989430010318756
0.18663300573825836
0.10550499707460403
0.175463005900383
0.111115001142025
0.16429300606250763
0.11672499775886536
0.15312300622463226
0.1223360002040863
0.14195199310779572
0.12794600427150726
0.13078199326992035
0.13401100039482117
0.11870700120925903
0.14007599651813507
0.10663100332021713
0.14614099264144897
0.09455499798059464
0.15220700204372406
0.08247929811477661
0.15827199816703796
0.07040350139141083
