0.19905699789524078
0.8381839990615845
0.19664299488067627
0.825918972492218
0.19422900676727295
0.8136550188064575
0.19181500375270844
0.8013899922370911
0.18940100073814392
0.7891250252723694
0.1869869977235794
0.7768610119819641
0.1845729947090149
0.7645959854125977
0.18215900659561157
0.752331018447876
0.17974500358104706
0.7400670051574707
0.176937997341156
0.7278860211372375
0.17412999272346497
0.7157049775123596
0.17132200300693512
0.7035250067710876
0.16851499676704407
0.6913440227508545
0.16570700705051422
0.6791629791259766
0.16290000081062317
0.6669830083847046
0.16009199619293213
0.6548020243644714
0.15728500485420227
0.6426219940185547
0.15459999442100525
0.6304129958152771
0.1519159972667694
0.6182050108909607
0.14923100173473358
0.6059970259666443
0.14654700458049774
0.5937880277633667
0.14386199414730072
0.5815799832344055
0.14117799699306488
0.5693709850311279
0.13849300146102905
0.5571630001068115
0.1358090043067932
0.5449550151824951
0.13803400099277496
0.5326550006866455
0.1402599960565567
0.5203539729118347
0.14248600602149963
0.5080540180206299
0.14471100270748138
0.4957540035247803
0.14693699777126312
0.48345300555229187
0.14916199445724487
0.47115299105644226
0.1513880044221878
0.45885300636291504
0.15361399948596954
0.44655299186706543
0.16536900401115417
0.4508019983768463
0.1771250069141388
0.455049991607666
0.18888099491596222
0.4592989981174469
0.20063599944114685
0.4635480046272278
0.21239200234413147
0.46779701113700867
0.2241480052471161
0.47204598784446716
0.23590399324893951
0.47629499435424805
0.24765899777412415
0.48054400086402893
0.2523120045661926
0.46894198656082153
0.2569650113582611
0.4573409855365753
0.2616179883480072
0.4457390010356903
0.2662709951400757
0.4341369867324829
0.27092400193214417
0.4225350022315979
0.27557700872421265
0.4109340012073517
0.28022998571395874
0.3993319869041443
0.2848820090293884
0.3877300024032593
0.27835899591445923
0.3770669996738434
0.2718360126018524
0.36640501022338867
0.26531198620796204
0.3557420074939728
0.2587890028953552
0.3450790047645569
0.25226500630378723
0.334416002035141
0.24574199318885803
0.3237529993057251
0.23921799659729004
0.3130910098552704
0.23269499838352203
0.3024280071258545
0.23023800551891327
0.2901720106601715
0.2277809977531433
0.2779160141944885
0.22532500326633453
0.26565900444984436
0.22286799550056458
0.2534030079841614
0.2204110026359558
0.2411469966173172
0.21795499324798584
0.22889100015163422
0.21549800038337708
0.21663400530815125
0.21304099261760712
0.20437799394130707
0.21030700206756592
0.19073599576950073
0.20757199823856354
0.1770929992198944
