0.2016730010509491
0.08366619795560837
0.21408399939537048
0.08218350261449814
0.22649599611759186
0.08070070296525955
0.23890799283981323
0.07921790331602097
0.2513200044631958
0.07773520052433014
0.2637310028076172
0.07625240087509155
0.27614301443099976
0.07476960122585297
0.28855499625205994
0.07328680157661438
0.3009670078754425
0.07180409878492355
0.3134489953517914
0.0724610984325409
0.32593199610710144
0.07311809808015823
0.3384149968624115
0.07377520203590393
0.35089701414108276
0.07443220168352127
0.3633800148963928
0.07508920133113861
0.3758629858493805
0.07574620097875595
0.38834598660469055
0.07640329748392105
0.4008280038833618
0.07706029713153839
0.40206998586654663
0.08949849754571915
0.40331199765205383
0.10193700343370438
0.40455299615859985
0.11437500268220901
0.40579500794410706
0.12681299448013306
0.40703698992729187
0.1392509937286377
0.4082779884338379
0.15168899297714233
0.4095200002193451
0.16412800550460815
0.4107620120048523
0.1765660047531128
0.4132080078125
0.18882399797439575
0.4156549870967865
0.2010820060968399
0.4181019961833954
0.21333999931812286
0.4205490052700043
0.22559800744056702
0.422995001077652
0.23785699903964996
0.42544201016426086
0.2501150071620941
0.42788898944854736
0.2623730003833771
0.43033599853515625
0.27463099360466003
0.43053799867630005
0.2871299982070923
0.43073999881744385
0.29962798953056335
0.43094199895858765
0.3121260106563568
0.43114399909973145
0.3246249854564667
0.43134599924087524
0.33712300658226013
0.43154799938201904
0.3496209979057312
0.43174999952316284
0.36212000250816345
0.43195199966430664
0.3746179938316345
0.4433499872684479
0.3694849908351898
0.4547469913959503
0.3643519878387451
0.46614399552345276
0.3592180013656616
0.4775420129299164
0.3540849983692169
0.48893898725509644
0.3489519953727722
0.5003370046615601
0.3438189923763275
0.5117340087890625
0.338685005903244
0.5231310129165649
0.3335520029067993
0.5354949831962585
0.3353939950466156
0.5478579998016357
0.3372359871864319
0.5602220296859741
0.33907800912857056
0.5725849866867065
0.340921014547348
0.5849490165710449
0.3427630066871643
0.5973119735717773
0.3446049988269806
0.6096760034561157
0.3464469909667969
0.6220390200614929
0.34828901290893555
0.6338260173797607
0.35245099663734436
0.6456130146980286
0.35661301016807556
0.6574000120162964
0.3607740104198456
0.6691870093345642
0.3649359941482544
0.680974006652832
0.3690980076789856
0.6927599906921387
0.3732599914073944
0.7045469880104065
0.3774220049381256
0.7163339853286743
0.3815839886665344
0.7278149724006653
0.3766390085220337
0.7392950057983398
0.37169501185417175
0.7507759928703308
0.3667509853839874
0.7622560262680054
0.3618069887161255
0.7737370133399963
0.35686299204826355
0.7852180004119873
0.3519180119037628
0.7966979742050171
0.3469739854335785
0.8081790208816528
0.34202998876571655
0.8142650127410889
0.35294800996780396
0.8203499913215637
0.36386701464653015
0.8264359831809998
0.37478598952293396
0.8325210213661194
0.38570401072502136
0.8386070132255554
0.39662298560142517
0.8446919918060303
0.4075410068035126
0.8507779836654663
0.41846001148223877
0.8568639755249023
0.4293789863586426
0.8693069815635681
0.4305639863014221
0.8817510008811951
0.43174898624420166
0.894195020198822
0.4329339861869812
0.9066380262374878
0.4341199994087219
0.91908198595047
0.43530499935150146
0.9315260052680969
0.436489999294281
0.9439690113067627
0.43767601251602173
0.9564129710197449
0.43886101245880127
0.9466729760169983
0.43149200081825256
0.9369320273399353
0.42412400245666504
0.927191972732544
0.4167560040950775
