0.8331040143966675
0.13343499600887299
0.8226349949836731
0.14026600122451782
0.8121669888496399
0.14709700644016266
0.8016980290412903
0.1539279967546463
0.7912300229072571
0.16075900197029114
0.7807620167732239
0.16759000718593597
0.7702929973602295
0.17442099750041962
0.7598249912261963
0.18125200271606445
0.7493559718132019
0.1880829930305481
0.7425119876861572
0.19854199886322021
0.7356669902801514
0.20900200307369232
0.7288230061531067
0.21946099400520325
0.7219780087471008
0.22992099821567535
0.715133011341095
0.24038000404834747
0.7082890272140503
0.2508400082588196
0.7014439702033997
0.2612999975681305
0.694599986076355
0.2717590034008026
0.686447024345398
0.281235009431839
0.6782950162887573
0.290710985660553
0.6701430082321167
0.30018600821495056
0.6619899868965149
0.30966201424598694
0.6538379788398743
0.3191379904747009
0.6456859707832336
0.3286130130290985
0.6375330090522766
0.3380889892578125
0.629381000995636
0.3475649952888489
0.6230379939079285
0.3583360016345978
0.6166960000991821
0.3691070079803467
0.6103529930114746
0.3798789978027344
0.6040099859237671
0.3906500041484833
0.5976669788360596
0.4014210104942322
0.5913249850273132
0.4121919870376587
0.5849819779396057
0.4229640066623688
0.5786389708518982
0.4337350130081177
0.5698310136795044
0.4248650074005127
0.5610229969024658
0.4159950017929077
0.5522149801254272
0.4071260094642639
0.5434079766273499
0.39825600385665894
0.534600019454956
0.38938599824905396
0.5257920026779175
0.38051700592041016
0.5169839859008789
0.3716470003128052
0.5081760287284851
0.3627769947052002
0.497404009103775
0.36911898851394653
0.4866330027580261
0.37546199560165405
0.4758610129356384
0.3818039894104004
0.4650900065898895
0.3881460130214691
0.45431798696517944
0.39448800683021545
0.44354701042175293
0.4008300006389618
0.43277499079704285
0.40717199444770813
0.42200300097465515
0.41351500153541565
0.411327987909317
0.4200170040130615
0.4006519913673401
0.4265190064907074
0.38997599482536316
0.43302100896835327
0.37929999828338623
0.43952301144599915
0.3686249852180481
0.446025013923645
0.35794898867607117
0.4525279998779297
0.34727299213409424
0.45903000235557556
0.3365969955921173
0.46553200483322144
0.32618001103401184
0.4724400043487549
0.3157620131969452
0.47934800386428833
0.30534398555755615
0.4862549901008606
0.2949259877204895
0.49316298961639404
0.28450798988342285
0.5000709891319275
0.2740899920463562
0.5069789886474609
0.26367199420928955
0.5138869881629944
0.2532539963722229
0.5207939743995667
0.24158400297164917
0.5163149833679199
0.22991499304771423
0.511834979057312
0.2182449996471405
0.5073559880256653
0.20657500624656677
0.5028769969940186
0.19490499794483185
0.49839699268341064
0.18323500454425812
0.4939180016517639
0.17156599462032318
0.489437997341156
0.15989600121974945
0.4849590063095093
0.14740000665187836
0.4852980077266693
0.13490499556064606
0.48563799262046814
0.12240999937057495
0.4859769940376282
0.10991399735212326
0.4863159954547882
0.09741879999637604
0.4866560101509094
0.0849234014749527
0.48699501156806946
0.07242800295352936
0.4873349964618683
0.05993260070681572
0.4876739978790283
0.060819800943136215
0.4752059876918793
0.06170690059661865
0.46273699402809143
0.06259410083293915
0.45026901364326477
0.06348119676113129
0.43779999017715454
0.06436839699745178
0.4253320097923279
0.06525550037622452
0.41286298632621765
0.06614270061254501
0.400395005941391
0.06702990084886551
0.38792601227760315
0.06768249720335007
0.3754430115222931
0.06833510100841522
0.36296001076698303
0.06898769736289978
0.350477010011673
0.0696403980255127
0.3379940092563629
0.07029300183057785
0.32551100850105286
0.07094559818506241
0.3130289912223816
0.07159829884767532
0.30054599046707153
0.07225090265274048
0.2880629897117615
0.08347740024328232
0.28256601095199585
0.09470400214195251
0.27706900238990784
0.10593099892139435
0.2715719938278198
0.1171569973230362
0.2660749852657318
0.12838399410247803
0.260578989982605
0.13961000740528107
0.25508201122283936
0.1508370041847229
0.24958500266075134
0.16206300258636475
0.24408799409866333
0.15393200516700745
0.23459500074386597
0.14579999446868896
0.22510099411010742
0.13766799867153168
0.21560800075531006
0.12953700125217438
0.2061139941215515
0.12140499800443649
0.19662100076675415
0.1132740005850792
0.1871269941329956
0.10514199733734131
0.17763400077819824
0.09701039642095566
0.1681399941444397
0.0903891995549202
0.16041000187397003
