0.07322020083665848
0.9618300199508667
0.08256209641695023
0.9535250067710876
0.09190399944782257
0.9452199935913086
0.10124599933624268
0.9369140267372131
0.11058799922466278
0.9286090135574341
0.11992999911308289
0.9203029870986938
0.129271000623703
0.9119979739189148
0.1386130005121231
0.9036930203437805
0.1479550004005432
0.8953869938850403
0.1586800068616867
0.8889660239219666
0.169404998421669
0.882544994354248
0.1801300048828125
0.8761240243911743
0.1908549964427948
0.869704008102417
0.2015790045261383
0.8632829785346985
0.2123039960861206
0.8568620085716248
0.2230290025472641
0.8504409790039062
0.2337539941072464
0.8440200090408325
0.23010499775409698
0.8320639729499817
0.22645600140094757
0.8201090097427368
0.22280700504779816
0.808152973651886
0.21915799379348755
0.7961969971656799
0.21550999581813812
0.7842419743537903
0.2118609994649887
0.7722859978675842
0.2082120031118393
0.7603309750556946
0.20456300675868988
0.7483749985694885
0.20639899373054504
0.7360110282897949
0.2082349956035614
0.7236459851264954
0.21007099747657776
0.7112820148468018
0.21190699934959412
0.6989169716835022
0.21374300122261047
0.6865530014038086
0.21557900309562683
0.6741889715194702
0.2174150049686432
0.6618239879608154
0.21925100684165955
0.6494600176811218
0.2209549993276596
0.6370760202407837
0.22265799343585968
0.624692976474762
0.22436200082302094
0.612309992313385
0.226065993309021
0.5999259948730469
0.22776900231838226
0.5875430107116699
0.22947299480438232
0.575160026550293
0.23117700219154358
0.5627760291099548
0.23287999629974365
0.5503929853439331
0.2362380027770996
0.5383520126342773
0.23959499597549438
0.526311993598938
0.24295300245285034
0.5142710208892822
0.2463109940290451
0.5022299885749817
0.24966800212860107
0.4901899993419647
0.25302600860595703
0.4781489968299866
0.2563830018043518
0.4661090075969696
0.25974100828170776
0.45406800508499146
0.2686859965324402
0.4453360140323639
0.2776300013065338
0.43660399317741394
0.28657498955726624
0.4278720021247864
0.29551899433135986
0.4191400110721588
0.3044640123844147
0.41040799021720886
0.3134079873561859
0.4016770124435425
0.3223530054092407
0.39294499158859253
0.33129701018333435
0.38421300053596497
0.3420940041542053
0.39051198959350586
0.3528909981250763
0.39680999517440796
0.36368799209594727
0.40310901403427124
0.37448498606681824
0.40940800309181213
0.3852820098400116
0.415706992149353
0.39607900381088257
0.4220049977302551
0.40687599778175354
0.428303986787796
0.4176729917526245
0.4346030056476593
0.42536500096321106
0.4444560110569
0.4330570101737976
0.45430898666381836
0.44074898958206177
0.4641619920730591
0.4484409987926483
0.4740149974822998
0.45613300800323486
0.4838689863681793
0.463824987411499
0.49372199177742004
0.47151699662208557
0.5035750269889832
0.4792090058326721
0.5134279727935791
0.48645099997520447
0.5236160159111023
0.4936929941177368
0.5338050127029419
0.5009350180625916
0.5439929962158203
0.5081769824028015
0.5541809797286987
0.5154190063476562
0.5643699765205383
0.5226609706878662
0.5745580196380615
0.529902994632721
0.5847460031509399
0.5371450185775757
0.5949349999427795
0.5426890254020691
0.6061379909515381
0.5482320189476013
0.6173419952392578
0.5537760257720947
0.6285449862480164
0.559319019317627
0.6397489905357361
0.5648630261421204
0.6509519815444946
0.5704060196876526
0.6621559858322144
0.575950026512146
0.6733599901199341
0.5814930200576782
0.6845629811286926
0.592540979385376
0.6904109716415405
0.6035889983177185
0.696258008480072
0.614637017250061
0.7021059989929199
0.6256849765777588
0.7079539895057678
0.6367319822311401
0.7138010263442993
0.6477800011634827
0.7196490168571472
0.6588280200958252
0.7254970073699951
0.669875979423523
0.7313439846038818
0.6774680018424988
0.7412750124931335
0.6850600242614746
0.7512050271034241
0.6926519870758057
0.7611349821090698
0.7002440094947815
0.7710660099983215
0.7078359723091125
0.7809960246086121
0.7154279947280884
0.7909259796142578
0.7230200171470642
0.8008559942245483
0.7306129932403564
0.8107870221138
0.7396960258483887
0.8193740248680115
0.7487789988517761
0.8279610276222229
0.7578629851341248
0.8365479707717896
0.766946017742157
0.8451359868049622
0.7760300040245056
0.8537229895591736
0.7851129770278931
0.862309992313385
0.7941970229148865
0.8708969950675964
0.8032799959182739
0.879485011100769
0.8157709836959839
0.8790019750595093
0.8282619714736938
0.8785200119018555
0.8407520055770874
0.8780369758605957
0.8532429933547974
0.8775550127029419
0.8657339811325073
0.8770719766616821
0.8782240152359009
0.8765900135040283
0.8907150030136108
0.8761069774627686
0.9032059907913208
0.8756250143051147
0.9113559722900391
0.8849779963493347
0.9195060133934021
0.8943300247192383
