0.04954110085964203
0.7124879956245422
0.062038201838731766
0.7127599716186523
0.07453519850969315
0.713030993938446
0.08703230321407318
0.7133030295372009
0.09952930361032486
0.713575005531311
0.11202599853277206
0.7138460278511047
0.12452299892902374
0.7141180038452148
0.13702000677585602
0.714389979839325
0.1495179980993271
0.7146610021591187
0.14996600151062012
0.7021700143814087
0.15041500329971313
0.6896780133247375
0.15086400508880615
0.6771860122680664
0.151311993598938
0.6646940112113953
0.151760995388031
0.6522020101547241
0.15220999717712402
0.639710009098053
0.15265899896621704
0.6272180080413818
0.15310700237751007
0.6147260069847107
0.16560199856758118
0.6150969862937927
0.1780959963798523
0.6154689788818359
0.1905909925699234
0.6158400177955627
0.2030850052833557
0.616212010383606
0.21558000147342682
0.616582989692688
0.22807399928569794
0.6169540286064148
0.24056899547576904
0.617326021194458
0.25306299328804016
0.61769700050354
0.25134098529815674
0.604544997215271
0.2496200054883957
0.591392993927002
0.24789799749851227
0.5782409906387329
