0.39645999670028687
0.22179099917411804
0.40240800380706787
0.2107969969511032
0.4083560109138489
0.19980299472808838
0.4143050014972687
0.18880900740623474
0.4202530086040497
0.1778150051832199
0.4262009859085083
0.16682100296020508
0.4321489930152893
0.15582700073719025
0.4380980134010315
0.14483299851417542
0.4440459907054901
0.13383899629116058
0.44114699959754944
0.1459980010986328
0.43824800848960876
0.15815800428390503
0.4353489875793457
0.17031699419021606
0.43244999647140503
0.1824759989976883
0.42955100536346436
0.19463500380516052
0.4266520142555237
0.20679399371147156
0.4237520098686218
0.2189529985189438
0.42085298895835876
0.231113001704216
0.4286450147628784
0.24088700115680695
0.4364370107650757
0.2506609857082367
0.44422900676727295
0.2604359984397888
0.45201998949050903
0.27020999789237976
0.4598119854927063
0.2799839973449707
0.46760401129722595
0.2897590100765228
0.4753960072994232
0.29953300952911377
0.4831880033016205
0.3093079924583435
0.48966801166534424
0.31999701261520386
0.4961479902267456
0.3306860029697418
0.5026289820671082
0.3413749933242798
0.5091090202331543
0.35206401348114014
0.5155889987945557
0.3627530038356781
0.5220699906349182
0.37344199419021606
0.5285500288009644
0.3841310143470764
0.5350300073623657
0.3948200047016144
0.5421259999275208
0.40511101484298706
0.5492209792137146
0.41540199518203735
0.5563169717788696
0.42569199204444885
0.5634120106697083
0.43598300218582153
0.5705080032348633
0.4462740123271942
0.5776039958000183
0.4565649926662445
0.5846989750862122
0.4668560028076172
0.591795027256012
0.47714701294898987
0.5965039730072021
0.4887259900569916
0.6012139916419983
0.5003049969673157
0.6059229969978333
0.5118839740753174
0.6106330156326294
0.5234619975090027
0.6153429746627808
0.5350409746170044
0.6200519800186157
0.5466200113296509
0.6247619986534119
0.5581989884376526
0.6294710040092468
0.5697780251502991
0.6349790096282959
0.5809990167617798
0.640487015247345
0.5922200083732605
0.645995020866394
0.6034409999847412
0.6515020132064819
0.6146630048751831
0.657010018825531
0.6258839964866638
0.6625180244445801
0.6371049880981445
0.6680259704589844
0.6483259797096252
0.673533022403717
0.659546971321106
0.6802380084991455
0.6700969934463501
0.6869440078735352
0.6806460022926331
0.6936489939689636
0.6911960244178772
0.7003539800643921
0.7017449736595154
0.7070590257644653
0.7122949957847595
0.7137640118598938
0.7228440046310425
0.7204689979553223
0.7333940267562866
0.7271739840507507
0.7439429759979248
0.7258300185203552
0.756371021270752
0.7244849801063538
0.7687979936599731
0.7231400012969971
0.7812250256538391
0.7217959761619568
0.7936530113220215
0.7204509973526001
0.8060799837112427
0.7191060185432434
0.8185080289840698
0.7177619934082031
0.830935001373291
0.7164170145988464
0.8433629870414734
0.7239660024642944
0.8533260226249695
0.7315149903297424
0.8632889986038208
0.739063024520874
0.8732529878616333
0.746612012386322
0.8832160234451294
0.75416100025177
0.8931789994239807
0.761709988117218
0.903141975402832
0.7692580223083496
0.9131060242652893
0.7768070101737976
0.9230690002441406
0.7891420125961304
0.9250929951667786
0.8014770150184631
0.9271169900894165
0.8138120174407959
0.9291409850120544
0.8261470198631287
0.9311649799346924
0.8384820222854614
0.9331889748573303
0.8508170247077942
0.935213029384613
0.863152027130127
0.937237024307251
0.8754870295524597
0.9392610192298889
0.8826419711112976
0.9290109872817993
0.8897969722747803
0.9187610149383545
0.8969510197639465
0.9085109829902649
0.9041060209274292
0.8982620239257812
0.9112600088119507
0.8880119919776917
0.9184150099754333
0.8777620196342468
0.925570011138916
0.8675119876861572
0.9327239990234375
0.8572620153427124
0.9454600214958191
0.8608130216598511
