0.962020993232727
0.329041987657547
0.9495369791984558
0.3296869993209839
0.9370539784431458
0.3303320109844208
0.9245709776878357
0.3309769928455353
0.9120870232582092
0.331620991230011
0.8996040225028992
0.3322660028934479
0.8871210217475891
0.33291101455688477
0.8746370077133179
0.33355599641799927
0.8621540069580078
0.334199994802475
0.8632349967956543
0.3217470049858093
0.8643159866333008
0.3092939853668213
0.8653979897499084
0.29684099555015564
0.8664789795875549
0.28438800573349
0.8675600290298462
0.27193498611450195
0.8686410188674927
0.2594810128211975
0.8697230219841003
0.24702799320220947
0.8708040118217468
0.23457500338554382
0.868257999420166
0.22121000289916992
0.8657119870185852
0.20784400403499603
