0.8725060224533081
0.6229000091552734
0.8712159991264343
0.6353330016136169
0.8699259757995605
0.6477659940719604
0.8686349987983704
0.660198986530304
0.8673449754714966
0.6726329922676086
0.8660539984703064
0.6850659847259521
0.8647639751434326
0.6974989771842957
0.8634740114212036
0.7099320292472839
0.8621829748153687
0.7223659753799438
0.8641830086708069
0.7347049713134766
0.8661820292472839
0.747044026851654
0.8681809902191162
0.7593830227851868
0.8701810240745544
0.7717220187187195
0.8721799850463867
0.7840610146522522
0.8741790056228638
0.7964000105857849
0.8761789798736572
0.8087390065193176
0.8781780004501343
0.8210780024528503
0.8918160200119019
0.8226979970932007
0.9054549932479858
0.824317991733551
0.9190930128097534
0.8259369730949402
0.9327309727668762
0.8275570273399353
0.946370005607605
0.8291770219802856
