0.38756799697875977
0.7180489897727966
0.3809739947319031
0.7074300050735474
0.37438100576400757
0.6968100070953369
0.3677879869937897
0.6861900091171265
0.36119401454925537
0.6755710244178772
0.3546009957790375
0.6649510264396667
0.3480069935321808
0.6543310284614563
0.3414140045642853
0.6437119841575623
0.3348209857940674
0.6330919861793518
0.3310759961605072
0.6211659908294678
0.3273319900035858
0.6092399954795837
0.32358700037002563
0.5973140001296997
0.31984299421310425
0.5853880047798157
0.31609800457954407
0.5734620094299316
0.3123539984226227
0.5615360140800476
0.3086090087890625
0.5496100187301636
0.30486398935317993
0.5376840233802795
0.30091801285743713
0.5258229970932007
0.29697200655937195
0.513962984085083
0.29302600026130676
0.5021020174026489
0.2890799939632416
0.49024099111557007
0.2851339876651764
0.4783799946308136
0.2811869978904724
0.4665200114250183
0.2772409915924072
0.45465898513793945
0.27329498529434204
0.442797988653183
0.2691270112991333
0.4302690029144287
0.264957994222641
0.41774100065231323
0.26078999042510986
0.4052119851112366
0.25662100315093994
0.3926829993724823
