0.490229994058609
0.5487170219421387
0.4930349886417389
0.5608980059623718
0.49583899974823
0.573078989982605
0.49864399433135986
0.5852609872817993
0.5014489889144897
0.5974419713020325
0.5042539834976196
0.6096230149269104
0.5070580244064331
0.6218039989471436
0.509863018989563
0.6339859962463379
0.5126680135726929
0.646166980266571
0.513841986656189
0.6586120128631592
0.5150160193443298
0.6710559725761414
0.5161889791488647
0.6835010051727295
0.5173630118370056
0.6959459781646729
0.5185369849205017
0.708391010761261
0.5197110176086426
0.7208349704742432
0.5208849906921387
0.7332800030708313
0.5220590233802795
0.7457249760627747
0.5232939720153809
0.7581639885902405
0.5245299935340881
0.7706030011177063
0.5257650017738342
0.7830410003662109
0.5270000100135803
0.7954800128936768
0.5282350182533264
0.8079190254211426
0.5294709801673889
0.8203579783439636
0.530705988407135
0.8327969908714294
0.5319409966468811
0.8452349901199341
0.5307040214538574
0.8564450144767761
0.529466986656189
0.867654025554657
0.5282300114631653
0.8788629770278931
