0.04332220181822777
0.2843720018863678
0.05485440045595169
0.2891950011253357
0.06638660281896591
0.2940169870853424
0.07791879773139954
0.2988399863243103
0.08945100009441376
0.3036629855632782
0.10098300129175186
0.3084850013256073
0.11251500248908997
0.3133080005645752
0.12404800206422806
0.3181309998035431
0.13558000326156616
0.322953999042511
0.14797000586986542
0.32130101323127747
0.16035999357700348
0.31964799761772156
0.17275099456310272
0.31799501180648804
0.18514099717140198
0.31634199619293213
0.19753099977970123
0.3146899938583374
0.2099210023880005
0.3130370080471039
0.22231200337409973
0.311383992433548
0.234702005982399
0.30973100662231445
0.2347410023212433
0.3222309947013855
0.23478099703788757
0.33473101258277893
0.23481999337673187
0.34723100066185
0.23486000299453735
0.359730988740921
0.23489999771118164
0.37223100662231445
0.23493899405002594
0.3847309947013855
0.23497900366783142
0.39723101258277893
0.23501800000667572
0.40973100066185
0.2469629943370819
0.41341400146484375
0.2589080035686493
0.4170970022678375
0.2708530128002167
0.4207809865474701
0.28279799222946167
0.42446398735046387
0.29474401473999023
0.42814698815345764
0.30668899416923523
0.4318299889564514
0.3186340034008026
0.4355129897594452
0.33057901263237
0.43919599056243896
0.33368900418281555
0.45130300521850586
0.3367989957332611
0.46340999007225037
0.33990898728370667
0.47551700472831726
0.3430190086364746
0.48762398958206177
0.34612900018692017
0.49973100423812866
0.3492389917373657
0.5118380188941956
0.35234901309013367
0.5239449739456177
0.3554590046405792
0.5360519886016846
0.3429670035839081
0.5356090068817139
0.33047398924827576
0.535165011882782
0.3179819881916046
0.5347219705581665
0.30548998713493347
0.5342789888381958
0.29299798607826233
0.5338349938392639
0.2805060148239136
0.5333920121192932
0.26801401376724243
0.5329489707946777
0.2555220127105713
0.5325049757957458
0.24459099769592285
0.538569986820221
0.2336609959602356
0.544634997844696
0.22273099422454834
0.5507000088691711
0.21180100739002228
0.5567640066146851
0.20087100565433502
0.5628290176391602
0.18994000554084778
0.5688940286636353
0.17901000380516052
0.5749580264091492
0.16808000206947327
0.5810229778289795
0.16163399815559387
0.5703129768371582
0.15518799424171448
0.5596029758453369
0.14874200522899628
0.5488939881324768
0.14229600131511688
0.5381839871406555
0.1358499974012375
0.5274739861488342
0.1294039934873581
0.5167639851570129
0.1229579970240593
0.5060549974441528
0.1165120005607605
0.49534499645233154
0.10816600173711777
0.4871770143508911
0.09981930255889893
0.4790079891681671
0.09147310256958008
0.4708400070667267
