0.6648589968681335
0.4652850031852722
0.6768800020217896
0.46185600757598877
0.6888999938964844
0.4584270119667053
0.7009209990501404
0.45499899983406067
0.7129409909248352
0.4515700042247772
0.7249619960784912
0.44814199209213257
0.736981987953186
0.4447129964828491
0.749002993106842
0.4412840008735657
0.761023998260498
0.437855988740921
0.7493109703063965
0.43348899483680725
0.7375980019569397
0.42912301421165466
0.7258859872817993
0.4247570037841797
0.7141730189323425
0.4203900098800659
0.7024610042572021
0.41602399945259094
0.6907479763031006
0.41165798902511597
0.6790350079536438
0.4072909951210022
0.6673229932785034
0.4029250144958496
0.6712790131568909
0.3910680115222931
0.6752349734306335
0.3792099952697754
0.679190993309021
0.36735299229621887
0.6831480264663696
0.35549500584602356
0.6871039867401123
0.34363800287246704
0.6910600066184998
0.33177998661994934
0.6950160264968872
0.3199230134487152
0.6989719867706299
0.3080660104751587
0.6921470165252686
0.29759299755096436
0.6853219866752625
0.2871209979057312
0.6784970164299011
0.27664899826049805
0.671671986579895
0.2661769986152649
0.6648470163345337
0.25570499897003174
0.6580209732055664
0.2452320009469986
0.6511960029602051
0.23476000130176544
0.644370973110199
0.2242880016565323
0.6370649933815002
0.21414600312709808
0.6297590136528015
0.2040030062198639
0.6224520206451416
0.1938609927892685
0.6151459813117981
0.1837179958820343
0.6078400015830994
0.1735759973526001
0.6005340218544006
0.1634330004453659
0.5932270288467407
0.1532910019159317
0.5859209895133972
0.1431490033864975
0.5976409912109375
0.14749599993228912
0.6093599796295166
0.15184399485588074
0.6210799813270569
0.15619200468063354
0.6327990293502808
0.16053999960422516
0.6445189714431763
0.16488799452781677
0.6562380194664001
0.1692350059747696
0.6679580211639404
0.1735830008983612
0.6796770095825195
0.17793099582195282
0.681361973285675
0.1655450016260147
0.6830459833145142
0.1531590074300766
0.6847310066223145
0.1407729983329773
0.68641597032547
0.12838700413703918
0.6881009936332703
0.11600100249052048
0.6897850036621094
0.10361500084400177
0.6914700269699097
0.09122949838638306
0.6931549906730652
0.07884349673986435
0.6898990273475647
0.06551019847393036
0.6866430044174194
0.05217679962515831
