0.5291240215301514
0.6309689879417419
0.5205169916152954
0.6400330066680908
0.511909008026123
0.6490970253944397
0.5033010244369507
0.6581609845161438
0.49469301104545593
0.6672250032424927
0.4860849976539612
0.6762890219688416
0.4774779975414276
0.6853529810905457
0.46887001395225525
0.6944169998168945
0.4602620005607605
0.7034810185432434
0.45381098985671997
0.7141870260238647
0.44735899567604065
0.7248939871788025
0.4409080147743225
0.7355999946594238
0.4344559907913208
0.7463070154190063
0.42800500988960266
0.7570130228996277
0.42155298590660095
0.7677199840545654
0.4151020050048828
0.7784259915351868
0.4086509943008423
0.7891330122947693
0.40470099449157715
0.8009920120239258
0.4007520079612732
0.8128520250320435
0.39680299162864685
0.8247119784355164
0.3928540050983429
0.836571991443634
0.38890498876571655
0.8484320044517517
0.3849560022354126
0.8602910041809082
0.38100600242614746
0.8721510171890259
0.3770569860935211
0.8840109705924988
0.3645800054073334
0.8847690224647522
0.35210299491882324
0.8855260014533997
0.3396260142326355
0.8862839937210083
0.32714900374412537
0.8870419859886169
0.31467199325561523
0.8877990245819092
0.3021950125694275
0.8885570168495178
0.28971800208091736
0.8893150091171265
0.2772409915924072
0.8900730013847351
0.26743701100349426
0.8823180198669434
0.2576330006122589
0.874563992023468
0.24782900512218475
0.8668090105056763
0.2380249947309494
0.8590549826622009
0.22822099924087524
0.8513010144233704
0.2184170037508011
0.8435459733009338
0.20861299335956573
0.8357920050621033
0.19880899786949158
0.8280370235443115
0.19464600086212158
0.8162509799003601
0.1904820054769516
0.8044649958610535
0.1863189935684204
0.7926779985427856
0.18215499818325043
0.780892014503479
0.17799200117588043
0.7691059708595276
0.17382900416851044
0.757319986820221
0.16966499388217926
0.7455329895019531
0.16550199687480927
0.7337470054626465
0.16402700543403625
0.7213339805603027
0.16255199909210205
0.7089220285415649
0.16107699275016785
0.6965090036392212
0.15960200130939484
0.6840959787368774
0.15812699496746063
0.6716840267181396
0.15665200352668762
0.6592710018157959
0.15517699718475342
0.6468579769134521
0.1537020057439804
0.6344460248947144
0.15070900321006775
0.6223090291023254
0.1477160006761551
0.6101729869842529
0.14472299814224243
0.598035991191864
0.14172999560832977
0.5859000086784363
0.13873699307441711
0.5737640261650085
0.13574400544166565
0.5616269707679749
0.132751002907753
0.5494909882545471
0.12975899875164032
0.5373539924621582
0.13619400560855865
0.5266379714012146
0.1426289975643158
0.5159220099449158
0.14906500279903412
0.5052059888839722
0.15549999475479126
0.49448999762535095
0.16193599998950958
0.48377400636672974
0.16837100684642792
0.47305798530578613
0.17480699717998505
0.4623419940471649
0.18124200403690338
0.4516260027885437
0.19312499463558197
0.44774699211120605
0.20500800013542175
0.4438680112361908
0.21689100563526154
0.43998900055885315
0.22877399623394012
0.4361099898815155
0.2406570017337799
0.43223100900650024
0.2525399923324585
0.4283519983291626
0.2644230127334595
0.42447298765182495
0.27630600333213806
0.4205940067768097
0.28846800327301025
0.41770800948143005
0.30063000321388245
0.41482099890708923
0.31279200315475464
0.4119350016117096
0.32495400309562683
0.4090479910373688
0.337116003036499
0.40616199374198914
0.34927898645401
0.4032750129699707
0.3614409863948822
0.4003880023956299
0.3736029863357544
0.39750200510025024
0.3850730061531067
0.3925339877605438
0.3965429961681366
0.3875649869441986
0.4080139994621277
0.3825969994068146
0.4194839894771576
0.37762901186943054
0.4309540092945099
0.3726600110530853
0.4424239993095398
0.3676919937133789
0.4538939893245697
0.3627240061759949
0.4653649926185608
0.35775500535964966
0.47404998540878296
0.3667449951171875
0.4827350080013275
0.37573501467704773
0.4914200007915497
0.38472500443458557
0.5001050233840942
0.3937140107154846
0.5087910294532776
0.40270400047302246
0.5174760222434998
0.4116939902305603
0.5261610150337219
0.42068400979042053
0.5348460078239441
0.4296739995479584
0.5454670190811157
0.4362649917602539
0.5560879707336426
0.4428569972515106
0.5667080283164978
0.44944900274276733
0.5773289799690247
0.45604100823402405
0.5879499912261963
0.4626320004463196
0.5985710024833679
0.4692240059375763
0.6091910004615784
0.475816011428833
0.61981201171875
0.48240700364112854
0.6322240233421326
0.4838869869709015
0.6446359753608704
0.48536598682403564
0.6570479869842529
0.486845999956131
0.6694610118865967
0.48832499980926514
0.6818730235099792
0.4898050129413605
0.694284975528717
0.49128401279449463
0.7066969871520996
0.4927639961242676
0.7191089987754822
0.4942440092563629
0.731141984462738
0.49085700511932373
0.7431740164756775
0.4874710142612457
0.7552070021629333
0.48408401012420654
0.767238974571228
0.48069798946380615
0.7792720198631287
0.47731199860572815
0.7913039922714233
0.47392499446868896
0.8033369779586792
0.47053900361061096
0.8153700232505798
0.46715301275253296
0.8050119876861572
0.46015501022338867
0.7946540117263794
0.4531579911708832
0.7842959761619568
0.4461599886417389
0.773938000202179
0.4391629993915558
0.7635800242424011
0.4321649968624115
0.7532219886779785
0.4251680076122284
0.7428650259971619
0.4181700050830841
0.7325069904327393
0.4111729860305786
0.734961986541748
0.39868900179862976
0.7374169826507568
0.3862060010433197
0.7398719787597656
0.37372300028800964
0.7423269748687744
0.3612389862537384
0.7447819709777832
0.34875598549842834
0.7472370266914368
0.3362720012664795
