0.6461229920387268
0.600085973739624
0.6446570158004761
0.612500011920929
0.6431909799575806
0.6249139904975891
0.6417239904403687
0.6373270153999329
0.6402580142021179
0.649740993976593
0.6387919783592224
0.6621549725532532
0.6373260021209717
0.6745679974555969
0.6358590126037598
0.6869819760322571
0.6343929767608643
0.699396014213562
0.6351150274276733
0.7118750214576721
0.6358360052108765
0.7243540287017822
0.6365579962730408
0.7368329763412476
0.6372799873352051
0.7493119835853577
0.6380019783973694
0.7617909908294678
0.6387240290641785
0.7742710113525391
0.6394450068473816
0.7867500185966492
0.6401669979095459
0.7992290258407593
0.6402879953384399
0.8117280006408691
0.6404079794883728
0.8242279887199402
0.6405289769172668
0.8367270231246948
0.6406499743461609
0.8492270112037659
0.6407700181007385
0.8617259860038757
0.6408910155296326
0.8742250204086304
0.6410109996795654
0.8867250084877014
0.6411319971084595
0.8992239832878113
0.6499469876289368
0.8891649842262268
0.6587610244750977
0.8791069984436035
