0.7544429898262024
0.321276992559433
0.7493910193443298
0.33270999789237976
0.7443389892578125
0.34414398670196533
0.7392870187759399
0.3555769920349121
0.7342349886894226
0.36701101064682007
0.72918301820755
0.37844398617744446
0.7241299748420715
0.3898780047893524
0.719078004360199
0.4013110101222992
0.7140259742736816
0.41274499893188477
0.7082970142364502
0.4238539934158325
0.7025669813156128
0.43496400117874146
0.6968380212783813
0.4460740089416504
0.691107988357544
0.45718300342559814
0.6853790283203125
0.4682930111885071
0.6796500086784363
0.47940298914909363
0.6739199757575989
0.49051201343536377
0.6681910157203674
0.5016220211982727
0.6608399748802185
0.5117319822311401
0.6534879803657532
0.5218420028686523
0.646136999130249
0.5319520235061646
0.6387860178947449
0.542061984539032
0.631434977054596
0.552170991897583
0.6240839958190918
0.5622810125350952
0.6167330145835876
0.5723909735679626
0.6093810200691223
0.5825009942054749
0.6011769771575928
0.5919309854507446
0.5929719805717468
0.6013619899749756
0.5847669839859009
0.6107919812202454
0.5765619874000549
0.6202219724655151
0.568356990814209
0.6296529769897461
0.560151994228363
0.6390830278396606
0.5519480109214783
0.6485130190849304
0.5437430143356323
0.6579440236091614
0.5354070067405701
0.6672580242156982
0.5270709991455078
0.6765729784965515
0.5187360048294067
0.6858879923820496
0.5103999972343445
0.6952030062675476
0.5020639896392822
0.7045180201530457
0.49372801184654236
0.7138320207595825
0.4853929877281189
0.7231469750404358
0.47705700993537903
0.7324619889259338
0.4687170088291168
0.7417730093002319
0.4603779911994934
0.7510849833488464
0.4520379900932312
0.7603960037231445
0.443697988986969
0.7697070240974426
0.43535900115966797
0.779017984867096
0.42701900005340576
0.7883300185203552
0.41867899894714355
0.7976409792900085
0.41034001111984253
0.8069519996643066
0.4024359881877899
0.8166360259056091
0.3945310115814209
0.8263199925422668
0.3866269886493683
0.8360040187835693
0.37872299551963806
0.845687985420227
0.37081900238990784
0.8553709983825684
0.3629150092601776
0.8650550246238708
0.355010986328125
0.8747389912605286
0.3471069931983948
0.884423017501831
0.33845099806785583
0.8754050135612488
0.3297950029373169
0.8663870096206665
0.32113900780677795
0.8573690056800842
0.312483012676239
0.848351001739502
0.3038269877433777
0.8393329977989197
0.29517099261283875
0.8303149938583374
0.2865149974822998
0.8212969899177551
0.27785900235176086
0.8122789859771729
0.272379994392395
0.8010439872741699
0.2669009864330292
0.789808988571167
0.2614220082759857
0.7785729765892029
0.2559430003166199
0.7673379778862
0.25046399235725403
0.756102979183197
0.2449840009212494
0.7448679804801941
0.23950499296188354
0.7336329817771912
0.2340259999036789
0.7223979830741882
0.2273010015487671
0.7118610143661499
0.22057600319385529
0.7013239860534668
0.21385100483894348
0.6907870173454285
0.20712600648403168
0.6802510023117065
0.20040099322795868
0.6697139739990234
0.19367599487304688
0.6591770052909851
0.18695099651813507
0.648639976978302
0.18022599816322327
0.6381030082702637
0.17587099969387054
0.6263870000839233
0.17151600122451782
0.6146699786186218
0.1671610027551651
0.6029530167579651
0.16280600428581238
0.5912359952926636
0.15845100581645966
0.5795189738273621
0.15409600734710693
0.5678020119667053
0.1497420072555542
0.5560849905014038
0.14538699388504028
0.5443680286407471
0.13581599295139313
0.5391600131988525
0.12624500691890717
0.533951997756958
0.11667399853467941
0.5287430286407471
