0.9552549719810486
0.3360759913921356
0.9442780017852783
0.34205499291419983
0.9333009719848633
0.34803399443626404
0.9223229885101318
0.35401299595832825
0.9113460183143616
0.35999199748039246
0.9003689885139465
0.36597099900245667
0.8893910050392151
0.3719500005245209
0.8784139752388
0.3779290020465851
0.8674370050430298
0.3839080035686493
0.8562719821929932
0.3895300030708313
0.8451079726219177
0.3951520025730133
0.8339430093765259
0.40077298879623413
0.8227789998054504
0.40639498829841614
0.8116139769554138
0.41201698780059814
0.8004500269889832
0.41763800382614136
0.7892850041389465
0.42326000332832336
0.7781199812889099
0.42888200283050537
0.7670180201530457
0.4346260130405426
0.7559159994125366
0.44036999344825745
0.7448139786720276
0.4461140036582947
0.7337120175361633
0.4518580138683319
0.7226099967956543
0.45760199427604675
0.7115079760551453
0.463346004486084
0.700406014919281
0.4690900146961212
0.689303994178772
0.47483399510383606
0.6786929965019226
0.4814409911632538
0.6680809855461121
0.4880479872226715
0.6574699878692627
0.49465399980545044
0.6468579769134521
0.5012609958648682
0.6362469792366028
0.5078679919242859
0.6256359815597534
0.5144739747047424
0.6150239706039429
0.5210809707641602
0.6044129729270935
0.5276880264282227
0.5959240198135376
0.5368630290031433
0.5874350070953369
0.5460379719734192
0.578944981098175
0.5552129745483398
0.5704560279846191
0.5643879771232605
0.5619670152664185
0.5735639929771423
0.5534780025482178
0.582738995552063
0.5449889898300171
0.5919139981269836
0.5364999771118164
0.6010890007019043
0.5263829827308655
0.6084309816360474
0.5162659883499146
0.6157730221748352
0.5061500072479248
0.6231150031089783
0.4960330128669739
0.6304569840431213
0.48591700196266174
0.6377990245819092
0.4758000075817108
0.6451410055160522
0.4656839966773987
0.6524829864501953
0.45556700229644775
0.6598250269889832
0.4437139928340912
0.6637939810752869
0.4318599998950958
0.6677619814872742
0.42000699043273926
0.6717309951782227
0.4081540107727051
0.67569899559021
0.39629998803138733
0.6796680092811584
0.38444700837135315
0.6836360096931458
0.3725939989089966
0.6876050233840942
0.36074098944664
0.6915730237960815
0.34967100620269775
0.6989070177078247
0.3386020064353943
0.7062399983406067
0.3275330066680908
0.7135739922523499
0.31646400690078735
0.7209069728851318
0.3053950071334839
0.7282400131225586
0.2943260073661804
0.7355740070343018
