0.8004080057144165
0.7848629951477051
0.7879080176353455
0.784841001033783
0.7754080295562744
0.7848179936408997
0.7629079818725586
0.7847949862480164
0.7504079937934875
0.7847719788551331
0.7379080057144165
0.7847489714622498
0.7254080176353455
0.7847260236740112
0.7129080295562744
0.7847040295600891
0.7004079818725586
0.7846810221672058
0.7045000195503235
0.7728700041770935
0.7085930109024048
0.7610589861869812
0.7126849889755249
0.7492470145225525
0.7167770266532898
0.7374359965324402
0.7208700180053711
0.7256249785423279
0.7249619960784912
0.7138140201568604
0.7290539741516113
0.702003002166748
0.7331460118293762
0.6901919841766357
0.7209839820861816
0.6930789947509766
0.7088220119476318
0.6959660053253174
0.6966599822044373
0.6988530158996582
0.6844990253448486
0.7017409801483154
0.672336995601654
0.7046279907226562
0.6601750254631042
0.7075150012969971
0.6480129957199097
0.7104030251502991
0.6358510255813599
0.7132899761199951
0.6255919933319092
0.7061480283737183
0.6153330206871033
0.6990050077438354
0.6050750017166138
0.6918630003929138
0.5948160290718079
0.6847209930419922
0.5845580101013184
0.6775789856910706
0.5742989778518677
0.6704360246658325
0.5640400052070618
0.6632940173149109
0.5537819862365723
0.6561520099639893
0.5421130061149597
0.6606330275535583
0.530443012714386
0.6651139855384827
0.5187739729881287
0.6695950031280518
0.5071049928665161
0.6740760207176208
0.49543601274490356
0.6785569787025452
0.48376598954200745
0.6830369830131531
0.4720970094203949
0.6875180006027222
0.46042799949645996
0.6919990181922913
0.44893500208854675
0.69691401720047
0.43744200468063354
0.7018290162086487
0.42594799399375916
0.7067440152168274
0.41445499658584595
0.7116590142250061
0.40296199917793274
0.7165740132331848
0.39146900177001953
0.7214890122413635
0.3799760043621063
0.7264040112495422
0.36848199367523193
0.731319010257721
0.35871100425720215
0.7235230207443237
0.34894001483917236
0.7157279849052429
0.3391689956188202
0.7079319953918457
0.3293980062007904
0.7001360058784485
0.31962698698043823
0.6923400163650513
0.30985501408576965
0.684544026851654
0.3000839948654175
0.6767489910125732
0.2903130054473877
0.668953001499176
0.28913599252700806
0.6565089821815491
0.2879579961299896
0.6440640091896057
0.2867810130119324
0.6316199898719788
0.28560400009155273
0.6191750168800354
0.2844260036945343
0.6067309975624084
0.28324899077415466
0.5942860245704651
0.2820720076560974
0.5818420052528381
0.280894011259079
0.56939697265625
0.2747400104999542
0.5585169792175293
0.26858600974082947
0.5476369857788086
0.2624320089817047
0.5367569923400879
0.25627800822257996
0.5258769989013672
0.250122994184494
0.5149970054626465
0.24396899342536926
0.5041170120239258
0.2378149926662445
0.4932369887828827
0.23166100680828094
0.482356995344162
0.24379900097846985
0.47937101125717163
0.25593701004981995
0.47638601064682007
0.26807600259780884
0.4733999967575073
0.28021401166915894
0.47041499614715576
0.29235199093818665
0.4674290120601654
0.30449000000953674
0.46444401144981384
0.31662899255752563
0.4614579975605011
0.32876700162887573
0.45847299695014954
0.3268660008907318
0.4461269974708557
0.3249639868736267
0.4337809979915619
