0.04196099936962128
0.5812669992446899
0.04408380016684532
0.5689489841461182
0.046206600964069366
0.5566310286521912
0.04832949861884117
0.5443120002746582
0.050452299416065216
0.5319939851760864
0.05257510021328926
0.5196750164031982
0.054698001593351364
0.5073570013046265
0.05682079866528511
0.4950380027294159
0.058943599462509155
0.4827199876308441
0.07113700360059738
0.4854710102081299
0.08333049714565277
0.48822298645973206
0.095523901283741
0.4909740090370178
0.10771699994802475
0.49372598528862
0.11991100013256073
0.49647700786590576
0.13210399448871613
0.49922800064086914
0.1442980021238327
0.5019800066947937
0.1564909964799881
0.5047309994697571
0.16828399896621704
0.5005879998207092
0.18007799983024597
0.4964439868927002
0.19187100231647491
0.49230098724365234
0.20366400480270386
0.4881570041179657
0.2154570072889328
0.48401299118995667
0.22725099325180054
0.4798699915409088
0.23904399573802948
0.47572600841522217
0.2508369982242584
0.4715830087661743
0.26065200567245483
0.4638420045375824
0.27046701312065125
0.45610201358795166
0.28028199076652527
0.44836100935935974
0.2900969982147217
0.4406209886074066
0.2999120056629181
0.4328800141811371
0.3097270131111145
0.42513999342918396
0.3195419907569885
0.41739898920059204
0.32935699820518494
0.4096589982509613
0.32268500328063965
0.3990890085697174
0.31601300835609436
0.38851800560951233
0.3093400001525879
0.37794798612594604
0.3026680052280426
0.36737799644470215
0.2959960103034973
0.35680800676345825
0.28932398557662964
0.3462370038032532
0.28265100717544556
0.3356670141220093
0.27597901225090027
0.325096994638443
0.26471999287605286
0.33052700757980347
0.2534619867801666
0.33595800399780273
0.2422029972076416
0.341389000415802
0.23094399273395538
0.3468190133571625
0.21968500316143036
0.35225000977516174
0.20842699706554413
0.357681006193161
0.1971679925918579
0.3631109893321991
0.18590900301933289
0.36854198575019836
0.17709200084209442
0.35968199372291565
0.16827400028705597
0.35082200169563293
0.15945599973201752
0.3419620096683502
0.15063899755477905
0.3331019878387451
0.1418209969997406
0.3242419958114624
0.13300399482250214
0.3153820037841797
0.12418600171804428
0.306522011756897
0.11536800116300583
0.29766198992729187
0.11440300196409225
0.28519898653030396
0.1134369969367981
0.2727360129356384
0.11247099936008453
0.2602739930152893
0.11150500178337097
0.24781100451946259
0.11053899675607681
0.23534800112247467
0.10957399755716324
0.22288599610328674
0.10860799998044968
0.21042299270629883
0.10764200240373611
0.1979600042104721
0.10994400084018707
0.1849139928817749
0.11224500089883804
0.1718679964542389
0.114546999335289
0.15882200002670288
0.11684899777173996
0.14577600359916687
0.11914999783039093
0.13273000717163086
0.12145200371742249
0.11968400329351425
