0.12281099706888199
0.7929999828338623
0.12122700363397598
0.7806010246276855
0.11964300274848938
0.768202006816864
0.11805900186300278
0.7558029890060425
0.11647500097751617
0.7434030175209045
0.11489000171422958
0.731003999710083
0.11330600082874298
0.7186049818992615
0.11172199994325638
0.7062060236930847
0.11013799905776978
0.693805992603302
0.12213200330734253
0.6973289847373962
0.1341249942779541
0.7008510231971741
0.14611800014972687
0.7043740153312683
0.15811200439929962
0.7078970074653625
0.1701049953699112
0.7114189863204956
0.18209899961948395
0.7149419784545898
0.1940920054912567
0.7184640169143677
0.2060849964618683
0.7219870090484619
0.2138810008764267
0.7242760062217712
