0.6659659743309021
0.11745399981737137
0.6646950244903564
0.12988899648189545
0.6634250283241272
0.1423249989748001
0.6621540188789368
0.15476000308990479
0.6608830094337463
0.16719500720500946
0.6596130132675171
0.17962999641895294
0.6583420038223267
0.1920659989118576
0.6570720076560974
0.20450100302696228
0.655800998210907
0.21693600714206696
0.6551949977874756
0.22942200303077698
0.6545900106430054
0.241907000541687
0.653984010219574
0.25439199805259705
0.6533780097961426
0.2668769955635071
0.6527720093727112
0.2793630063533783
0.6521660089492798
0.29184800386428833
0.6515610218048096
0.30433300137519836
0.6509550213813782
0.3168190121650696
0.6522870063781738
0.32924801111221313
0.6536189913749695
0.3416759967803955
0.6549519896507263
0.35410499572753906
0.656283974647522
0.3665339946746826
0.6576160192489624
0.37896299362182617
0.6589490175247192
0.39139100909233093
0.6602810025215149
0.4038200080394745
0.6616140007972717
0.41624900698661804
0.6632000207901001
0.4286479949951172
0.6647859811782837
0.4410470128059387
0.6663730144500732
0.45344600081443787
0.6679589748382568
0.465844988822937
0.6695460081100464
0.47824400663375854
0.6711320281028748
0.4906429946422577
0.6727190017700195
0.5030410289764404
0.6743050217628479
0.5154399871826172
0.6792600154876709
0.5269169807434082
0.6842139959335327
0.5383930206298828
0.6891689896583557
0.5498690009117126
0.6941230297088623
0.5613449811935425
0.6990780234336853
0.5728210210800171
0.7040320038795471
0.5842970013618469
0.7089869976043701
0.5957739949226379
0.7139409780502319
0.6072499752044678
0.7162479758262634
0.6195350289344788
0.7185549736022949
0.6318209767341614
0.72086101770401
0.6441059708595276
0.7231680154800415
0.6563910245895386
0.725475013256073
0.6686769723892212
0.7277809977531433
0.6809620261192322
0.7300879955291748
0.6932470202445984
0.7323949933052063
0.7055330276489258
0.7329639792442322
0.7180200219154358
0.7335339784622192
0.7305070161819458
0.7341039776802063
0.7429940104484558
0.734673023223877
0.7554810047149658
0.735243022441864
0.7679679989814758
0.7358130216598511
0.7804549932479858
0.736382007598877
0.7929419875144958
0.736952006816864
0.8054289817810059
0.7399849891662598
0.8175550103187561
0.7430170178413391
0.8296819925308228
0.7460500001907349
0.841808021068573
0.7490820288658142
0.8539350032806396
0.75211501121521
0.8660609722137451
0.7551469802856445
0.8781880140304565
0.7581800222396851
0.8903149962425232
0.7612119913101196
0.9024410247802734
0.7736319899559021
0.9077540040016174
0.7860519886016846
0.913066029548645
0.798471987247467
0.918379008769989
0.8108919858932495
0.923691987991333
0.823311984539032
0.9290040135383606
0.8357319831848145
0.9343169927597046
