0.307886004447937
0.05370580032467842
0.3045929968357086
0.06576409935951233
0.30129900574684143
0.07782240211963654
0.29800599813461304
0.08988069742918015
0.29471200704574585
0.10193900018930435
0.29141899943351746
0.11399699747562408
0.28812500834465027
0.1260560005903244
0.2848320007324219
0.13811400532722473
0.2815380096435547
0.15017199516296387
0.28263598680496216
0.16262400150299072
0.2837350070476532
0.1750749945640564
0.28483301401138306
0.18752700090408325
0.2859309911727905
0.1999790072441101
0.28703001141548157
0.21243000030517578
0.28812798857688904
0.22488200664520264
0.2892259955406189
0.2373339980840683
0.29032400250434875
0.24978500604629517
0.29300299286842346
0.26199498772621155
0.2956809997558594
0.2742049992084503
0.2983599901199341
0.2864139974117279
0.30103799700737
0.2986240088939667
0.3037160038948059
0.31083399057388306
0.3063949942588806
0.32304298877716064
0.30907300114631653
0.3352530002593994
0.31175199151039124
0.3474630117416382
0.313416987657547
0.35985100269317627
0.31508299708366394
0.37224000692367554
0.3167490065097809
0.3846279978752136
0.31841400265693665
0.3970170021057129
0.3200800120830536
0.409404993057251
0.32174500823020935
0.42179399728775024
0.3234109878540039
0.4341830015182495
0.32507699728012085
0.4465709924697876
0.32276299595832825
0.458855003118515
0.32044899463653564
0.47113901376724243
0.31813499331474304
0.48342299461364746
0.31582099199295044
0.4957070052623749
0.313508003950119
0.5079910159111023
0.3111940026283264
0.5202749967575073
0.3088800013065338
0.5325589776039124
0.3065659999847412
0.5448430180549622
0.31821200251579285
0.5493829846382141
0.3298580050468445
0.553924024105072
0.3415049910545349
0.558463990688324
0.35315099358558655
0.5630049705505371
0.3647969961166382
0.5675449967384338
0.3764429986476898
0.572085976600647
0.38808900117874146
0.5766260027885437
0.3997359871864319
0.5811669826507568
0.4053969979286194
0.5923119783401489
0.4110580086708069
0.6034560203552246
0.4167180061340332
0.6146010160446167
0.4223789870738983
0.6257460117340088
0.4280399978160858
0.6368899941444397
0.4337010085582733
0.6480349898338318
0.4393619894981384
0.6591799855232239
0.4450230002403259
0.6703240275382996
0.43217000365257263
0.6702089905738831
0.41931700706481934
0.6700940132141113
0.40646401047706604
0.6699789762496948
0.39361101388931274
0.6698629856109619
0.38075798749923706
0.6697480082511902
0.36790400743484497
0.6696329712867737
