0.2613210082054138
0.4464080035686493
0.27186501026153564
0.45312100648880005
0.28240901231765747
0.4598349928855896
0.2929530143737793
0.46654900908470154
0.30349698662757874
0.4732620120048523
0.31404098868370056
0.47997599840164185
0.3245849907398224
0.4866900146007538
0.3351289927959442
0.49340298771858215
0.34567299485206604
0.5001170039176941
0.3426539897918701
0.5122470259666443
0.3396350145339966
0.5243769884109497
0.33661600947380066
0.5365070104598999
0.33359798789024353
0.5486369729042053
0.33057901263237
0.5607669949531555
0.3275600075721741
0.5728970170021057
0.32454100251197815
0.5850269794464111
0.3215219974517822
0.5971570014953613
0.31638699769973755
0.6085529923439026
0.31125301122665405
0.619949996471405
0.3061180114746094
0.6313470005989075
0.3009839951992035
0.6427440047264099
0.2958489954471588
0.6541410088539124
0.2907150089740753
0.6655369997024536
0.28558099269866943
0.676934003829956
0.28044599294662476
0.6883310079574585
0.27275699377059937
0.6772099733352661
0.26506900787353516
0.6660889983177185
0.25738000869750977
0.6549680233001709
0.24969099462032318
0.6438480019569397
0.2420019954442978
0.6327270269393921
0.2343139946460724
0.6216059923171997
