0.5216439962387085
0.44534099102020264
0.5332790017127991
0.44991201162338257
0.5449129939079285
0.4544839859008789
0.5565469861030579
0.45905500650405884
0.5681809782981873
0.4636259973049164
0.5798159837722778
0.4681969881057739
0.5914499759674072
0.47276800870895386
0.6030840277671814
0.4773389995098114
0.6147180199623108
0.48190999031066895
0.6249780058860779
0.4747689962387085
0.6352369785308838
0.46762800216674805
0.6454970240592957
0.4604879915714264
0.6557559967041016
0.45334699749946594
0.6660159826278687
0.4462060034275055
0.6762760281562805
0.43906500935554504
0.6865350008010864
0.4319239854812622
0.6967949867248535
0.42478299140930176
0.6863390207290649
0.41793298721313477
0.6758840084075928
0.411081999540329
0.6654279828071594
0.404231995344162
0.6549720168113708
0.3973810076713562
0.6445170044898987
0.390529990196228
0.6340609788894653
0.38367998600006104
0.6236060261726379
0.37682899832725525
0.6131500005722046
0.36997899413108826
0.6006730198860168
0.36921799182891846
0.5881959795951843
0.36845698952674866
0.5757200121879578
0.36769598722457886
0.5632429718971252
0.36693400144577026
0.5507659912109375
0.36617299914360046
0.5382890105247498
0.36541199684143066
0.5258119702339172
0.36465099453926086
0.5133360028266907
0.36388999223709106
0.5019170045852661
0.36897701025009155
0.49049898982048035
0.37406399846076965
0.47908100485801697
0.37915098667144775
0.4676629900932312
0.38423699140548706
0.4562450051307678
0.38932400941848755
0.44482600688934326
0.39441099762916565
0.4334079921245575
0.39949798583984375
0.4219900071620941
0.40458399057388306
0.4099169969558716
0.40782201290130615
0.39784300327301025
0.4110589921474457
0.3857690095901489
0.4142960011959076
0.3736959993839264
0.4175339937210083
0.36162200570106506
0.4207710027694702
0.34954899549484253
0.42400801181793213
0.3374750018119812
0.42724499106407166
0.32540199160575867
0.43048301339149475
0.3131310045719147
0.4281010031700134
0.3008599877357483
0.4257189929485321
0.2885890007019043
0.423335999250412
0.2763180136680603
0.42095398902893066
0.2640469968318939
0.41857200860977173
0.2517760097980499
0.4161899983882904
0.23950499296188354
0.4138079881668091
0.22723400592803955
0.41142600774765015
0.22690600156784058
0.39893099665641785
0.2265779972076416
0.38643500208854675
0.22624999284744263
0.37393900752067566
0.22592200338840485
0.36144301295280457
0.22559399902820587
0.34894800186157227
0.2252659946680069
0.33645200729370117
0.22493800520896912
0.3239560127258301
0.22461000084877014
0.3114610016345978
0.21761000156402588
0.30110400915145874
0.2106110006570816
0.2907480001449585
0.20361100137233734
0.28039199113845825
0.19661100208759308
0.2700349986553192
0.18961100280284882
0.25967898964881897
0.18261200189590454
0.24932299554347992
0.17561200261116028
0.23896700143814087
0.16861200332641602
0.22860999405384064
0.15738500654697418
0.2231139987707138
0.14615899324417114
0.217617005109787
0.1349319964647293
0.21211999654769897
0.12370599806308746
0.20662400126457214
0.11247900128364563
0.20112699270248413
0.1012519970536232
0.1956299990415573
0.09002570062875748
0.19013400375843048
0.07879909873008728
0.18463699519634247
0.07633090019226074
0.17238299548625946
0.07386279851198196
0.16012899577617645
0.07139469683170319
0.14787499606609344
0.068926602602005
0.13562199473381042
0.06645850092172623
0.12336800247430801
0.06399039924144745
0.111114002764225
0.06152230128645897
0.09885980188846588
0.05905419960618019
0.08660589903593063
0.05713300034403801
0.07706709951162338
0.05521170049905777
0.06752839684486389
