0.7482050061225891
0.8163849711418152
0.735713005065918
0.8168320059776306
0.7232210040092468
0.8172799944877625
0.7107290029525757
0.8177279829978943
0.6982370018959045
0.8181750178337097
0.6857450008392334
0.8186230063438416
0.6732529997825623
0.8190699815750122
0.6607609987258911
0.8195180296897888
0.64826899766922
0.8199660181999207
0.639972984790802
0.8106150031089783
0.631676971912384
0.8012650012969971
0.6233810186386108
0.7919149994850159
0.6150850057601929
0.7825649976730347
0.6067889928817749
0.7732139825820923
0.5984929800033569
0.7638639807701111
0.5901970267295837
0.7545139789581299
0.5819010138511658
0.7451630234718323
0.5823000073432922
0.7326700091362
0.5826990008354187
0.7201759815216064
0.583096981048584
0.7076830267906189
0.5834959745407104
0.6951889991760254
0.5838950276374817
0.6826949715614319
0.584293007850647
0.6702020168304443
0.5846920013427734
0.6577079892158508
0.5850899815559387
0.6452140212059021
0.5796350240707397
0.6339679956436157
0.5741789937019348
0.6227210164070129
0.5687239766120911
0.6114739775657654
0.5632680058479309
0.6002280116081238
0.5578129887580872
0.5889809727668762
0.552357017993927
0.5777339935302734
0.5469020009040833
0.5664880275726318
0.5414459705352783
0.5552409887313843
0.5401380062103271
0.5428100228309631
0.5388299822807312
0.530377984046936
0.5375210046768188
0.5179470181465149
0.5362129807472229
0.505515992641449
0.5349050164222717
0.49308401346206665
0.5335969924926758
0.48065298795700073
0.5322880148887634
0.4682219922542572
0.5309799909591675
0.4557900130748749
0.5434110164642334
0.454475998878479
0.5558419823646545
0.4531620144844055
0.5682719945907593
0.45184800028800964
0.5807030200958252
0.45053398609161377
0.5931339859962463
0.4492200016975403
0.6055650115013123
0.4479059875011444
0.617995023727417
0.4465920031070709
0.6304259896278381
0.44527798891067505
0.6421880125999451
0.441197007894516
0.6539509892463684
0.43711599707603455
0.6657130122184753
0.4330349862575531
0.6774749755859375
0.42895400524139404
0.6892369985580444
0.4248729944229126
