0.7506330013275146
0.30504900217056274
0.7411940097808838
0.3132439851760864
0.7317550182342529
0.3214389979839325
0.7223160266876221
0.32963401079177856
0.7128779888153076
0.33782899379730225
0.7034389972686768
0.3460240066051483
0.6940000057220459
0.354218989610672
0.684561014175415
0.36241400241851807
0.6751220226287842
0.37060800194740295
0.6689320206642151
0.3814679980278015
0.6627410054206848
0.3923270106315613
0.6565510034561157
0.40318700671195984
0.6503599882125854
0.4140459895133972
0.6441699862480164
0.4249059855937958
0.6379789710044861
0.43576499819755554
0.6317890286445618
0.4466249942779541
0.6255980134010315
0.45748400688171387
0.6188229918479919
0.4679889976978302
0.6120479702949524
0.47849398851394653
0.6052730083465576
0.48899900913238525
0.5984979867935181
0.4995029866695404
0.5917230248451233
0.5100079774856567
0.5849480032920837
0.5205129981040955
0.5781729817390442
0.531017005443573
0.5713980197906494
0.5415220260620117
0.5618950128555298
0.549642026424408
0.552390992641449
0.557761013507843
0.5428869724273682
0.5658810138702393
0.5333830118179321
0.5740010142326355
0.5238789916038513
0.5821200013160706
0.5143759846687317
0.5902400016784668
0.5048720240592957
0.5983589887619019
0.49536800384521484
0.6064789891242981
0.4828909933567047
0.6072289943695068
0.4704129993915558
0.6079800128936768
0.45793598890304565
0.6087300181388855
0.44545799493789673
0.6094800233840942
0.432981014251709
0.6102309823036194
0.42050299048423767
0.6109809875488281
0.4080260097980499
0.611732006072998
0.3955479860305786
0.6124820113182068
0.3831090033054352
0.6112549901008606
0.37066900730133057
0.6100289821624756
0.35822901129722595
0.6088020205497742
0.34578999876976013
0.607574999332428
0.3333500027656555
0.606348991394043
0.3209100067615509
0.6051220297813416
0.3084709942340851
0.6038950085639954
0.29603099822998047
0.6026690006256104
0.2884080111980438
0.5927619934082031
0.2807849943637848
0.5828559994697571
0.27316200733184814
0.5729489922523499
0.2655389904975891
0.5630429983139038
0.25791600346565247
0.5531359910964966
0.25029200315475464
0.5432299971580505
0.2426690012216568
0.5333229899406433
0.23504599928855896
0.5234169960021973
0.22724199295043945
0.5331100225448608
0.21943800151348114
0.5428029894828796
0.21163399517536163
0.5524960160255432
0.20383000373840332
0.562188982963562
0.1960259974002838
0.5718820095062256
0.1882220059633255
0.5815749764442444
