0.2325190007686615
0.03862829878926277
0.2435780018568039
0.044454000890254974
0.2546379864215851
0.05027969926595688
0.26569700241088867
0.05610540136694908
0.27675700187683105
0.061931099742650986
0.28781598806381226
0.06775689870119095
0.29887500405311584
0.07358259707689285
0.3099350035190582
0.07940830290317535
0.32099398970603943
0.08523400127887726
0.332724004983902
0.08955559879541397
0.34445300698280334
0.09387709945440292
0.3561820089817047
0.09819869697093964
0.3679110109806061
0.10251999646425247
0.37964001297950745
0.10684199631214142
0.3913699984550476
0.11116299778223038
0.403099000453949
0.11548499763011932
0.41482800245285034
0.11980599910020828
0.4253219962120056
0.12659800052642822
0.4358159899711609
0.13338899612426758
0.44631001353263855
0.14018100500106812
0.4568040072917938
0.14697200059890747
0.4672980010509491
0.15376399457454681
0.47779300808906555
0.16055500507354736
0.4882870018482208
0.1673469990491867
0.4987809956073761
0.17413799464702606
0.5058180093765259
0.18446899950504303
0.5128549933433533
0.19480000436306
0.5198919773101807
0.20513099431991577
0.5269290208816528
0.21546199917793274
0.5339670181274414
0.2257930040359497
0.5410040020942688
0.23612399399280548
0.5480409860610962
0.24645499885082245
0.5550780296325684
0.2567859888076782
0.5679330229759216
0.25149598717689514
0.5807870030403137
0.24620600044727325
0.593641996383667
0.24091599881649017
