0.6020680069923401
0.8515700101852417
0.6144130229949951
0.8496050238609314
0.626757025718689
0.8476399779319763
0.6391019821166992
0.845674991607666
0.6514469981193542
0.8437100052833557
0.6637910008430481
0.8417459726333618
0.6761360168457031
0.8397809863090515
0.688480019569397
0.8378159999847412
0.7008249759674072
0.8358510136604309
0.6895480155944824
0.8304589986801147
0.6782709956169128
0.8250659704208374
0.6669930219650269
0.819674015045166
0.6557160019874573
0.8142820000648499
0.6444389820098877
0.8088899850845337
0.6331620216369629
0.8034980297088623
0.6218850016593933
0.7981060147285461
0.6106079816818237
0.79271399974823
0.5981079936027527
0.7926629781723022
0.5856080055236816
0.7926120162010193
0.5731080174446106
0.7925609946250916
0.5606080293655396
0.792510986328125
0.5481079816818237
0.792460024356842
0.5356079936027527
0.7924090027809143
0.5231080055236816
0.7923589944839478
0.5106080174446106
0.79230797290802
0.4981279969215393
0.793008029460907
0.4856480062007904
0.7937080264091492
0.4731670022010803
0.7944080233573914
0.4606870114803314
0.7951080203056335
0.44820600748062134
0.7958080172538757
0.43572598695755005
0.7965080142021179
0.42324599623680115
0.7972080111503601
0.41076499223709106
0.7979080080986023
0.39959999918937683
0.8035280108451843
0.3884350061416626
0.8091490268707275
0.37727001309394836
0.8147690296173096
0.36610400676727295
0.8203889727592468
0.3549390137195587
0.8260089755058289
0.3437739908695221
0.8316299915313721
0.33260899782180786
0.8372499942779541
0.32144299149513245
0.8428699970245361
0.3173240125179291
0.8310689926147461
0.3132050037384033
0.8192669749259949
0.30908599495887756
0.8074650168418884
0.304966002702713
0.7956629991531372
0.30084699392318726
0.783860981464386
0.2967279851436615
0.772059977054596
0.29260900616645813
0.7602580189704895
0.2884890139102936
0.7484560012817383
0.2952969968318939
0.7379720211029053
0.30210399627685547
0.7274879813194275
0.308910995721817
0.7170050144195557
0.31571900844573975
0.7065209746360779
0.3225260078907013
0.6960369944572449
0.32933300733566284
0.6855530142784119
0.3361409902572632
0.6750689744949341
0.34294798970222473
0.6645860075950623
0.3350690007209778
0.65488201379776
0.32718899846076965
0.6451780200004578
0.3193100094795227
0.6354740262031555
0.3114300072193146
0.6257699728012085
0.30355098843574524
0.6160659790039062
0.2956709861755371
0.6063629984855652
0.28779199719429016
0.5966590046882629
0.2799130082130432
0.5869550108909607
0.2681489884853363
0.5806379914283752
0.25638601183891296
0.574321985244751
0.24462300539016724
0.5680050253868103
0.23285900056362152
0.561689019203186
