0.444023996591568
0.44658800959587097
0.44448599219322205
0.4590800106525421
0.4449479877948761
0.4715709984302521
0.44541001319885254
0.4840629994869232
0.4458720088005066
0.4965539872646332
0.44633400440216064
0.5090460181236267
0.4467960000038147
0.5215370059013367
0.44725900888442993
0.5340279936790466
0.447721004486084
0.5465199947357178
0.45879998803138733
0.5550209879875183
0.46988001465797424
0.56352299451828
0.4809589982032776
0.5720239877700806
0.4920380115509033
0.5805249810218811
0.5031179785728455
0.5890259742736816
0.5141969919204712
0.5975279808044434
