0.18753600120544434
0.10795799642801285
0.19941399991512299
0.11185099929571152
0.21129199862480164
0.11574400216341019
0.22317099571228027
0.11963599920272827
0.23504899442195892
0.12352900207042694
0.24692800641059875
0.1274220049381256
0.2588059902191162
0.13131499290466309
0.27068400382995605
0.13520799577236176
0.2825630009174347
0.13910099864006042
0.280333012342453
0.15139999985694885
0.2781040072441101
0.16369999945163727
0.27587398886680603
0.1759990006685257
0.2736450135707855
0.1882990002632141
0.27141499519348145
0.20059899985790253
0.26918599009513855
0.21289800107479095
0.26695600152015686
0.22519800066947937
0.26472699642181396
0.2374970018863678
0.276762992143631
0.24086999893188477
0.2888000011444092
0.24424199759960175
0.3008359968662262
0.2476149946451187
0.3128730058670044
0.2509869933128357
0.3249090015888214
0.25435999035835266
0.3369460105895996
0.25773200392723083
0.3489820063114166
0.2611050009727478
0.36101898550987244
0.26447799801826477
0.36096999049186707
0.276977002620697
0.3609209954738617
0.28947699069976807
0.3608720004558563
0.3019770085811615
0.36082300543785095
0.31447699666023254
0.3607740104198456
0.326977014541626
0.360725998878479
0.339477002620697
0.36067700386047363
0.35197699069976807
0.36062800884246826
0.3644770085811615
0.3718400001525879
0.37000200152397156
0.3830530047416687
0.3755280077457428
0.39426499605178833
0.38105300068855286
0.40547800064086914
0.3865790069103241
0.41668999195098877
0.39210399985313416
0.4279029965400696
0.3976300060749054
0.4391149878501892
0.40315499901771545
0.4503270089626312
0.4086810052394867
0.4513930082321167
0.4211350083351135
0.452457994222641
0.43358999490737915
0.45352301001548767
0.446043998003006
0.45458900928497314
0.458499014377594
0.45565399527549744
0.47095298767089844
0.4567199945449829
0.48340800404548645
0.4577850103378296
0.4958629906177521
0.4588499963283539
0.5083169937133789
0.4457629919052124
0.510079026222229
0.4326759874820709
0.5118420124053955
0.41958901286125183
0.5136039853096008
0.40650200843811035
0.5153660178184509
0.39341500401496887
0.5171279907226562
