0.1606999933719635
0.4651139974594116
0.16668500006198883
0.4541400074958801
0.17267000675201416
0.44316598773002625
0.1786549985408783
0.43219199776649475
0.1846410036087036
0.42121800780296326
0.19062599539756775
0.4102439880371094
0.19661100208759308
0.3992699980735779
0.20259599387645721
0.3882960081100464
0.20858100056648254
0.3773219883441925
0.20568899810314178
0.3651619851589203
0.20279599726200104
0.3530009984970093
0.1999029964208603
0.34084001183509827
0.19700999557971954
0.32868000864982605
0.19411799311637878
0.31651899218559265
0.19122500717639923
0.30435800552368164
0.18833200633525848
0.2921980023384094
0.18544000387191772
0.280036985874176
0.19495099782943726
0.27192598581314087
0.20446200668811798
0.2638149857521057
0.2139730006456375
0.25570398569107056
0.22348399460315704
0.2475930005311966
0.23299500346183777
0.23948200047016144
0.2425059974193573
0.23137100040912628
0.25201699137687683
0.22326000034809113
0.26152798533439636
0.21514800190925598
0.2732970118522644
0.21935999393463135
0.28506600856781006
0.2235720008611679
0.2968350052833557
0.22778399288654327
0.30860400199890137
0.23199599981307983
0.320372998714447
0.2362080067396164
0.3321419954299927
0.24041999876499176
0.34391099214553833
0.24463200569152832
0.355679988861084
0.2488439977169037
0.3575190007686615
0.2612079977989197
0.359358012676239
0.27357199788093567
0.36119601130485535
0.28593599796295166
0.3630349934101105
0.29830101132392883
0.364874005317688
0.3106650114059448
0.3667120039463043
0.3230290114879608
0.36855098605155945
0.3353930115699768
0.37038999795913696
0.3477570116519928
0.3713870048522949
0.33529698848724365
0.3723849952220917
0.3228360116481781
0.37338200211524963
0.31037598848342896
0.3743799924850464
0.2979159951210022
0.37537699937820435
0.28545600175857544
0.3763749897480011
0.2729960083961487
0.37737199664115906
0.26053598523139954
0.3783699870109558
0.24807600677013397
0.3891589939594269
0.24176299571990967
0.39994800090789795
0.23545099794864655
0.410737007856369
0.22913900017738342
0.4215260148048401
0.2228270024061203
0.43231499195098877
0.21651500463485718
0.443105012178421
0.21020199358463287
0.4538939893245697
0.20388999581336975
0.46468299627304077
0.19757799804210663
0.4770810008049011
0.1959879994392395
0.48947998881340027
0.19439800083637238
0.501878023147583
0.19280900061130524
0.5142769813537598
0.1912190020084381
0.5266749858856201
0.18962900340557098
0.5390740036964417
0.18803900480270386
0.551472008228302
0.18644900619983673
0.5638710260391235
0.1848600059747696
0.5757420063018799
0.1887730062007904
0.5876139998435974
0.1926870048046112
0.5994859933853149
0.19660000503063202
0.6113569736480713
0.20051400363445282
0.6232290267944336
0.20442700386047363
0.6351000070571899
0.20834100246429443
0.6469720005989075
0.21225400269031525
0.658843994140625
0.21616800129413605
0.6683419942855835
0.22429299354553223
0.6778410077095032
0.2324189990758896
0.6873390078544617
0.24054500460624695
0.6968380212783813
0.24866999685764313
0.7063369750976562
0.2567960023880005
0.7158349752426147
0.26492199301719666
0.7253339886665344
0.27304700016975403
0.7348319888114929
0.2811729907989502
0.7467870116233826
0.2775219976902008
0.7587419748306274
0.27386999130249023
0.7706969976425171
0.27021899819374084
0.7826520204544067
0.2665669918060303
0.7946069836616516
0.2629159986972809
0.8065609931945801
0.2592650055885315
0.8185160160064697
0.2556129992008209
0.8304709792137146
0.25196200609207153
0.8229020237922668
0.24201400578022003
0.8153330087661743
0.23206600546836853
0.8077639937400818
0.22211800515651703
0.8001949787139893
0.21217000484466553
0.7926260232925415
0.202223002910614
0.785057008266449
0.1922750025987625
0.7774879932403564
0.182327002286911
0.7699189782142639
0.1723790019750595
0.7822449803352356
0.17445799708366394
0.7945709824562073
0.17653599381446838
0.806896984577179
0.178615003824234
0.8192229866981506
0.18069399893283844
0.8315489888191223
0.18277199566364288
0.843874990940094
0.1848510056734085
0.8562009930610657
0.18693000078201294
0.8685269951820374
0.18900899589061737
0.878715991973877
0.181768000125885
0.8889049887657166
0.17452800273895264
0.8990949988365173
0.16728700697422028
0.9092839956283569
0.1600469946861267
0.9194740056991577
0.15280599892139435
0.9296630024909973
0.14556600153446198
0.9398530125617981
0.13832500576972961
0.9500420093536377
0.13108499348163605
0.9480170011520386
0.12130600214004517
0.9459909796714783
0.11152700334787369
