0.20406599342823029
0.7306870222091675
0.21653200685977936
0.7297670245170593
0.22899800539016724
0.7288470268249512
0.24146400392055511
0.7279279828071594
0.253930002450943
0.7270079851150513
0.2663959860801697
0.7260879874229431
0.27886301279067993
0.7251690030097961
0.2913289964199066
0.724249005317688
0.3037950098514557
0.7233290076255798
0.30374398827552795
0.7358289957046509
0.3036929965019226
0.7483289837837219
0.30364200472831726
0.760828971862793
0.3035910129547119
0.7733290195465088
0.3035399913787842
0.7858290076255798
0.30348899960517883
0.7983289957046509
0.3034380078315735
0.8108289837837219
0.30338698625564575
0.823328971862793
0.29343199729919434
0.8157690167427063
0.2834770083427429
0.808210015296936
0.2735210061073303
0.8006510138511658
0.2635659873485565
0.7930909991264343
0.2536109983921051
0.7855319976806641
0.2436559945344925
0.7779719829559326
0.23370100557804108
0.7704129815101624
0.22374500334262848
0.7628539800643921
0.21469900012016296
0.7714800238609314
0.20565199851989746
0.7801060080528259
0.19660499691963196
0.7887319922447205
0.18755799531936646
0.7973570227622986
0.17851200699806213
0.8059830069541931
0.16946500539779663
0.8146089911460876
0.16041800379753113
0.8232349753379822
0.1513720005750656
0.8318610191345215
0.1419840008020401
0.8408120274543762
0.1325960010290146
0.8497639894485474
0.12320800125598907
0.8587149977684021
0.11382000148296356
0.8676660060882568
0.10443200170993805
0.8766180276870728
0.09504380077123642
0.8855689764022827
