0.3463970124721527
0.06815090030431747
0.35876500606536865
0.06996209919452667
0.3711340129375458
0.07177329808473587
0.3835020065307617
0.07358440011739731
0.39587000012397766
0.0753955990076065
0.4082379937171936
0.07720670104026794
0.42060598731040955
0.07901789993047714
0.4329740107059479
0.08082909882068634
0.4453420042991638
0.08264020085334778
0.4445750117301941
0.09511669725179672
0.443807989358902
0.10759299993515015
0.44304099678993225
0.12007000297307968
0.4422740042209625
0.13254599273204803
0.4415070116519928
0.14502200484275818
0.4407399892807007
0.15749900043010712
0.43997201323509216
0.16997499763965607
0.43920499086380005
0.182451993227005
0.43764299154281616
0.1948540061712265
0.4360800087451935
0.2072560042142868
0.4345180094242096
0.2196580022573471
0.4329549968242645
0.2320600003004074
0.43139201402664185
0.24446099996566772
0.42983001470565796
0.256862998008728
0.4282670021057129
0.26926499605178833
0.4267039895057678
0.28166699409484863
0.4239490032196045
0.29385998845100403
0.42119300365448
0.30605199933052063
0.41843700408935547
0.318244993686676
0.41568100452423096
0.3304370045661926
0.41292500495910645
0.34262898564338684
0.41016900539398193
0.3548220098018646
0.4074139893054962
0.36701399087905884
0.4046579897403717
0.37920698523521423
0.3920939862728119
0.3812220096588135
0.3795289993286133
0.38323700428009033
0.36696499586105347
0.3852519989013672
0.35440099239349365
0.38726699352264404
0.34183698892593384
0.3892819881439209
0.32927200198173523
0.39129701256752014
