0.6021770238876343
0.7109389901161194
0.5921229720115662
0.7183660268783569
0.5820680260658264
0.7257930040359497
0.5720139741897583
0.7332209944725037
0.561959981918335
0.7406479716300964
0.5519059896469116
0.748075008392334
0.5418509840965271
0.7555019855499268
0.5317969918251038
0.7629290223121643
0.5217429995536804
0.7703559994697571
0.5135350227355957
0.7797830104827881
0.505325973033905
0.7892109751701355
0.4971179962158203
0.7986379861831665
0.4889099895954132
0.8080649971961975
0.4807020127773285
0.8174930214881897
0.4724929928779602
0.8269199728965759
0.4642849862575531
0.8363469839096069
0.4560770094394684
0.8457750082015991
0.44652101397514343
0.853833019733429
0.4369640052318573
0.8618900179862976
0.42740800976753235
0.8699480295181274
0.4178520143032074
0.8780059814453125
0.40829500555992126
0.8860639929771423
0.3987390100955963
0.894120991230011
0.38918301463127136
0.9021790027618408
0.379626989364624
0.9102370142936707
0.3723379969596863
0.900081992149353
0.36504998803138733
0.889926016330719
0.3577609956264496
0.8797709941864014
0.35047298669815063
0.8696159720420837
0.3431850075721741
0.8594599962234497
0.33589598536491394
0.8493049740791321
0.3286080062389374
0.8391500115394592
0.32131901383399963
0.8289949893951416
0.3207469880580902
0.8165079951286316
0.3201740086078644
0.8040210008621216
0.31960099935531616
0.7915340065956116
0.31902799010276794
0.7790470123291016
0.3184550106525421
0.7665600180625916
0.3178830146789551
0.7540730237960815
0.31731000542640686
0.7415869832038879
0.31673699617385864
0.7290999889373779
0.3185169994831085
0.7167270183563232
0.3202970027923584
0.704355001449585
0.3220770061016083
0.6919819712638855
0.32385799288749695
0.6796090006828308
0.3256379961967468
0.6672369837760925
0.3274179995059967
0.6548640131950378
0.3291980028152466
0.6424919962882996
0.33097800612449646
0.6301190257072449
0.3332050144672394
0.6178190112113953
0.3354319930076599
0.6055189967155457
0.33765900135040283
0.593218982219696
0.33988600969314575
0.5809190273284912
0.3421120047569275
0.5686190128326416
0.3443390130996704
0.556318998336792
0.34656599164009094
0.5440189838409424
0.34879299998283386
0.5317190289497375
0.34960800409317017
0.5192450284957886
0.35042300820350647
0.506771981716156
0.3512380123138428
0.4942980110645294
0.3520529866218567
0.48182499408721924
0.352867990732193
0.46935200691223145
0.3536829948425293
0.45687800645828247
0.3544979989528656
0.4444049894809723
0.3553130030632019
0.4319309890270233
0.36490398645401
0.42391499876976013
0.3744949996471405
0.41589900851249695
0.384086012840271
0.4078829884529114
0.3936769962310791
0.3998669981956482
0.4032689929008484
0.39184999465942383
0.4128600060939789
0.38383400440216064
0.422450989484787
0.37581801414489746
0.4320420026779175
0.3678019940853119
0.4195669889450073
0.3670180141925812
0.4070909917354584
0.36623498797416687
0.3946160078048706
0.36545199155807495
0.38214001059532166
0.36466899514198303
0.3696649968624115
0.36388498544692993
0.35718899965286255
0.363101989030838
0.3447139859199524
0.3623189926147461
0.3322390019893646
0.3615359961986542
0.33549100160598755
0.3494659960269928
0.33874401450157166
0.3373970091342926
0.3419969975948334
0.32532799243927
0.3452500104904175
0.31325799226760864
0.3485029935836792
0.30118900537490845
0.3517549932003021
0.28911900520324707
0.35500800609588623
0.2770499885082245
0.35826098918914795
0.2649810016155243
0.36176300048828125
0.25198599696159363
0.36526599526405334
0.23899100720882416
