0.18586599826812744
0.07479400187730789
0.19346700608730316
0.084716796875
0.20106899738311768
0.09463970363140106
0.20867100358009338
0.10456299781799316
0.2162729948759079
0.114485003054142
0.22387400269508362
0.12440799921751022
0.23147599399089813
0.13433100283145905
0.23907800018787384
0.14425399899482727
0.24668000638484955
0.1541769951581955
0.24765799939632416
0.16663900017738342
0.24863700568675995
0.17910000681877136
0.24961499869823456
0.1915619969367981
0.25059399008750916
0.20402400195598602
0.25157201290130615
0.21648499369621277
0.25255098938941956
0.2289469987154007
0.25352901220321655
0.24140800535678864
0.25450798869132996
0.25387001037597656
0.2661539912223816
0.2584100067615509
0.2778010070323944
0.26294898986816406
0.28944799304008484
0.2674889862537384
0.3010939955711365
0.27202901244163513
0.3127410113811493
0.2765679955482483
0.3243870139122009
0.28110799193382263
0.33603399991989136
0.2856470048427582
0.347680002450943
0.2901870012283325
0.35097700357437134
0.2781299948692322
0.3542729914188385
0.26607200503349304
0.35756999254226685
0.2540149986743927
0.3608660101890564
0.24195699393749237
0.36416301131248474
0.22990000247955322
0.3674589991569519
0.2178419977426529
0.37075600028038025
0.20578500628471375
0.3740519881248474
0.19372700154781342
0.38467100262641907
0.18713200092315674
0.39528998732566833
0.18053799867630005
0.40590900182724
0.17394299805164337
0.41652798652648926
0.1673479974269867
0.42714598774909973
0.16075299680233002
0.4377650022506714
0.15415799617767334
0.44838398694992065
0.14756299555301666
0.4590030014514923
0.14096899330615997
0.46096301078796387
0.1533139944076538
0.46292299032211304
0.16565899550914764
0.4648829996585846
0.17800499498844147
0.46684300899505615
0.1903499960899353
0.4688040018081665
0.20269499719142914
0.47076401114463806
0.21504099667072296
0.47272399067878723
0.2273859977722168
0.4746840000152588
0.23973099887371063
0.4767780005931854
0.25205498933792114
0.4788709878921509
0.26437801122665405
0.4809649884700775
0.27670198678970337
0.48305898904800415
0.2890250086784363
0.485152006149292
0.301349014043808
0.48724600672721863
0.3136720061302185
0.4893389940261841
0.32599499821662903
0.4914329946041107
0.33831900358200073
0.4946720004081726
0.35039201378822327
0.4979110062122345
0.3624649941921234
0.5011500120162964
0.37453800439834595
0.5043889880180359
0.3866110146045685
0.5076280236244202
0.39868399500846863
0.5108669996261597
0.41075700521469116
0.5141059756278992
0.4228299856185913
0.5173450112342834
0.434904009103775
0.5195170044898987
0.44721299409866333
0.5216900110244751
0.4595229923725128
0.5238630175590515
0.4718329906463623
0.5260360240936279
0.484142005443573
0.5282080173492432
0.4964520037174225
0.5303810238838196
0.508762001991272
0.5325539708137512
0.5210719704627991
0.5347260236740112
0.5333809852600098
0.5379199981689453
0.5454660058021545
0.5411139726638794
0.5575519800186157
0.5443080067634583
0.5696370005607605
0.5475019812583923
0.5817220211029053
0.55069500207901
0.5938069820404053
0.5538889765739441
0.60589200258255
0.557083010673523
0.6179770231246948
0.560276985168457
0.6300619840621948
0.5637670159339905
0.6420649886131287
0.5672569870948792
0.6540679931640625
0.5707470178604126
0.6660709977149963
0.5742380023002625
0.6780740022659302
0.5777279734611511
0.6900759935379028
0.5812180042266846
0.7020789980888367
0.5847079753875732
0.7140820026397705
0.5881990194320679
0.7260850071907043
0.6009820103645325
0.7312949895858765
0.6137650012969971
0.7365059852600098
0.6265479922294617
0.7417160272598267
0.6393309831619263
0.7469260096549988
