0.5018450021743774
0.18113799393177032
0.5113630294799805
0.18924200534820557
0.5208799839019775
0.19734500348567963
0.5303980112075806
0.20544900000095367
0.5399159789085388
0.21355199813842773
0.5494329929351807
0.2216549962759018
0.5589510202407837
0.22975899279117584
0.5684679746627808
0.2378620058298111
0.5779860019683838
0.24596600234508514
0.5878499746322632
0.2536439895629883
0.5977140069007874
0.2613210082054138
0.6075779795646667
0.26899901032447815
0.6174420118331909
0.2766770124435425
0.6273069977760315
0.2843550145626068
0.6371709704399109
0.29203298687934875
0.6470350027084351
0.2997109889984131
0.6568989753723145
0.3073880076408386
0.6667029857635498
0.3151420056819916
0.6765080094337463
0.32289600372314453
0.6863129734992981
0.3306500017642975
0.6961169838905334
0.33840399980545044
0.70592200756073
0.3461570143699646
0.7157260179519653
0.35391101241111755
0.7255309820175171
0.3616650104522705
0.7353349924087524
0.36941900849342346
0.7450559735298157
0.3772769868373871
0.7547770142555237
0.3851349949836731
0.7644979953765869
0.3929939866065979
0.7742189764976501
0.4008519947528839
0.7839400172233582
0.4087109863758087
0.7936609983444214
0.4165689945220947
0.8033819794654846
0.42442700266838074
0.8131020069122314
0.43228599429130554
0.8214439749717712
0.4415949881076813
0.8297860026359558
0.4509040117263794
0.8381279706954956
0.4602139890193939
0.8464699983596802
0.46952301263809204
0.8548110127449036
0.47883298993110657
0.8631529808044434
0.4881420135498047
0.8714950084686279
0.4974510073661804
0.8798369765281677
0.5067610144615173
