0.1625880002975464
0.6894710063934326
0.15879400074481964
0.6775609850883484
0.1549990028142929
0.6656510233879089
0.15120400488376617
0.6537410020828247
0.14741000533103943
0.6418300271034241
0.1436150074005127
0.6299200057983398
0.13981999456882477
0.6180099844932556
0.13602599501609802
0.6061000227928162
0.1322309970855713
0.5941900014877319
0.14131399989128113
0.5856019854545593
0.15039600431919098
0.5770130157470703
0.15947900712490082
0.5684249997138977
0.16856099665164948
0.5598369836807251
0.17764399945735931
0.5512490272521973
0.18672600388526917
0.5426599979400635
0.19580799341201782
0.5340719819068909
0.20489099621772766
0.525484025478363
0.21541200578212738
0.518733024597168
0.22593200206756592
0.5119829773902893
0.23645299673080444
0.5052329897880554
0.24697299301624298
0.49848300218582153
0.2574940025806427
0.49173200130462646
0.2680149972438812
0.4849820137023926
0.27853500843048096
0.4782319962978363
0.2890560030937195
0.47148099541664124
0.2815290093421936
0.4712330102920532
