0.5824869871139526
0.5057950019836426
0.571861982345581
0.512378990650177
0.5612369775772095
0.5189639925956726
0.5506119728088379
0.525547981262207
0.5399860143661499
0.5321320295333862
0.5293610095977783
0.5387169718742371
0.5187360048294067
0.5453010201454163
0.5081110000610352
0.5518860220909119
0.4974850118160248
0.5584700107574463
0.4873659908771515
0.5658079981803894
0.4772459864616394
0.5731459856033325
0.4671269953250885
0.5804830193519592
0.4570069909095764
0.5878210067749023
0.44688698649406433
0.5951589941978455
0.4367679953575134
0.6024969816207886
0.42664799094200134
0.6098340153694153
0.41652798652648926
0.6171720027923584
0.4101409912109375
0.6055759787559509
0.40375301241874695
0.5939800143241882
0.3973659873008728
0.5823829770088196
