0.36817899346351624
0.8562110066413879
0.3641740083694458
0.8443700075149536
0.36017000675201416
0.8325290083885193
0.3561660051345825
0.820688009262085
0.3521609902381897
0.8088470101356506
0.34815698862075806
0.7970049977302551
0.3441520035266876
0.7851639986038208
0.340148001909256
0.7733229994773865
0.33614298701286316
0.7614820003509521
0.33598899841308594
0.7489830255508423
0.33583399653434753
0.7364839911460876
0.33567899465560913
0.7239850163459778
0.3355250060558319
0.7114859819412231
0.3353700041770935
0.6989870071411133
0.3352150022983551
0.6864870190620422
0.3350610136985779
0.6739879846572876
0.3349060118198395
0.6614890098571777
0.32359498739242554
0.6561689972877502
0.312283992767334
0.6508479714393616
0.30097299814224243
0.6455280184745789
0.2896620035171509
0.6402069926261902
0.27834999561309814
0.6348860263824463
0.2670390009880066
0.6295660138130188
0.25572800636291504
0.6242449879646301
0.2444169968366623
0.6189249753952026
0.24156799912452698
0.6067540049552917
0.23871900141239166
0.5945829749107361
0.23587000370025635
0.5824120044708252
0.23302100598812103
0.5702409744262695
0.23017199337482452
0.5580700039863586
0.2273229956626892
0.545898973941803
0.2244739979505539
0.5337280035018921
0.22162500023841858
0.5215569734573364
0.21416600048542023
0.5115259885787964
0.20670700073242188
0.5014960169792175
0.19924800097942352
0.4914650022983551
0.19178900122642517
0.4814339876174927
0.18433000147342682
0.47140398621559143
0.17687100172042847
0.4613730013370514
0.16941100358963013
0.45134299993515015
0.16195200383663177
0.4413119852542877
0.1599390059709549
0.428974986076355
0.15792499482631683
0.4166390001773834
0.15591099858283997
0.4043020009994507
0.15389800071716309
0.39196500182151794
0.15188400447368622
0.379628986120224
0.14986999332904816
0.36729198694229126
0.1478559970855713
0.3549549877643585
0.1458429992198944
0.3426179885864258
0.15594600141048431
0.33525800704956055
0.1660500019788742
0.3278979957103729
0.1761530041694641
0.3205380141735077
0.186257004737854
0.31317800283432007
0.1963600069284439
0.30581799149513245
0.20646299421787262
0.2984580099582672
0.2165669947862625
0.2910979986190796
0.22666999697685242
0.28373798727989197
0.23665399849414825
0.2912600040435791
0.2466370016336441
0.29878199100494385
0.25662100315093994
0.306304007768631
0.2666040062904358
0.3138259947299957
0.27658799290657043
0.32134801149368286
0.28657200932502747
0.3288699984550476
0.2965550124645233
0.33639100193977356
0.30653899908065796
0.3439129889011383
0.3149229884147644
0.3531849980354309
0.32330700755119324
0.36245599389076233
0.3316909968852997
0.37172698974609375
0.34007498621940613
0.38099899888038635
0.34845900535583496
0.3902699947357178
0.3568429946899414
0.3995409905910492
0.36522701382637024
0.4088119864463806
0.3736110031604767
0.4180839955806732
0.37389999628067017
0.4305799901485443
0.37418800592422485
0.4430769979953766
0.37447598576545715
0.45557400584220886
0.37476399540901184
0.46807000041007996
0.37505200505256653
0.48056700825691223
0.37534099817276
0.4930639863014221
0.3756290078163147
0.5055599808692932
0.375916987657547
0.5180569887161255
0.38841700553894043
0.5180879831314087
0.4009169936180115
0.5181189775466919
0.4134170114994049
0.5181490182876587
0.42591699957847595
0.5181800127029419
0.438416987657547
0.5182110071182251
0.45091700553894043
0.5182420015335083
0.4634169936180115
0.5182719826698303
0.4759170114994049
0.5183029770851135
0.48342400789260864
0.5282970070838928
0.49093198776245117
0.5382919907569885
0.4984390139579773
0.5482860207557678
0.5059459805488586
0.5582810044288635
0.513454020023346
0.568274974822998
0.5209609866142273
0.5782700181007385
0.5284690260887146
0.588263988494873
0.535975992679596
0.5982580184936523
0.5406609773635864
0.6098470091819763
0.5453460216522217
0.6214359998703003
0.550029993057251
0.6330249905586243
0.5547149777412415
0.6446139812469482
0.5594000220298767
0.6562029719352722
0.564083993434906
0.667792022228241
0.5687689781188965
0.6793810129165649
0.5734540224075317
0.6909700036048889
0.5824940204620361
0.6814039945602417
0.5915330052375793
0.6718369722366333
0.6005730032920837
0.6622710227966309
0.6096130013465881
0.6527040004730225
0.6186519861221313
0.6431379914283752
0.6276919841766357
0.633571982383728
