0.14468200504779816
0.054839301854372025
0.14841000735759735
0.06677030026912689
0.15213899314403534
0.07870139926671982
0.15586699545383453
0.09063249826431274
0.15959499776363373
0.1025639995932579
0.16332300007343292
0.11449500173330307
0.1670520007610321
0.12642599642276764
0.1707800030708313
0.1383569985628128
0.1745080053806305
0.15028800070285797
0.17484000325202942
0.16278299689292908
0.17517299950122833
0.17527900636196136
0.17550599575042725
0.18777500092983246
0.17583799362182617
0.20026999711990356
0.17617100477218628
0.21276600658893585
0.1765030026435852
0.22526100277900696
0.17683599889278412
0.23775699734687805
0.17716799676418304
0.25025200843811035
0.17530299723148346
0.2626129984855652
0.17343799769878387
0.2749730050563812
0.1715729981660843
0.28733301162719727
0.1697079986333847
0.2996929883956909
0.16784299910068512
0.31205299496650696
0.16597799956798553
0.324413001537323
0.16411300003528595
0.33677300810813904
0.16224800050258636
0.3491330146789551
0.15894800424575806
0.36118999123573303
0.15564799308776855
0.3732460141181946
0.15234799683094025
0.38530299067497253
0.14904899895191193
0.3973590135574341
0.14574900269508362
0.40941599011421204
0.1424490064382553
0.4214720129966736
0.1391489952802658
0.43352898955345154
0.1358489990234375
0.4455859959125519
0.1467359960079193
0.4517279863357544
0.15762199461460114
0.4578700065612793
0.16850900650024414
0.4640119969844818
0.17939600348472595
0.4701550006866455
0.19028300046920776
0.476296991109848
0.20116999745368958
0.4824390113353729
0.2120559960603714
0.48858198523521423
0.2229429930448532
0.49472400546073914
0.23442399501800537
0.4996669888496399
0.24590499699115753
0.5046110153198242
0.2573859989643097
0.5095540285110474
0.26886698603630066
0.5144969820976257
0.280348002910614
0.5194410085678101
0.291828989982605
0.5243840217590332
0.30331000685691833
0.5293269753456116
0.3147909939289093
0.5342710018157959
0.3196130096912384
0.522737979888916
0.3244349956512451
0.5112059712409973
0.32925599813461304
0.4996730089187622
0.33407801389694214
0.4881399869918823
0.33889999985694885
0.476608008146286
0.34372198581695557
0.46507498621940613
0.3485429883003235
0.4535430073738098
0.3533650040626526
0.44200998544692993
0.36585700511932373
0.4424459934234619
0.37834998965263367
0.4428809881210327
0.3908419907093048
0.4433169960975647
0.40333500504493713
0.4437530040740967
0.4158270061016083
0.44418901205062866
0.4283190071582794
0.44462400674819946
0.44081199169158936
0.44506001472473145
0.4533039927482605
0.44549599289894104
0.4581640064716339
0.45701199769973755
0.46302300691604614
0.46852898597717285
0.4678820073604584
0.48004600405693054
0.4727419912815094
0.49156299233436584
0.47760099172592163
0.5030800104141235
0.48246100544929504
0.5145959854125977
0.4873200058937073
0.526112973690033
0.4921790063381195
0.537630021572113
0.4999150037765503
0.547448992729187
0.5076500177383423
0.5572689771652222
0.5153849720954895
0.5670880079269409
0.5231199860572815
0.5769069790840149
0.5308550000190735
0.5867270231246948
0.5385900139808655
0.5965459942817688
0.5463250279426575
0.6063650250434875
0.5540599822998047
0.6161850094795227
0.5633479952812195
0.6245499849319458
0.5726349949836731
0.6329159736633301
0.5819230079650879
0.6412820219993591
0.5912110209465027
0.6496480107307434
0.6004989743232727
0.6580139994621277
0.6097869873046875
0.6663789749145508
0.6190739870071411
0.6747450232505798
0.6283619999885559
0.6831110119819641
0.6406360268592834
0.6854760050773621
0.6529110074043274
0.6878399848937988
0.6651849746704102
0.6902049779891968
0.6774590015411377
0.6925699710845947
0.6897339820861816
0.6949340105056763
0.7020080089569092
0.6972990036010742
0.7142819762229919
0.6996639966964722
0.7265570163726807
0.7020279765129089
0.7376400232315063
0.7078080177307129
0.7487239837646484
0.7135869860649109
0.7598080039024353
0.7193660140037537
0.7708920240402222
0.7251449823379517
0.7819759845733643
0.7309240102767944
0.7930600047111511
0.7367029786109924
0.8041430115699768
0.7424830198287964
0.8152269721031189
0.7482619881629944
0.8266370296478271
0.7431570291519165
0.838047981262207
0.738053023815155
0.8494579792022705
0.7329480051994324
0.860867977142334
0.7278439998626709
0.8722789883613586
0.7227389812469482
0.8836889863014221
0.7176349759101868
0.8950989842414856
0.7125300168991089
0.9065089821815491
0.7074260115623474
0.9117990136146545
0.7184820175170898
0.9170889854431152
0.7295380234718323
0.9223790168762207
0.7405940294265747
0.9276689887046814
0.7516499757766724
0.9329590201377869
0.7627059817314148
0.9382489919662476
0.7737619876861572
