0.2666870057582855
0.4582909941673279
0.2770040035247803
0.4653480052947998
0.2873220145702362
0.47240498661994934
0.29763901233673096
0.47946101427078247
0.3079569935798645
0.486517995595932
0.31827399134635925
0.49357500672340393
0.3285920023918152
0.5006309747695923
0.3389100134372711
0.5076879858970642
0.34922701120376587
0.5147449970245361
0.35401299595832825
0.5031970143318176
0.358799010515213
0.4916499853134155
0.3635840117931366
0.480102002620697
0.368369996547699
0.46855399012565613
0.37315499782562256
0.4570069909095764
0.3779410123825073
0.4454590082168579
0.3827269971370697
0.4339120090007782
0.3875119984149933
0.4223639965057373
0.39910298585891724
0.41768398880958557
0.4106940031051636
0.4130040109157562
0.4222849905490875
0.4083229899406433
0.43387600779533386
0.40364301204681396
0.445466011762619
0.39896300435066223
0.45705699920654297
0.3942829966545105
0.4686479866504669
0.38960298895835876
0.48023900389671326
0.3849230110645294
0.48771700263023376
0.374906986951828
0.49519601464271545
0.3648900091648102
0.5026739835739136
0.35487401485443115
0.5101529955863953
0.34485799074172974
0.5176309943199158
0.3348419964313507
0.5251100063323975
0.3248260021209717
0.532588005065918
0.31481000781059265
0.5400670170783997
0.3047940135002136
0.5521389842033386
0.2976529896259308
0.5642120242118835
0.2905130088329315
0.5762839913368225
0.28337201476097107
