0.18992699682712555
0.3201740086078644
0.19763599336147308
0.3300139904022217
0.2053450047969818
0.3398529887199402
0.21305400133132935
0.3496930003166199
0.22076299786567688
0.35953301191329956
0.22847199440002441
0.36937201023101807
0.23618100583553314
0.37921199202537537
0.24389100074768066
0.38905200362205505
0.2515999972820282
0.39889198541641235
0.26317301392555237
0.3941679894924164
0.27474600076675415
0.3894439935684204
0.28631898760795593
0.38471999764442444
0.2978920042514801
0.37999600172042847
0.3094649910926819
0.3752720057964325
0.32103800773620605
0.3705480098724365
0.33261099457740784
0.36582401394844055
0.344184011220932
0.3610999882221222
0.3529700040817261
0.3699910044670105
0.3617570102214813
0.3788819909095764
0.3705430030822754
0.3877730071544647
0.37933000922203064
0.39666301012039185
0.3881160020828247
0.40555399656295776
0.39690300822257996
0.41444501280784607
0.405689001083374
0.423335999250412
0.4144760072231293
0.4322269856929779
0.4184330105781555
0.4440839886665344
0.42239099740982056
0.45594099164009094
0.4263480007648468
0.46779799461364746
0.43030598759651184
0.479654997587204
0.4342629909515381
0.4915120005607605
0.4382210075855255
0.5033689737319946
0.44217801094055176
0.5152260065078735
0.4461359977722168
0.5270829796791077
0.45204100012779236
0.538100004196167
0.4579460024833679
0.5491170287132263
0.4638519883155823
0.5601339936256409
0.46975699067115784
0.5711510181427002
0.4756619930267334
0.5821679830551147
0.48156699538230896
0.5931860208511353
0.4874730110168457
0.6042029857635498
0.49337801337242126
0.6152200102806091
0.4996669888496399
0.6260219812393188
0.5059559941291809
0.6368250250816345
0.5122460126876831
0.6476280093193054
0.5185350179672241
0.6584299802780151
0.5248240232467651
0.6692330241203308
0.5311130285263062
0.6800349950790405
0.5374019742012024
0.6908379793167114
0.5436909794807434
0.7016410231590271
0.5526130199432373
0.7103959918022156
0.5615339875221252
0.7191519737243652
0.5704560279846191
0.7279070019721985
0.5793769955635071
0.736661970615387
0.5882989764213562
0.7454180121421814
0.5972200036048889
0.7541729807853699
0.606141984462738
0.7629290223121643
0.6150630116462708
0.7716839909553528
0.6253830194473267
0.7787380218505859
0.6357020139694214
0.7857919931411743
0.6460210084915161
0.7928460240364075
0.656341016292572
0.7998999953269958
0.6666600108146667
0.806954026222229
0.6769800186157227
0.8140079975128174
0.6872990131378174
0.8210620284080505
0.6976180076599121
0.8281170129776001
0.7096909880638123
0.8248760104179382
0.7217640280723572
0.8216360211372375
0.7338359951972961
0.8183950185775757
0.7459089756011963
0.8151540160179138
0.7579820156097412
0.8119140267372131
0.7700539827346802
0.8086730241775513
0.7821270227432251
0.8054329752922058
0.7942000031471252
0.802191972732544
0.7925500273704529
0.7894350290298462
0.7909010052680969
0.7766770124435425
0.7892510294914246
0.7639189958572388
0.7876020073890686
0.7511609792709351
0.7859519720077515
0.7384030222892761
