0.849166989326477
0.6763960123062134
0.8612350225448608
0.6731389760971069
0.873304009437561
0.6698819994926453
0.8853719830513
0.6666250228881836
0.8974400162696838
0.6633679866790771
0.9095079898834229
0.6601120233535767
0.921576976776123
0.6568549871444702
0.9336450099945068
0.6535980105400085
0.9457129836082458
0.6503409743309021
0.935500979423523
0.6431319713592529
0.9252899885177612
0.6359230279922485
0.9150779843330383
0.6287140250205994
0.9048659801483154
0.6215050220489502
0.8946539759635925
0.6142969727516174
0.8844419717788696
0.607088029384613
0.8742309808731079
0.5998790264129639
0.864018976688385
0.5926700234413147
0.8515260219573975
0.5931000113487244
0.8390340209007263
0.593529999256134
0.826541006565094
0.5939599871635437
0.8140479922294617
0.5943899750709534
0.8015559911727905
0.5948209762573242
0.7890629768371582
0.5952510237693787
0.7765709757804871
0.5956810116767883
0.7640780210494995
0.596110999584198
0.752377986907959
0.5917109847068787
0.7406780123710632
0.5873110294342041
0.7289779782295227
0.5829110145568848
0.717278003692627
0.5785109996795654
0.7055780291557312
0.5741109848022461
0.6938779950141907
0.5697110295295715
0.6821780204772949
0.5653110146522522
0.6704779863357544
0.5609109997749329
0.6825950145721436
0.5578389763832092
0.6947110295295715
0.5547670125961304
0.7068279981613159
0.5516939759254456
0.7189440131187439
0.5486220121383667
0.7310609817504883
0.5455489754676819
0.7431769967079163
0.542477011680603
0.7552940249443054
0.5394049882888794
0.7674099802970886
0.5363320112228394
0.7768809795379639
0.5281739830970764
0.7863519787788391
0.5200160145759583
0.7958229780197144
0.5118579864501953
0.8052939772605896
0.5037000179290771
0.8147649765014648
0.4955419898033142
0.8242350220680237
0.48738399147987366
0.8337060213088989
0.4792259931564331
0.8431770205497742
0.47106799483299255
0.8519430160522461
0.4621570110321045
0.860709011554718
0.45324599742889404
0.8694739937782288
0.4443340003490448
0.8782399892807007
0.43542298674583435
0.8870059847831726
0.4265120029449463
0.8957719802856445
0.41760000586509705
0.9045370221138
0.4086889922618866
0.913303017616272
0.39977800846099854
0.9029189944267273
0.39281898736953735
0.8925340175628662
0.38586100935935974
0.8821499943733215
0.37890300154685974
0.8717659711837769
0.37194499373435974
0.8613809943199158
0.36498698592185974
0.8509969711303711
0.35802900791168213
0.84061199426651
0.35107100009918213
0.8302279710769653
0.34411299228668213
0.8266929984092712
0.3321230113506317
0.8231580257415771
0.3201330006122589
0.8196229934692383
0.3081440031528473
0.8160880208015442
0.2961539924144745
0.8125529885292053
0.2841640114784241
0.8090180158615112
0.27217400074005127
0.8054829835891724
0.26018500328063965
0.8019480109214783
0.24819500744342804
0.8113510012626648
0.2399580031633377
0.8207529783248901
0.23172199726104736
0.8301560282707214
0.2234860062599182
0.839559018611908
0.21524900197982788
0.8489620089530945
0.20701299607753754
0.8583639860153198
0.1987760066986084
0.8677669763565063
0.19054000079631805
0.8771700263023376
0.1823039948940277
0.8763089776039124
0.19496899843215942
0.8754469752311707
0.20763500034809113
0.8745859861373901
0.22030000388622284
0.8737249970436096
0.23296600580215454
