0.892204999923706
0.16061699390411377
0.8865169882774353
0.17174799740314484
0.8808289766311646
0.1828790009021759
0.8751410245895386
0.19401000440120697
0.8694530129432678
0.20514099299907684
0.8637650012969971
0.2162719964981079
0.8580769896507263
0.227402001619339
0.8523899912834167
0.23853300511837006
0.846701979637146
0.24966399371623993
0.8400949835777283
0.2602759897708893
0.8334869742393494
0.27088698744773865
0.8268799781799316
0.281497985124588
0.8202729821205139
0.29210901260375977
0.8136659860610962
0.30272001028060913
0.8070589900016785
0.3133310079574585
0.8004519939422607
0.32394200563430786
0.793844997882843
0.3345530033111572
0.7871649861335754
0.34511899948120117
0.780485987663269
0.3556849956512451
0.7738059759140015
0.36625099182128906
0.7671269774436951
0.3768160045146942
0.7604479789733887
0.38738200068473816
0.7537680268287659
0.3979479968547821
0.7470890283584595
0.40851399302482605
0.7404090166091919
0.4190790057182312
0.7318249940872192
0.428166002035141
0.7232419848442078
0.4372529983520508
0.7146580219268799
0.4463390111923218
0.7060739994049072
0.45542600750923157
0.6974899768829346
0.46451300382614136
0.6889060139656067
0.47359898686408997
0.680321991443634
0.48268601298332214
0.6717380285263062
0.49177300930023193
0.6631839871406555
0.5008869767189026
0.6546300053596497
0.5100020170211792
0.6460760235786438
0.5191159844398499
0.6375219821929932
0.5282310247421265
0.6289669871330261
0.5373449921607971
0.6204130053520203
0.546459972858429
0.6118590235710144
0.5555750131607056
0.6033049821853638
0.5646889805793762
0.5947999954223633
0.5738499760627747
0.5862950086593628
0.5830109715461731
0.5777900218963623
0.5921710133552551
0.569284975528717
0.6013320088386536
0.5607799887657166
0.610493004322052
0.5522760152816772
0.6196529865264893
0.5437710285186768
0.6288139820098877
0.5352659821510315
0.6379740238189697
0.526112973690033
0.6283779740333557
