0.798524022102356
0.857463002204895
0.7912449836730957
0.8473010063171387
0.7839670181274414
0.8371379971504211
0.7766879796981812
0.8269760012626648
0.7694100141525269
0.8168140053749084
0.7621309757232666
0.8066509962081909
0.7548530101776123
0.7964890003204346
0.747573971748352
0.7863270044326782
0.7402949929237366
0.7761639952659607
0.728331983089447
0.779787003993988
0.7163689732551575
0.7834100127220154
0.7044050097465515
0.7870330214500427
0.692441999912262
0.7906559705734253
0.6804779767990112
0.7942789793014526
0.6685150265693665
0.79790198802948
0.6565510034561157
0.8015249967575073
0.6445879936218262
0.8051480054855347
0.6327599883079529
0.8011040091514587
0.6209329962730408
0.7970589995384216
0.6091060042381287
0.7930139899253845
0.5972779989242554
0.7889689803123474
0.5854510068893433
0.7849239706993103
0.57362300157547
0.780879020690918
0.5617960095405579
0.7768340110778809
0.5499680042266846
0.7727890014648438
0.538178026676178
0.768638014793396
0.5263869762420654
0.7644870281219482
0.5145969986915588
0.7603350281715393
0.5028060078620911
0.7561839818954468
0.4910160005092621
0.752032995223999
0.4792250096797943
0.7478820085525513
0.46743398904800415
0.7437300086021423
0.45564401149749756
0.7395790219306946
0.4657079875469208
0.7321649789810181
0.4757710099220276
0.7247509956359863
0.4858349859714508
0.7173359990119934
0.4958989918231964
0.7099220156669617
0.5059630274772644
0.7025079727172852
0.5160260200500488
0.6950939893722534
0.5260900259017944
0.6876800060272217
0.5361539721488953
0.6802650094032288
0.5385879874229431
0.6680039763450623
0.5410209894180298
0.6557440161705017
0.5434550046920776
0.6434829831123352
0.5458890199661255
0.6312220096588135
0.5483229756355286
0.618960976600647
0.5507569909095764
0.6067010164260864
0.5531899929046631
0.5944399833679199
0.5556240081787109
0.5821790099143982
0.5669350028038025
0.5768589973449707
0.5782470107078552
0.571537971496582
0.5895580053329468
0.5662180185317993
0.6008689999580383
0.5608969926834106
0.6121799945831299
0.5555769801139832
0.6234909892082214
0.5502560138702393
0.634801983833313
0.5449360013008118
0.6461139917373657
0.5396149754524231
0.6584039926528931
0.5373340249061584
0.6706939935684204
0.535053014755249
0.6829839944839478
0.5327720046043396
0.6952739953994751
0.5304909944534302
0.7075639963150024
0.5282109975814819
0.7198539972305298
0.5259299874305725
0.7321450114250183
0.5236489772796631
0.7444350123405457
0.5213680267333984
0.7418149709701538
0.5091450214385986
0.7391949892044067
0.4969229996204376
0.7365750074386597
0.4846999943256378
0.7339550256729126
0.4724780023097992
0.7313349843025208
0.46025601029396057
0.7287150025367737
0.44803300499916077
0.7260950207710266
0.43581101298332214
0.7234749794006348
0.42358899116516113
0.7124119997024536
0.41776901483535767
0.7013499736785889
0.4119499921798706
0.6902869939804077
0.40613099932670593
0.6792240142822266
0.40031200647354126
0.6681609749794006
0.3944920003414154
0.6570979952812195
0.38867300748825073
0.6460360288619995
0.38285401463508606
0.6349729895591736
0.3770340085029602
0.6271389722824097
0.3672940135002136
0.6193040013313293
0.35755398869514465
0.6114699840545654
0.3478130102157593
0.6036360263824463
0.3380729854106903
0.5958020091056824
0.32833200693130493
0.5879679918289185
0.31859201192855835
0.5801330208778381
0.3088519871234894
0.5722990036010742
0.299111008644104
0.5718050003051758
0.28662100434303284
0.5713109970092773
0.27413100004196167
0.5708180069923401
0.2616400122642517
0.5703240036964417
0.24914999306201935
0.5698300004005432
0.23666000366210938
0.5693359971046448
0.2241699993610382
0.5688419938087463
0.21167899668216705
0.5683479905128479
0.19918900728225708
0.5721089839935303
0.18726900219917297
0.5758709907531738
0.17534799873828888
0.5796319842338562
0.16342699527740479
0.5833929777145386
0.15150700509548187
0.5871549844741821
0.13958600163459778
0.5909159779548645
0.12766499817371368
0.5946769714355469
0.11574500054121017
0.5984389781951904
0.10382399708032608
0.5866090059280396
0.10205800086259842
0.5747789740562439
0.10029199719429016
