0.3699660003185272
0.1515820026397705
0.358256995677948
0.15595799684524536
0.3465479910373688
0.1603350043296814
0.33483898639678955
0.16471099853515625
0.3231300115585327
0.16908800601959229
0.3114219903945923
0.17346400022506714
0.29971298575401306
0.17784099280834198
0.2880040109157562
0.18221700191497803
0.276295006275177
0.18659399449825287
0.2738580107688904
0.198853999376297
0.27142098546028137
0.21111400425434113
0.26898398995399475
0.22337399423122406
0.26654601097106934
0.2356339991092682
0.2641089856624603
0.24789400398731232
0.2616719901561737
0.26015400886535645
0.2592349946498871
0.2724139988422394
0.25679799914360046
0.2846750020980835
0.26419299840927124
0.29475200176239014
0.271587997674942
0.30483001470565796
0.2789829969406128
0.3149079978466034
0.28637799620628357
0.3249860107898712
0.29377299547195435
0.33506399393081665
0.3011679947376251
0.3451420068740845
0.3085629940032959
0.3552190065383911
0.3159579932689667
0.36529698967933655
0.3265340030193329
0.37196099758148193
0.3371089994907379
0.3786259889602661
0.3476850092411041
0.3852899968624115
0.35826000571250916
0.3919540047645569
0.3688350021839142
0.39861801266670227
0.3794110119342804
0.40528199076652527
0.3899860084056854
0.41194701194763184
0.40056100487709045
0.41861099004745483
0.4071440100669861
0.4292370080947876
0.41372600197792053
0.43986400961875916
0.420307993888855
0.4504910111427307
0.42688998579978943
0.4611169993877411
0.43347299098968506
0.47174400091171265
0.4400550127029419
0.482369989156723
0.44663700461387634
0.4929969906806946
0.4532189965248108
0.5036230087280273
0.45869898796081543
0.5148590207099915
0.4641779959201813
0.5260940194129944
0.4696570038795471
0.5373290181159973
0.47513601183891296
0.5485640168190002
0.4806160032749176
0.5597990155220032
0.48609501123428345
0.5710340142250061
0.4915739893913269
0.582269012928009
0.49705299735069275
0.593504011631012
0.502485990524292
0.6047620177268982
0.5079190135002136
0.6160200238227844
0.5133510231971741
0.6272770166397095
0.5187839865684509
0.6385350227355957
0.5242170095443726
0.6497930288314819
0.529649019241333
0.6610509753227234
0.5350819826126099
0.6723080277442932
0.5405150055885315
0.6835659742355347
0.5467640161514282
0.6943920254707336
0.5530120134353638
0.7052180171012878
0.5592610239982605
0.716044008731842
0.5655099749565125
0.7268700003623962
0.571757972240448
0.7376959919929504
0.5780069828033447
0.7485229969024658
0.5842559933662415
0.75934898853302
0.590503990650177
0.7701749801635742
0.5941429734230042
0.7821329832077026
0.5977810025215149
0.7940919995307922
0.601419985294342
0.8060510158538818
0.605059027671814
0.8180090188980103
0.6086969971656799
0.8299679756164551
0.6123359799385071
0.8419269919395447
0.615975022315979
0.8538860082626343
0.619612991809845
0.8658440113067627
0.6242640018463135
0.8774470090866089
0.628915011882782
0.8890489935874939
0.6335660219192505
0.9006519913673401
0.6382169723510742
0.9122539758682251
0.6428679823875427
0.9238569736480713
0.6475189924240112
0.9354590177536011
0.6521700024604797
0.9470620155334473
0.6568210124969482
0.9586640000343323
0.6529399752616882
0.9469289779663086
0.649058997631073
0.9351930022239685
