0.48691999912261963
0.6556410193443298
0.4752820134162903
0.6602029800415039
0.46364399790763855
0.6647639870643616
0.4520060122013092
0.6693249940872192
0.44036799669265747
0.6738870143890381
0.4287300109863281
0.6784480214118958
0.4170919954776764
0.6830090284347534
0.40545400977134705
0.6875709891319275
0.3938159942626953
0.6921319961547852
0.3821980059146881
0.6875200271606445
0.3705799877643585
0.6829079985618591
0.3589619994163513
0.6782950162887573
0.3473440110683441
0.6736829876899719
0.3357259929180145
0.6690710186958313
0.3241080045700073
0.6644579768180847
0.31248998641967773
0.6598460078239441
0.30087199807167053
0.6552339792251587
0.3022859990596771
0.6428139805793762
0.3037000000476837
0.6303939819335938
0.3051140010356903
0.6179739832878113
0.3065289855003357
0.60555499792099
0.3079429864883423
0.5931349992752075
0.3093569874763489
0.580715000629425
0.31077098846435547
0.5682950019836426
0.31218498945236206
0.5558760166168213
0.306331992149353
0.5448309779167175
0.3004800081253052
0.5337849855422974
0.29462701082229614
0.5227400064468384
0.2887740135192871
0.5116950273513794
0.2829209864139557
0.5006499886512756
0.27706798911094666
0.48960500955581665
0.2712160050868988
0.4785600006580353
0.26536300778388977
0.4675149917602539
0.2761729955673218
0.4612390100955963
0.28698399662971497
0.45496299862861633
0.29779401421546936
0.44868698716163635
0.30860400199890137
0.44241100549697876
0.31941500306129456
0.4361349940299988
0.33022499084472656
0.4298590123653412
0.34103500843048096
0.4235840141773224
0.35184600949287415
0.4173080027103424
0.3627620041370392
0.4233979880809784
0.3736779987812042
0.42948898673057556
0.38459300994873047
0.43557900190353394
0.3955090045928955
0.4416689872741699
0.40642499923706055
0.4477599859237671
0.4173409938812256
0.45385000109672546
0.4282569885253906
0.45994099974632263
0.43917301297187805
0.4660309851169586
0.4463439881801605
0.4554559886455536
0.4535149931907654
0.44488099217414856
0.46068599820137024
0.43430599570274353
0.4678570032119751
0.4237309992313385
0.47502800822257996
0.41315600275993347
