0.21080799400806427
0.7029280066490173
0.2175309956073761
0.6923900246620178
0.22425399720668793
0.6818519830703735
0.23097699880599976
0.671314001083374
0.23770099878311157
0.6607760190963745
0.2444240003824234
0.6502379775047302
0.25114700198173523
0.6397010087966919
0.25786998867988586
0.6291630268096924
0.2645930051803589
0.6186249852180481
0.2615250051021576
0.6065070033073425
0.2584559917449951
0.5943899750709534
0.25538700819015503
0.5822719931602478
0.25231900811195374
0.5701550245285034
0.24924999475479126
0.5580369830131531
0.24618099629878998
0.5459200143814087
0.24311299622058868
0.5338019728660583
0.2400439977645874
0.521685004234314
0.24972400069236755
0.5137760043144226
0.2594040036201477
0.5058670043945312
0.26908400654792786
0.4979580044746399
0.2787629961967468
0.49004900455474854
0.288442999124527
0.4821400046348572
0.29812300205230713
0.4742310047149658
0.3078030049800873
0.46632200479507446
0.31748300790786743
0.4584130048751831
0.32876500487327576
0.4530330002307892
0.3400479853153229
0.44765201210975647
0.3513309955596924
0.44227200746536255
0.3626129925251007
0.43689098954200745
0.3738960027694702
0.43151000142097473
0.3851790130138397
0.4261299967765808
0.39646100997924805
0.4207490086555481
0.40774399042129517
0.415367990732193
0.41256099939346313
0.42690300941467285
0.4173780083656311
0.4384379982948303
0.4221949875354767
0.449972003698349
0.42701199650764465
0.46150699257850647
0.4318290054798126
0.47304099798202515
0.4366460144519806
0.4845759868621826
0.44146299362182617
0.4961110055446625
0.44628000259399414
0.5076450109481812
0.4505990147590637
0.5193750262260437
0.4549170136451721
0.5311059951782227
0.4592359960079193
0.5428360104560852
0.4635550081729889
0.5545660257339478
0.4678730070590973
0.5662959814071655
0.4721919894218445
0.5780270099639893
0.47651100158691406
0.5897570252418518
0.48083001375198364
0.6014869809150696
0.4844900071620941
0.6134390234947205
0.4881500005722046
0.6253910064697266
0.49180999398231506
0.6373440027236938
0.49546998739242554
0.6492959856987
0.4991300106048584
0.6612480282783508
0.5027890205383301
0.6732000112533569
0.5064489841461182
0.685151994228363
0.510109007358551
0.6971049904823303
0.5220500230789185
0.6948620080947876
0.5339909791946411
0.6926190257072449
0.5459319949150085
0.6903769969940186
0.5578719973564148
0.6881340146064758
