0.6679189801216125
0.3734019994735718
0.6795510053634644
0.37797999382019043
0.691182017326355
0.3825579881668091
0.702813982963562
0.3871360123157501
0.7144449949264526
0.3917140066623688
0.7260770201683044
0.3962920010089874
0.7377079725265503
0.4008699953556061
0.7493399977684021
0.40544798970222473
0.7609710097312927
0.41002601385116577
0.773006021976471
0.40664801001548767
0.7850409746170044
0.4032689929008484
0.7970759868621826
0.3998909890651703
0.8091099858283997
0.3965120017528534
0.8211449980735779
0.3931339979171753
0.8331800103187561
0.3897550106048584
0.8452150225639343
0.3863770067691803
0.8572499752044678
0.3829990029335022
0.845507025718689
0.378713995218277
0.8337640166282654
0.37442898750305176
0.8220210075378418
0.3701449930667877
0.8102779984474182
0.3658599853515625
0.7985360026359558
0.36157599091529846
0.7867929935455322
0.35729101300239563
0.7750499844551086
0.3530069887638092
0.7633069753646851
0.34872201085090637
0.7757850289344788
0.34947699308395386
0.7882620096206665
0.35023200511932373
0.8007389903068542
0.3509860038757324
0.813215970993042
0.3517409861087799
0.8256930112838745
0.3524959981441498
0.8381710052490234
0.35325101017951965
0.8506479859352112
0.35400500893592834
0.8631250262260437
0.35475999116897583
0.8745899796485901
0.34977999329566956
0.8860549926757812
0.3447999954223633
0.8975200057029724
0.339819997549057
0.90898597240448
0.33483999967575073
0.9204509854316711
0.32986000180244446
0.9319159984588623
0.3248800039291382
0.9433810114860535
0.3199000060558319
0.9548460245132446
0.31492000818252563
0.9444429874420166
0.30799099802970886
0.9340389966964722
0.3010619878768921
0.9236350059509277
0.2941330075263977
0.9132310152053833
0.28720399737358093
0.9028279781341553
0.28027498722076416
0.8924239873886108
0.2733460068702698
0.8820199966430664
0.266416996717453
0.8716170191764832
0.25948798656463623
0.8662570118904114
0.24819500744342804
0.8608980178833008
0.23690199851989746
0.8555390238761902
0.22560900449752808
0.8501799702644348
0.2143159955739975
0.8448209762573242
0.2030230015516281
0.8394619822502136
0.19172999262809753
0.834102988243103
0.18043699860572815
0.8287439942359924
0.16914400458335876
0.8407760262489319
0.16192999482154846
0.8528079986572266
0.15471699833869934
0.8648399710655212
0.14750300347805023
0.8768720030784607
0.1402900069952011
0.8889039754867554
0.1330759972333908
0.9009360074996948
0.1258630007505417
