0.7944849729537964
0.5818759799003601
0.7844380140304565
0.5893129706382751
0.7743909955024719
0.596750020980835
0.7643439769744873
0.60418701171875
0.7542970180511475
0.611624002456665
0.7442499995231628
0.6190609931945801
0.7342029809951782
0.6264969706535339
0.7241560220718384
0.6339340209960938
0.7141090035438538
0.6413710117340088
0.704708993434906
0.6496109962463379
0.6953089833259583
0.657850980758667
0.6859099864959717
0.6660910248756409
0.6765099763870239
0.67433100938797
0.6671109795570374
0.6825709939002991
0.6577110290527344
0.6908109784126282
0.6483110189437866
0.699051022529602
0.6389120221138
0.7072910070419312
0.6264950037002563
0.708736002445221
0.6140789985656738
0.7101799845695496
0.6016629934310913
0.7116249799728394
0.5892469882965088
0.7130690217018127
0.5768300294876099
0.7145140171051025
0.5644140243530273
0.7159579992294312
0.5519980192184448
0.717402994632721
0.5395820140838623
0.7188469767570496
0.5293800234794617
0.7260710000991821
0.5191779732704163
0.7332940101623535
0.5089769959449768
0.7405179738998413
0.49877500534057617
0.7477409839630127
0.48857399821281433
0.7549639940261841
0.4783720076084137
0.7621880173683167
0.4681699872016907
0.769411027431488
0.4579690098762512
0.7766339778900146
0.4477840065956116
0.7838820219039917
0.4375999867916107
0.791130006313324
0.42741599678993225
0.7983769774436951
0.4172309935092926
0.8056250214576721
0.40704700350761414
0.8128730058670044
0.39686301350593567
0.8201199769973755
0.386678010225296
0.8273680210113525
0.37649399042129517
0.8346160054206848
0.36399999260902405
0.8349980115890503
0.35150599479675293
0.8353800177574158
0.339011013507843
0.8357620239257812
0.3265169858932495
0.836143970489502
0.3140229880809784
0.8365259766578674
0.3015289902687073
0.8369079828262329
0.28903499245643616
0.8372899889945984
0.27654099464416504
0.8376719951629639
0.2745260000228882
0.850009024143219
0.2725119888782501
0.8623459935188293
0.27049800753593445
0.8746820092201233
0.2684830129146576
0.8870189785957336
0.26646900177001953
0.8993560075759888
0.26445499062538147
0.9116920232772827
0.2624399960041046
0.9240289926528931
0.26042601466178894
0.936365008354187
0.24804599583148956
0.9380959868431091
0.23566700518131256
0.939827024936676
0.22328700125217438
0.941556990146637
0.2109069973230362
0.9432880282402039
0.1985280066728592
0.945019006729126
0.186148002743721
0.9467489719390869
0.1737689971923828
0.9484800100326538
0.16138899326324463
0.9502109885215759
0.1519390046596527
0.9420279860496521
0.14248999953269958
0.9338449835777283
0.13303999602794647
0.9256619811058044
0.12359099835157394
0.9174799919128418
0.11414100229740143
0.909296989440918
0.1046919971704483
0.9011139869689941
0.09524250030517578
0.8929309844970703
0.08579300343990326
0.8847489953041077
0.07659240067005157
0.8767809867858887
0.06739170104265213
0.8688139915466309
0.058191098272800446
0.860846996307373
0.048990398645401
0.8528800010681152
