0.9229859709739685
0.3748970031738281
0.9136769771575928
0.3832390010356903
0.904367983341217
0.3915809988975525
0.8950579762458801
0.3999229967594147
0.8857489824295044
0.40826600790023804
0.8764399886131287
0.4166080057621002
0.8671309947967529
0.4249500036239624
0.8578220009803772
0.4332920014858246
0.8485130071640015
0.44163399934768677
0.841497004032135
0.45197901129722595
0.8344799876213074
0.46232399344444275
0.8274639844894409
0.47266900539398193
0.8204470276832581
0.48301398754119873
0.8134310245513916
0.4933589994907379
0.8064150214195251
0.5037040114402771
0.7993980050086975
0.5140489935874939
0.792382001876831
0.5243939757347107
0.7843220233917236
0.5339490175247192
0.7762619853019714
0.5435029864311218
0.7682009935379028
0.5530570149421692
0.7601410150527954
0.562611997127533
0.7520809769630432
0.5721660256385803
0.7440209984779358
0.5817199945449829
0.7359610199928284
0.5912740230560303
0.7279009819030762
0.600829005241394
0.7171220183372498
0.6071580052375793
0.7063429951667786
0.6134880185127258
0.6955639719963074
0.6198170185089111
0.684785008430481
0.6261469721794128
0.6740059852600098
0.6324769854545593
0.6632270216941833
0.6388059854507446
0.6524479985237122
0.6451359987258911
0.641668975353241
0.6514649987220764
0.6319959759712219
0.6593819856643677
0.6223229765892029
0.6672999858856201
0.6126499772071838
0.6752169728279114
0.6029769778251648
0.6831340193748474
0.5933039784431458
0.6910510063171387
0.5836309790611267
0.6989690065383911
0.5739579796791077
0.7068859934806824
0.5642849802970886
0.7148029804229736
0.5536220073699951
0.7213259935379028
0.5429589748382568
0.727849006652832
0.5322960019111633
0.7343720197677612
0.5216320157051086
0.7408949732780457
0.5109689831733704
0.7474179863929749
0.5003060102462769
0.7539399862289429
0.48964300751686096
0.7604629993438721
0.47898000478744507
0.7669860124588013
0.4690620005130768
0.7745940089225769
0.4591439962387085
0.7822020053863525
0.4492250084877014
0.7898100018501282
0.43930700421333313
0.7974179983139038
0.42938899993896484
0.8050259947776794
0.41947099566459656
0.8126339912414551
0.40955299139022827
0.8202409744262695
0.39963498711586
0.8278489708900452
0.3884109854698181
0.8223469853401184
0.37718701362609863
0.8168439865112305
0.36596301198005676
0.8113420009613037
0.3547399938106537
0.8058390021324158
0.3435159921646118
0.8003360033035278
0.33229199051856995
0.7948340177536011
0.32106900215148926
0.7893310189247131
0.3098450005054474
0.7838289737701416
0.2990570068359375
0.7901440262794495
0.2882699966430664
0.7964590191841125
0.2774820029735565
0.8027740120887756
0.2666949927806854
0.8090890049934387
0.25590699911117554
0.8154029846191406
0.24512000381946564
0.8217179775238037
0.23433199524879456
0.8280329704284668
0.22354400157928467
0.8343480229377747
0.21821799874305725
0.8230400085449219
0.21289199590682983
0.8117309808731079
0.20756599307060242
0.8004230260848999
0.2022400051355362
0.7891139984130859
0.19691400229930878
0.7778059840202332
0.19158700108528137
0.766497015953064
0.18626099824905396
0.7551890015602112
0.18093499541282654
0.7438799738883972
0.18301600217819214
0.7315549850463867
0.18509699404239655
0.719228982925415
0.18717800080776215
0.7069039940834045
0.18925899267196655
0.6945779919624329
0.19133999943733215
0.6822519898414612
0.19342100620269775
0.6699270009994507
0.19550099968910217
0.657600998878479
0.19758200645446777
0.6452760100364685
0.20160500705242157
0.6334409713745117
0.20562799274921417
0.6216059923171997
0.20964999496936798
0.6097710132598877
0.21367299556732178
0.5979359745979309
0.21769599616527557
0.5860999822616577
0.22171799838542938
0.5742650032043457
0.22574099898338318
0.5624300241470337
0.22976399958133698
0.5505949854850769
0.21940000355243683
0.5575839877128601
0.2090359926223755
0.5645729899406433
0.19867199659347534
0.5715619921684265
0.18830899894237518
0.5785509943962097
0.17794500291347504
0.5855389833450317
0.1675810068845749
0.5925279855728149
0.15721699595451355
0.5995169878005981
0.1468539983034134
0.6065059900283813
0.13608700037002563
0.5999000072479248
0.12532100081443787
0.5932940244674683
0.11455400288105011
0.5866870284080505
