0.8534209728240967
0.5366309881210327
0.8448669910430908
0.5275160074234009
0.8363140225410461
0.518401026725769
0.8277599811553955
0.5092849731445312
0.8192070126533508
0.5001699924468994
0.8106529712677002
0.4910550117492676
0.8021000027656555
0.48194000124931335
0.7935460209846497
0.47282499074935913
0.7849929928779602
0.4637089967727661
0.7725449800491333
0.46485498547554016
0.7600979804992676
0.4659999907016754
0.7476500272750854
0.46714499592781067
0.7352030277252197
0.4682910144329071
0.722756028175354
0.46943598985671997
0.7103080153465271
0.4705809950828552
0.6978610157966614
0.47172701358795166
0.6854130029678345
0.4728719890117645
0.6770269870758057
0.4636020064353943
0.6686409711837769
0.45433300733566284
0.6602550148963928
0.4450629949569702
0.651868999004364
0.43579399585723877
0.6434829831123352
0.42652401328086853
0.6350970268249512
0.4172550141811371
0.6267110109329224
0.40798500180244446
0.6183249950408936
0.398716002702713
0.6158959865570068
0.3864539861679077
0.6134660243988037
0.3741919994354248
0.611037015914917
0.3619309961795807
0.6086080074310303
0.3496690094470978
0.6061789989471436
0.3374069929122925
0.6037489771842957
0.32514598965644836
0.6013200283050537
0.31288400292396545
0.598891019821167
0.30062198638916016
0.6037889719009399
0.28912198543548584
0.6086859703063965
0.27762100100517273
0.6135839819908142
0.2661210000514984
0.6184819936752319
0.2546199858188629
0.6233800053596497
0.2431199997663498
0.6282770037651062
0.2316190004348755
0.6331750154495239
0.22011800110340118
0.6380730271339417
0.20861800014972687
0.6505680084228516
0.20893999934196472
0.6630640029907227
0.20926299691200256
0.6755599975585938
0.2095859944820404
0.6880559921264648
0.20990799367427826
0.7005519866943359
0.2102310061454773
0.713047981262207
0.21055300533771515
0.7255439758300781
0.210876002907753
0.7380390167236328
0.21119800209999084
0.7485169768333435
0.21801599860191345
0.7589939832687378
0.22483299672603607
0.7694709897041321
0.2316499948501587
0.7799479961395264
0.2384680062532425
0.7904260158538818
0.2452850043773651
0.8009030222892761
0.2521030008792877
0.8113800287246704
0.25892001390457153
0.8218579888343811
0.26573699712753296
0.8115270137786865
0.275395005941391
0.8011950254440308
0.28505200147628784
