0.892749011516571
0.16224800050258636
0.8910220265388489
0.17462800443172455
0.8892959952354431
0.18700799345970154
0.887569010257721
0.19938799738883972
0.8858420252799988
0.2117680013179779
0.884115993976593
0.22414900362491608
0.8823890089988708
0.23652899265289307
0.8806620240211487
0.24890899658203125
0.8789359927177429
0.26128900051116943
0.8769059777259827
0.273622989654541
0.874875009059906
0.285957008600235
0.8728449940681458
0.29829099774360657
0.8708149790763855
0.31062498688697815
0.86878502368927
0.3229590058326721
0.8667550086975098
0.3352929949760437
0.8647249937057495
0.34762701392173767
0.8626940250396729
0.35996100306510925
0.8601400256156921
0.3721979856491089
0.8575850129127502
0.3844340145587921
0.8550300002098083
0.39667001366615295
0.8524749875068665
0.4089060127735138
0.8499199748039246
0.42114201188087463
0.8473650217056274
0.4333780109882355
0.8448100090026855
0.4456140100955963
0.8422560095787048
0.45785000920295715
0.8373079895973206
0.4693300127983093
0.8323609828948975
0.4808090031147003
0.827413022518158
0.4922879934310913
0.8224660158157349
0.5037670135498047
0.8175179958343506
0.5152469873428345
0.8125709891319275
0.5267260074615479
0.807623028755188
0.5382050275802612
0.8026760220527649
0.5496839880943298
0.7988309860229492
0.5615779757499695
0.7949860095977783
0.5734720230102539
0.7911419868469238
0.5853660106658936
0.7872970104217529
0.5972599983215332
0.7834519743919373
0.6091539859771729
0.7796080112457275
0.6210479736328125
0.7757629752159119
0.6329429745674133
0.771917998790741
0.6448370218276978
0.7657179832458496
0.6556900143623352
0.7595170140266418
0.6665440201759338
0.7533169984817505
0.6773980259895325
0.7471160292625427
0.6882519721984863
0.7409160137176514
0.6991050243377686
0.73471599817276
0.7099589705467224
0.7285150289535522
0.720812976360321
0.7223150134086609
0.7316669821739197
0.7101290225982666
0.7344549894332886
0.6979439854621887
0.7372429966926575
0.6857590079307556
0.7400310039520264
0.6735739707946777
0.7428190112113953
0.6613889932632446
0.7456070184707642
0.6492040157318115
0.7483950257301331
0.6370189785957336
0.7511829733848572
0.6248340010643005
0.7539709806442261
0.6135619878768921
0.7485669851303101
0.6022909879684448
0.743162989616394
0.5910189747810364
0.737758994102478
0.5797479748725891
0.732354998588562
0.5684760212898254
0.726951003074646
0.5572050213813782
0.72154700756073
0.5459330081939697
0.7161419987678528
0.5346620082855225
0.7107380032539368
0.5402780175209045
0.6979849934577942
0.5458940267562866
0.6852319836616516
0.5515099763870239
0.672478973865509
0.5571249723434448
0.6597260236740112
