0.6704760193824768
0.11454399675130844
0.661749005317688
0.1234930008649826
0.6530219912528992
0.13244299590587616
0.6442949771881104
0.14139199256896973
0.6355680227279663
0.1503410041332245
0.6268410086631775
0.15929099917411804
0.6181139945983887
0.1682399958372116
0.6093869805335999
0.17718900740146637
0.6006600260734558
0.18613800406455994
0.5881929993629456
0.18522800505161285
0.5757269859313965
0.1843169927597046
0.563260018825531
0.18340599536895752
0.5507929921150208
0.18249499797821045
0.5383260250091553
0.18158400058746338
0.5258600115776062
0.1806730031967163
0.513392984867096
0.17976200580596924
0.5009260177612305
0.17885099351406097
0.4911240041255951
0.1866070032119751
0.4813210070133209
0.19436399638652802
0.47151800990104675
0.20212000608444214
0.4617159962654114
0.20987600088119507
0.4519129991531372
0.217631995677948
0.44211098551750183
0.2253890037536621
0.43230798840522766
0.23314499855041504
0.4225060045719147
0.24090099334716797
0.42935100197792053
0.23044200241565704
0.4361949861049652
0.21998299658298492
0.44304001331329346
0.209523007273674
0.4498850107192993
0.1990640014410019
0.4567300081253052
0.18860499560832977
0.46357500553131104
0.17814500629901886
0.4704200029373169
0.16768600046634674
0.47726500034332275
0.15722699463367462
0.47012099623680115
0.14697900414466858
0.4629780054092407
0.13673099875450134
0.4558340013027191
0.1264829933643341
0.4486910104751587
0.11623500287532806
0.4415479898452759
0.10598800331354141
0.4344039857387543
0.09573990106582642
0.42726099491119385
0.0854920968413353
