0.43204501271247864
0.20731599628925323
0.42896199226379395
0.21942999958992004
0.4258800148963928
0.23154400289058685
0.42279699444770813
0.24365800619125366
0.4197140038013458
0.2557719945907593
0.4166310131549835
0.2678849995136261
0.41354799270629883
0.2799989879131317
0.4104659855365753
0.2921130061149597
0.407382994890213
0.30422699451446533
0.4064300060272217
0.31669101119041443
0.40547800064086914
0.32915401458740234
0.4045250117778778
0.34161800146102905
0.40357300639152527
0.35408198833465576
0.40261998772621155
0.3665449917316437
0.4016680121421814
0.3790090084075928
0.4007149934768677
0.3914729952812195
0.39976298809051514
0.4039359986782074
0.3886600136756897
0.40967899560928345
0.37755700945854187
0.4154230058193207
0.36645498871803284
0.42116600275039673
0.3553520143032074
0.4269089996814728
0.34424999356269836
0.43265199661254883
0.33314698934555054
0.4383949935436249
0.3220439851284027
0.4441379904747009
0.31094199419021606
0.449880987405777
0.29844599962234497
0.45021799206733704
0.28595098853111267
0.4505560100078583
0.27345600724220276
0.45089301466941833
0.26096001267433167
0.4512310028076172
0.24846500158309937
0.45156800746917725
0.23596900701522827
0.4519059956073761
0.22347399592399597
0.45224300026893616
0.21097800135612488
0.452580988407135
0.20852500200271606
0.4648379981517792
0.20607200264930725
0.47709399461746216
0.20361800491809845
0.4893510043621063
0.20116500556468964
0.5016080141067505
0.19871099293231964
0.5138649940490723
0.19625799357891083
0.526121973991394
0.19380399584770203
0.5383790135383606
0.1913509964942932
0.5506359934806824
0.18820500373840332
0.562732994556427
0.18505899608135223
0.5748310089111328
0.18191400170326233
0.5869290232658386
0.17876799404621124
0.5990260243415833
0.17562200129032135
0.6111239790916443
0.17247599363327026
0.6232219934463501
0.16933000087738037
0.6353189945220947
0.16618399322032928
0.6474170088768005
0.1704079955816269
0.6591820120811462
0.1746319979429245
0.6709460020065308
0.1788569986820221
0.6827110052108765
0.1830810010433197
0.6944760084152222
0.1873050034046173
0.7062399983406067
0.19152900576591492
0.7180050015449524
0.19575299322605133
0.7297700047492981
0.19997699558734894
0.7415339946746826
0.21070200204849243
0.7479550242424011
0.22142699360847473
0.7543759942054749
0.23215200006961823
0.7607960104942322
0.24287700653076172
0.7672169804573059
0.253601998090744
0.7736380100250244
0.2643269896507263
0.7800580263137817
0.275052011013031
0.7864789962768555
0.2857770025730133
0.792900025844574
