0.4408090114593506
0.6422719955444336
0.43620800971984863
0.6538950204849243
0.4316070079803467
0.6655169725418091
0.4270060062408447
0.6771399974822998
0.42240598797798157
0.6887630224227905
0.4178049862384796
0.7003849744796753
0.41320401430130005
0.712007999420166
0.4086039960384369
0.7236300110816956
0.40400299429893494
0.7352529764175415
0.40120598673820496
0.747435986995697
0.39840900897979736
0.7596189975738525
0.3956120014190674
0.7718020081520081
0.3928149938583374
0.7839850187301636
0.3900179862976074
0.7961680293083191
0.38722100853919983
0.8083509802818298
0.38442400097846985
0.8205339908599854
0.38162699341773987
0.8327170014381409
0.36987999081611633
0.8284469842910767
0.358132004737854
0.824176013469696
0.3463839888572693
0.8199049830436707
0.33463600277900696
0.8156350255012512
0.32288798689842224
0.8113639950752258
0.3111400008201599
0.8070930242538452
0.2993929982185364
0.802823007106781
0.28764501214027405
0.7985519766807556
0.2780280113220215
0.8065379858016968
0.2684119939804077
0.8145239949226379
0.25879499316215515
0.8225089907646179
0.24917900562286377
0.8304949998855591
0.2395620048046112
0.8384810090065002
0.22994600236415863
0.8464670181274414
0.22032900154590607
0.8544520139694214
0.2107129991054535
0.8624380230903625
0.204257994890213
0.8517339825630188
0.19780300557613373
0.8410289883613586
0.19134800136089325
0.8303250074386597
0.18489299714565277
0.8196210265159607
0.1784379929304123
0.8089159727096558
0.171983003616333
0.7982119917869568
0.16552799940109253
0.7875069975852966
0.15907299518585205
0.7768030166625977
0.16833600401878357
0.768409013748169
0.1775979995727539
0.7600150108337402
0.18685999512672424
0.7516199946403503
0.19612200558185577
0.7432259917259216
0.2053840011358261
0.7348319888114929
0.21464599668979645
0.726436972618103
0.22390800714492798
0.7180430293083191
0.23317000269889832
0.7096490263938904
0.22929899394512177
0.6977630257606506
0.22542700171470642
0.6858779788017273
0.22155599296092987
0.6739929914474487
0.21768499910831451
0.662106990814209
0.21381300687789917
0.6502220034599304
0.20994199812412262
0.6383360028266907
0.20607100427150726
0.6264510154724121
0.20219899713993073
0.6145660281181335
0.20396600663661957
0.6021909713745117
0.2057339996099472
0.5898169875144958
0.20750099420547485
0.5774419903755188
0.2092680037021637
0.5650680065155029
0.21103499829769135
0.5526930093765259
0.212801992893219
0.54031902551651
0.21457000076770782
0.5279449820518494
0.21633699536323547
0.5155699849128723
0.2217250019311905
0.5042909979820251
0.22711199522018433
0.4930109977722168
0.23250000178813934
0.48173201084136963
0.23788699507713318
0.4704529941082001
0.2432750016450882
0.4591729938983917
0.24866299331188202
0.44789400696754456
0.25404998660087585
0.436614990234375
0.25943800806999207
0.42533499002456665
0.24797900021076202
0.42034101486206055
0.23652000725269318
0.4153459966182709
0.22506199777126312
0.4103510081768036
0.21360300481319427
0.4053570032119751
0.20214399695396423
0.4003620147705078
0.19068500399589539
0.39536699652671814
0.17922699451446533
0.39037299156188965
0.16776800155639648
0.38537800312042236
0.16435399651527405
0.3733530044555664
0.16093899309635162
0.36132898926734924
0.15752500295639038
0.3493039906024933
0.15411099791526794
0.33727899193763733
0.1506969928741455
0.32525500655174255
0.14728200435638428
0.3132300078868866
0.14386799931526184
0.30120500922203064
0.1404539942741394
0.2891809940338135
0.13699999451637268
0.2770160138607025
0.13354599475860596
0.26485100388526917
0.13009199500083923
0.2526859939098358
0.1266379952430725
0.24052099883556366
