0.18030500411987305
0.1135689988732338
0.18944500386714935
0.12209700047969818
0.19858500361442566
0.13062399625778198
0.20772500336170197
0.13915100693702698
0.21686500310897827
0.14767800271511078
0.22600500285625458
0.15620499849319458
0.23514500260353088
0.16473199427127838
0.2442840039730072
0.17325900495052338
0.2534239888191223
0.18178600072860718
0.2461549937725067
0.19195500016212463
0.23888500034809113
0.2021239995956421
0.23161500692367554
0.21229200065135956
0.22434499859809875
0.22246100008487701
0.21707600355148315
0.23262900114059448
0.20980599522590637
0.24279800057411194
0.20253600180149078
0.2529670000076294
0.195265993475914
0.26313498616218567
0.19203899800777435
0.27521198987960815
0.1888120025396347
0.28728801012039185
0.18558500707149506
0.29936400055885315
0.1823579967021942
0.31143999099731445
0.17913100123405457
0.32351699471473694
0.17590400576591492
0.33559298515319824
0.17267699539661407
0.34766900539398193
0.16944999992847443
0.35974499583244324
0.17665700614452362
0.3699580132961273
0.18386399745941162
0.380171000957489
0.1910720020532608
0.3903839886188507
0.1982789933681488
0.4005979895591736
0.205485999584198
0.41081100702285767
0.2126930058002472
0.42102399468421936
0.2198999971151352
0.43123701214790344
0.22710800170898438
0.44144999980926514
0.2303829938173294
0.4535129964351654
0.23365800082683563
0.4655759930610657
0.23693299293518066
0.4776400029659271
0.2402070015668869
0.4897029995918274
0.24348199367523193
0.50176602602005
0.24675700068473816
0.5138300061225891
0.2500320076942444
0.525892972946167
0.2533070147037506
0.5379570126533508
0.25309398770332336
0.5504549741744995
0.2528800070285797
0.562952995300293
0.25266599655151367
0.5754510164260864
0.25245198607444763
0.5879489779472351
0.2522389888763428
0.6004469990730286
0.2520250082015991
0.6129459738731384
0.2518109977245331
0.6254439949989319
0.25159698724746704
0.6379420161247253
0.2630690038204193
0.6429070234298706
0.2745409905910492
0.6478719711303711
0.2860119938850403
0.6528369784355164
0.29748401045799255
0.6578019857406616
0.30895599722862244
0.6627669930458069
0.3204270005226135
0.667730987071991
0.3318989872932434
0.6726959943771362
0.3433710038661957
0.6776610016822815
0.33625099062919617
0.6879349946975708
0.32913100719451904
0.6982089877128601
0.32201099395751953
0.7084839940071106
0.3148910105228424
0.7187579870223999
0.3077709972858429
0.7290319800376892
0.30065101385116577
0.7393059730529785
0.29353100061416626
0.7495800256729126
0.28641098737716675
0.7598540186882019
0.28828299045562744
0.7722129821777344
0.29015401005744934
0.7845720052719116
0.29202601313591003
0.7969310283660889
0.29389700293540955
0.8092899918556213
0.29576799273490906
0.8216500282287598
0.29763999581336975
0.8340089917182922
0.29951098561286926
0.8463680148124695
0.30138298869132996
0.858726978302002
0.2877030074596405
0.8612549901008606
0.27402400970458984
0.8637840151786804
0.2603450119495392
0.8663120269775391
0.24666599929332733
0.8688399791717529
0.23298600316047668
0.8713690042495728
0.21930700540542603
0.8738970160484314
