0.4297559857368469
0.4727199971675873
0.4319060146808624
0.4850339889526367
0.43405601382255554
0.49734699726104736
0.43620601296424866
0.5096610188484192
0.4383549988269806
0.5219749808311462
0.4405049979686737
0.5342890024185181
0.4426549971103668
0.5466020107269287
0.44480499625205994
0.5589159727096558
0.44695499539375305
0.5712299942970276
0.444705992937088
0.5835260152816772
0.44245800375938416
0.5958219766616821
0.4402090013027191
0.6081179976463318
0.43796101212501526
0.6204140186309814
0.4357120096683502
0.6327099800109863
0.4334630072116852
0.645006000995636
0.43121498823165894
0.6573020219802856
0.4289659857749939
0.6695989966392517
0.4267669916152954
0.6819040179252625
0.4245690107345581
0.6942089796066284
0.42236998677253723
0.7065140008926392
0.42017099261283875
0.7188190221786499
0.41797199845314026
0.7311239838600159
0.41577398777008057
0.7434290051460266
0.4135749936103821
0.7557340264320374
0.4113759994506836
0.7680389881134033
0.40972599387168884
0.780430018901825
0.4080759882926941
0.7928209900856018
0.40642601251602173
0.8052110075950623
0.404776006937027
0.8176019787788391
0.4031260013580322
0.8299919962882996
0.4014759957790375
0.8423830270767212
0.3998259902000427
0.854773998260498
0.39817601442337036
0.8671640157699585
0.38649100065231323
0.8716040253639221
0.3748059868812561
0.876043975353241
0.36312100291252136
0.8804829716682434
0.35143598914146423
0.884922981262207
0.3397510051727295
0.8893619775772095
0.32806599140167236
0.8938019871711731
0.3163810074329376
0.8982419967651367
0.3046959936618805
0.9026809930801392
0.29301100969314575
0.9071210026741028
0.2813259959220886
0.9115610122680664
0.2696410119533539
0.9160000085830688
0.25795501470565796
0.9204400181770325
0.24627000093460083
0.9248800277709961
0.2345850020647049
0.9293190240859985
0.22290000319480896
0.9337589740753174
0.21121500432491302
0.938198983669281
0.2004140019416809
0.9423019886016846
