0.8268300294876099
0.5359249711036682
0.827875018119812
0.5234689712524414
0.8289200067520142
0.5110129714012146
0.8299649953842163
0.4985570013523102
0.8310099840164185
0.4860999882221222
0.8320559859275818
0.4736439883708954
0.8331009745597839
0.4611879885196686
0.8341460227966309
0.4487319886684418
0.835191011428833
0.43627598881721497
0.828918993473053
0.4254629909992218
0.8226460218429565
0.4146510064601898
0.8163729906082153
0.40383899211883545
0.8101009726524353
0.3930259943008423
0.8038280010223389
0.3822140097618103
0.7975559830665588
0.37140199542045593
0.7912830114364624
0.36059001088142395
0.7850109934806824
0.3497770130634308
0.7737360000610352
0.3443790078163147
0.7624620199203491
0.3389810025691986
0.7511879801750183
0.3335829973220825
0.7399129867553711
0.32818499207496643
0.7286390066146851
0.32278698682785034
0.717365026473999
0.31738901138305664
0.706089973449707
0.31199100613594055
0.694815993309021
0.30659300088882446
0.7063760161399841
0.3018389940261841
0.7179369926452637
0.2970849871635437
0.729498028755188
0.2923310101032257
0.7410579919815063
0.2875770032405853
0.7526190280914307
0.28282299637794495
0.7641800045967102
0.27806898951530457
0.7757400274276733
0.2733150124549866
0.7873010039329529
0.2685610055923462
0.7931600213050842
0.2558329999446869
0.799019992351532
0.24310599267482758
0.8048790097236633
0.23037900030612946
0.8107380270957947
0.21765199303627014
0.8165979981422424
0.20492500066757202
