0.6701329946517944
0.39553898572921753
0.6700800061225891
0.40803900361061096
0.6700279712677002
0.420538991689682
0.6699749827384949
0.43303900957107544
0.6699230074882507
0.4455389976501465
0.6698700189590454
0.45803898572921753
0.6698179841041565
0.47053900361061096
0.6697649955749512
0.483038991689682
0.669713020324707
0.49553799629211426
0.6706950068473816
0.5080000162124634
0.6716769933700562
0.5204610228538513
0.6726580262184143
0.5329229831695557
0.6736400127410889
0.5453839898109436
0.6746219992637634
0.5578449964523315
0.675603985786438
0.5703070163726807
0.6765859723091125
0.5827680230140686
0.6775670051574707
0.595229983329773
0.6785600185394287
0.6076899766921997
0.6795529723167419
0.6201509833335876
0.6805449724197388
0.6326109766960144
0.6815379858016968
0.6450719833374023
0.6825299859046936
0.6575319766998291
0.6835229992866516
0.669992983341217
0.6845149993896484
0.6824529767036438
0.6855080127716064
0.6949139833450317
0.6855369806289673
0.7074139714241028
0.6855670213699341
0.7199140191078186
0.6855970025062561
0.7324140071868896
0.6856269836425781
0.7449139952659607
0.6856570243835449
0.7574139833450317
0.6856870055198669
0.7699139714241028
0.685716986656189
0.7824140191078186
0.6857470273971558
0.7949140071868896
0.6863129734992981
0.8074010014533997
0.6868789792060852
0.8198879957199097
0.6874459981918335
0.8323749899864197
0.6880120038986206
0.8448619842529297
0.6885780096054077
0.8573489785194397
0.689145028591156
0.8698369860649109
0.6897109746932983
0.8823239803314209
0.6902769804000854
0.8948109745979309
0.6917369961738586
0.8821449875831604
