0.40352100133895874
0.3985069990158081
0.4016520082950592
0.41086599230766296
0.39978399872779846
0.423225998878479
0.3979150056838989
0.43558600544929504
0.3960469961166382
0.4479449987411499
0.39417898654937744
0.46030500531196594
0.3923099935054779
0.4726639986038208
0.39044201374053955
0.48502400517463684
0.3885740041732788
0.4973840117454529
0.376132994890213
0.4961720108985901
0.3636910021305084
0.4949600100517273
0.3512499928474426
0.4937480092048645
0.3388090133666992
0.4925360083580017
0.3263680040836334
0.4913240075111389
0.3139269948005676
0.4901129901409149
0.30148598551750183
0.4889009892940521
0.2890450060367584
0.48768898844718933
0.27811199426651
0.4816280007362366
0.2671799957752228
0.4755670130252838
0.25624799728393555
0.46950599551200867
0.24531599879264832
0.4634450078010559
0.2343830019235611
0.45738399028778076
0.22345100343227386
0.451323002576828
0.21251900494098663
0.44526201486587524
0.20158599317073822
0.4392009973526001
0.213795006275177
0.43651801347732544
0.2260040044784546
0.4338339865207672
0.2382120043039322
0.43115100264549255
0.2504209876060486
0.4284679889678955
0.2626290023326874
0.42578399181365967
0.27483800053596497
0.423101007938385
0.28704699873924255
0.42041799426078796
0.29925501346588135
0.4177339971065521
0.30135300755500793
0.4054110050201416
0.30344998836517334
0.3930889964103699
0.3055480122566223
0.38076600432395935
0.3076449930667877
0.36844301223754883
0.3097429871559143
0.3561199903488159
0.3118410110473633
0.3437980115413666
0.3139379918575287
0.33147498965263367
0.3160359859466553
0.31915199756622314
0.3145659863948822
0.3067390024662018
0.3130970001220703
0.2943260073661804
0.31162700057029724
0.2819119989871979
0.31015700101852417
0.2694990038871765
0.3086880147457123
0.25708600878715515
0.3072179853916168
0.2446720004081726
0.30574899911880493
0.23225900530815125
0.30427899956703186
0.2198459953069687
0.3154299855232239
0.21419699490070343
0.3265810012817383
0.20854899287223816
0.3377330005168915
0.20290100574493408
0.3488839864730835
0.1972530037164688
0.3600350022315979
0.19160400331020355
0.3711859881877899
0.18595600128173828
0.3823370039463043
0.180307999253273
0.39348798990249634
0.17465999722480774
0.405254989862442
0.17044200003147125
0.4170219898223877
0.16622400283813477
0.4287889897823334
0.16200700402259827
0.44055598974227905
0.15778900682926178
0.45232298970222473
0.1535719931125641
0.4640899896621704
0.1493539959192276
0.4758569896221161
0.1451359987258911
0.48762398958206177
0.14091899991035461
0.49577999114990234
0.15039199590682983
0.5039349794387817
0.15986399352550507
0.5120909810066223
0.16933700442314148
0.5202469825744629
0.1788100004196167
0.5284019708633423
0.18828299641609192
0.5365579724311829
0.19775600731372833
0.5447139739990234
0.20722900331020355
0.5528690218925476
0.21670199930667877
0.5641530156135559
0.22208000719547272
0.5754370093345642
0.22745899856090546
0.5867199897766113
0.2328370064496994
0.5980039834976196
0.23821599781513214
0.6092879772186279
0.2435940057039261
0.6205710172653198
0.24897299706935883
0.6318550109863281
0.2543509900569916
0.6431390047073364
0.2597300112247467
0.6456320285797119
0.2719790041446686
0.6481249928474426
0.28422701358795166
0.6506180167198181
0.29647600650787354
0.65311199426651
0.3087249994277954
0.6556050181388855
0.3209739923477173
0.6580979824066162
0.33322298526763916
0.6605910062789917
0.34547099471092224
0.6630849838256836
0.3577199876308441
0.66389000415802
0.3701939880847931
0.6646950244903564
0.38266798853874207
0.6654999852180481
0.39514198899269104
0.6663050055503845
0.4076170027256012
0.667110025882721
0.42009100317955017
0.6679139733314514
0.43256500363349915
0.6687189936637878
0.4450390040874481
0.6695240139961243
0.4575130045413971
0.674589991569519
0.46893998980522156
0.6796550154685974
0.4803679883480072
0.6847209930419922
0.49179598689079285
0.689786970615387
0.5032230019569397
0.6948519945144653
0.5146510004997253
0.6999179720878601
0.5260779857635498
0.7049829959869385
0.5375059843063354
0.7100489735603333
0.5489339828491211
0.7140079736709595
0.5607900023460388
0.7179679870605469
0.5726460218429565
0.7219280004501343
0.5845019817352295
0.7258880138397217
0.5963590145111084
0.7298470139503479
0.6082149744033813
0.7338070273399353
0.6200709939002991
0.7377669811248779
0.6319270133972168
0.7417269945144653
0.6437839865684509
0.7471250295639038
0.6550580263137817
0.7525230050086975
0.6663320064544678
0.7579209804534912
0.677606999874115
0.7633190155029297
0.688880980014801
0.7687169909477234
0.7001550197601318
0.7741150259971619
0.711430013179779
0.7795130014419556
0.7227039933204651
0.7849109768867493
0.7339779734611511
0.7892169952392578
0.7457129955291748
0.7935230135917664
0.7574480175971985
0.7978280186653137
0.7691829800605774
0.8021339774131775
0.7809180021286011
0.806439995765686
0.7926530241966248
0.8107450008392334
0.8043889999389648
0.8150510191917419
0.8161240220069885
0.8193569779396057
0.8278589844703674
0.8251659870147705
0.8389260172843933
0.8309760093688965
0.8499940037727356
0.8367859721183777
0.8610619902610779
0.8425949811935425
0.8721299767494202
0.8484050035476685
0.8831980228424072
0.8542150259017944
0.8942660093307495
0.8600239753723145
0.9053339958190918
0.8658339977264404
0.9164019823074341
0.874055027961731
0.9116230010986328
0.8822759985923767
0.9068440198898315
