0.533810019493103
0.7572839856147766
0.5463100075721741
0.7571650147438049
0.5588089823722839
0.7570459842681885
0.571308970451355
0.756928026676178
0.5838080048561096
0.7568089962005615
0.5963079929351807
0.7566909790039062
0.6088070273399353
0.7565720081329346
0.6213070154190063
0.7564539909362793
0.6338059902191162
0.7563350200653076
0.6462889909744263
0.7556890249252319
0.6587730050086975
0.7550430297851562
0.6712560057640076
0.7543969750404358
0.6837390065193176
0.7537509799003601
0.6962220072746277
0.7531049847602844
0.7087060213088989
0.7524600028991699
0.721189022064209
0.7518140077590942
0.733672022819519
0.7511680126190186
0.7315239906311035
0.7388539910316467
0.7293760180473328
0.7265400290489197
0.7272279858589172
0.7142260074615479
0.7250800132751465
0.701911985874176
0.722931981086731
0.689598023891449
0.720782995223999
0.6772840023040771
0.7186350226402283
0.6649690270423889
0.7164869904518127
0.6526550054550171
0.7167819738388062
0.640159010887146
0.7170770168304443
0.6276620030403137
0.7173730134963989
0.6151660084724426
0.7176679968833923
0.6026690006256104
0.7179629802703857
0.5901730060577393
0.7182580232620239
0.577675998210907
0.7185530066490173
0.5651800036430359
0.7188479900360107
0.5526829957962036
0.7187240123748779
0.5401840209960938
0.7185999751091003
0.5276849865913391
0.7184759974479675
0.5151849985122681
0.7183520197868347
0.5026860237121582
0.7182279825210571
0.49018600583076477
0.7181040048599243
0.4776870012283325
0.7179800271987915
0.46518799662590027
0.7178559899330139
0.4526880085468292
0.7297210097312927
0.44875600934028625
0.7415869832038879
0.4448229968547821
0.7534520030021667
0.44089099764823914
0.7653170228004456
0.436957985162735
0.7771829962730408
0.4330250024795532
0.7890480160713196
0.42909300327301025
0.8009129762649536
0.4251599907875061
0.8127779960632324
0.42122799158096313
0.8007739782333374
0.4177420139312744
0.7887700200080872
0.4142569899559021
0.7767660021781921
0.4107710123062134
0.7647619843482971
0.40728598833084106
0.7527570128440857
0.40380001068115234
0.7407529950141907
0.40031498670578003
0.7287489771842957
0.3968290090560913
0.7167450189590454
0.3933430016040802
0.7172390222549438
0.38085299730300903
0.7177330255508423
0.36836299300193787
0.7182270288467407
0.3558729887008667
0.7187219858169556
0.3433830142021179
0.719215989112854
0.33089199662208557
0.7197099924087524
0.3184019923210144
0.7202039957046509
0.30591198801994324
0.7206979990005493
0.29342201352119446
0.7197650074958801
0.2809560000896454
0.7188320159912109
0.2684909999370575
0.7178990244865417
0.2560259997844696
0.7169659733772278
0.2435609996318817
0.7160329818725586
0.23109599947929382
0.7151010036468506
0.21863099932670593
0.7141680121421814
0.20616599917411804
0.7132350206375122
0.19370099902153015
0.7142369747161865
0.17972399294376373
0.7152400016784668
0.1657480001449585
0.7162430286407471
0.15177200734615326
0.7172459959983826
0.13779599964618683
