0.42567500472068787
0.4347519874572754
0.435696005821228
0.4422230124473572
0.445717990398407
0.4496940076351166
0.45573899149894714
0.457165002822876
0.4657610058784485
0.4646359980106354
0.47578200697898865
0.47210800647735596
0.4858039915561676
0.47957900166511536
0.49582600593566895
0.48704999685287476
0.5058469772338867
0.49452099204063416
0.5165889859199524
0.5009130239486694
0.5273320078849792
0.5073040127754211
0.5380740165710449
0.513696014881134
0.5488160252571106
0.5200870037078857
0.5595589876174927
0.5264790058135986
0.5703009963035583
0.5328699946403503
0.581043004989624
0.5392619967460632
0.5917860269546509
0.5456539988517761
0.6005330085754395
0.556052029132843
0.609279990196228
0.5664499998092651
0.6180279850959778
0.5768479704856873
