0.5941870212554932
0.2780880033969879
0.581745982170105
0.2792989909648895
0.5693050026893616
0.2805100083351135
0.5568640232086182
0.28172099590301514
0.54442298412323
0.28293201327323914
0.5319809913635254
0.28414300084114075
0.519540011882782
0.28535398840904236
0.5070989727973938
0.28656500577926636
0.4946579933166504
0.28777599334716797
0.4825519919395447
0.2846600115299225
0.47044700384140015
0.2815450131893158
0.45834100246429443
0.2784300148487091
0.4462360143661499
0.27531400322914124
0.4341300129890442
0.27219900488853455
0.4220240116119385
0.26908400654792786
0.40991899371147156
0.26596799492836
0.39781299233436584
0.2628529965877533
0.40395501255989075
0.2519659996032715
0.41009700298309326
0.24107900261878967
0.416238009929657
0.23019100725650787
0.4223800003528595
0.21930399537086487
0.4285210072994232
0.20841699838638306
0.43466299772262573
0.19753000140190125
0.44080400466918945
0.18664300441741943
0.44694599509239197
0.17575600743293762
0.45370998978614807
0.16376499831676483
0.46047401428222656
0.15177500247955322
0.46723800897598267
0.1397850066423416
0.4740009903907776
0.1277949959039688
