0.4203310012817383
0.05671659857034683
0.4218280017375946
0.06912659853696823
0.4233259856700897
0.08153659850358963
0.42482298612594604
0.09394659847021103
0.42631998658180237
0.10635700076818466
0.4278180003166199
0.11876700073480606
0.4293150007724762
0.13117699325084686
0.4308130145072937
0.14358699321746826
0.43230998516082764
0.15599599480628967
0.434332013130188
0.16833199560642242
0.43635401129722595
0.1806669980287552
0.4383760094642639
0.19300299882888794
0.4403980076313019
0.2053380012512207
0.44242000579833984
0.21767300367355347
0.4444420039653778
0.23000900447368622
0.44646400213241577
0.24234400689601898
0.44848600029945374
0.25468000769615173
0.450533002614975
0.26701098680496216
0.4525800049304962
0.27934199571609497
0.45462700724601746
0.2916730046272278
0.4566749930381775
0.3040040135383606
0.45872199535369873
0.3163360059261322
0.46076899766921997
0.328667014837265
0.4628170132637024
0.34099799394607544
0.46486398577690125
0.35332900285720825
0.477649986743927
0.3578599989414215
0.49043700098991394
0.36239099502563477
0.5032230019569397
0.366921991109848
0.5160099864006042
0.3714529871940613
0.5287960171699524
0.3759840130805969
