0.22380700707435608
0.2718049883842468
0.23570600152015686
0.2756330072879791
0.24760499596595764
0.27946099638938904
0.2595050036907196
0.28328999876976013
0.2714039981365204
0.28711798787117004
0.28330400586128235
0.29094600677490234
0.29520300030708313
0.29477399587631226
0.3071019947528839
0.29860201478004456
0.3190020024776459
0.30243098735809326
0.32132598757743835
0.2901490032672882
0.3236500024795532
0.277866005897522
0.3259739875793457
0.26558399200439453
0.32829800248146057
0.2533020079135895
0.33062198758125305
0.24101999402046204
0.3329460024833679
0.2287379950284958
0.3352690041065216
0.21645599603652954
0.3375929892063141
0.2041739970445633
0.346574991941452
0.19548000395298004
0.35555601119995117
0.1867859959602356
0.36453700065612793
0.17809200286865234
0.3735179901123047
0.1693979948759079
0.3824999928474426
0.16070300340652466
0.3914810121059418
0.1520089954137802
0.40046200156211853
0.14331500232219696
0.4094429910182953
0.13462099432945251
0.4141579866409302
0.14619800448417664
0.41887301206588745
0.15777400135993958
0.42358800768852234
0.1693509966135025
0.4283030033111572
0.18092800676822662
0.4330179989337921
0.19250500202178955
0.437732994556427
0.2040809988975525
0.4424479901790619
0.21565799415111542
0.447162002325058
0.22723500430583954
0.45492100715637207
0.23703500628471375
0.462678998708725
0.24683600664138794
0.47043800354003906
0.25663700699806213
0.47819599509239197
0.26643800735473633
0.4859539866447449
0.2762390077114105
0.49371299147605896
0.2860400080680847
0.5014709830284119
0.2958410084247589
0.5092300176620483
0.3056420087814331
0.5153679847717285
0.3165310025215149
0.5215060114860535
0.3274199962615967
0.5276449918746948
0.33830899000167847
0.5337830185890198
0.34919801354408264
0.5399219989776611
0.36008599400520325
0.5460600256919861
0.37097498774528503
0.5521990060806274
0.3818640112876892
0.5583369731903076
0.392753005027771
0.5649319887161255
0.40337198972702026
0.5715259909629822
0.4139910042285919
0.5781199932098389
0.4246099889278412
0.5847150087356567
0.43522900342941284
0.5913090109825134
0.4458490014076233
0.5979040265083313
0.45646798610687256
0.604498028755188
0.4670870006084442
0.6110919713973999
0.4777059853076935
0.6233199834823608
0.48030000925064087
0.6355479955673218
0.48289400339126587
0.6477760076522827
0.48548799753189087
0.6600040197372437
0.48808199167251587
0.6722319722175598
0.49067598581314087
0.6844599843025208
0.49327099323272705
0.6966869831085205
0.49586498737335205
0.7089149951934814
0.49845901131629944
0.7213659882545471
0.49956798553466797
0.7338169813156128
0.5006769895553589
0.7462670207023621
0.5017859935760498
0.7587180137634277
0.5028939843177795
0.7711690068244934
0.5040029883384705
0.7836199998855591
0.5051119923591614
0.7960699796676636
0.5062209963798523
0.8085209727287292
0.5073300004005432
0.8179090023040771
0.5155829787254333
0.8272969722747803
0.5238369703292847
0.8366850018501282
0.5320900082588196
0.8460720181465149
0.5403429865837097
0.855459988117218
0.548596978187561
0.8648480176925659
0.556850016117096
0.874235987663269
0.5651029944419861
0.8836240172386169
0.5733569860458374
0.8833320140838623
0.5872039794921875
0.8830410242080688
0.6010509729385376
0.8827490210533142
0.6148980259895325
0.882457971572876
0.6287450194358826
0.8821669816970825
0.6425920128822327
