0.3162260055541992
0.6439800262451172
0.30839499831199646
0.6342369914054871
0.3005639910697937
0.6244940161705017
0.29273301362991333
0.6147509813308716
0.28490200638771057
0.6050080060958862
0.2770709991455078
0.5952649712562561
0.26923999190330505
0.5855230093002319
0.2614090144634247
0.5757799744606018
0.2535780072212219
0.5660369992256165
0.25387901067733765
0.5535399913787842
0.25418099761009216
0.5410439968109131
0.2544820010662079
0.528548002243042
0.2547830045223236
0.5160509943962097
0.2550849914550781
0.5035549998283386
0.25538599491119385
0.49105799198150635
0.25568699836730957
0.47856199741363525
0.2559889853000641
0.46606600284576416
0.2666740119457245
0.4595789909362793
0.2773590087890625
0.4530929923057556
0.2880449891090393
0.44660601019859314
0.2987299859523773
0.44012001156806946
0.3094150125980377
0.4336329996585846
0.3201009929180145
0.4271470010280609
0.33078598976135254
0.42066100239753723
0.34147098660469055
0.41417399048805237
0.3460890054702759
0.40255799889564514
0.3507069945335388
0.3909429907798767
0.35532501339912415
0.3793269991874695
0.3599430024623871
0.36771100759506226
0.36456099152565
0.3560959994792938
0.36917901039123535
0.3444800078868866
0.3737969994544983
0.332863986492157
0.37841498851776123
0.32124900817871094
0.3772140145301819
0.30880698561668396
0.37601199746131897
0.2963640093803406
0.37481099367141724
0.2839219868183136
0.3736090064048767
0.271479994058609
0.3724069893360138
0.2590380012989044
0.37120598554611206
0.24659599363803864
0.37000399827957153
0.23415400087833405
0.3688029944896698
0.22171199321746826
0.36775699257850647
0.21088799834251404
0.3667120039463043
0.20006300508975983
