0.5780310034751892
0.06234690174460411
0.5766980051994324
0.07477570325136185
0.5753650069236755
0.08720439672470093
0.5740330219268799
0.09963320195674896
0.572700023651123
0.1120619997382164
0.5713670253753662
0.12449099868535995
0.5700349807739258
0.13691900670528412
0.568701982498169
0.14934800565242767
0.5673699975013733
0.16177700459957123
0.5659840106964111
0.17419999837875366
0.564598023891449
0.1866230070590973
0.563211977481842
0.19904600083827972
0.5618259906768799
0.21146899461746216
0.5604400038719177
0.2238920032978058
0.5590540170669556
0.23631499707698822
0.5576679706573486
0.24873700737953186
0.5562809705734253
0.2611599862575531
0.5547149777412415
0.2735620141029358
0.5531479716300964
0.2859629988670349
0.5515810251235962
0.2983649969100952
0.5500149726867676
0.3107660114765167
0.5484480261802673
0.323168009519577
0.5468810200691223
0.33556899428367615
0.5453150272369385
0.34797000885009766
0.5437480211257935
0.36037200689315796
0.5421540141105652
0.3727700114250183
0.5405610203742981
0.3851679861545563
0.5389670133590698
0.3975659906864166
0.5373740196228027
0.409963995218277
0.5357800126075745
0.42236199975013733
0.5341870188713074
0.4347600042819977
0.5325930118560791
0.44715800881385803
0.531000018119812
0.4595560133457184
0.5212550163269043
0.46752598881721497
0.5115090012550354
0.4754970073699951
0.5017639994621277
0.4834670126438141
0.49201899766921997
0.49143800139427185
0.48227399587631226
0.4994089901447296
