0.3952670097351074
0.34166601300239563
0.38605600595474243
0.3501160144805908
0.37684398889541626
0.35856500267982483
0.3676320016384125
0.36701500415802
0.3584200143814087
0.37546399235725403
0.3492090106010437
0.3839139938354492
0.33999699354171753
0.3923630118370056
0.33078500628471375
0.4008130133152008
0.32157400250434875
0.4092620015144348
0.30999401211738586
0.4139699935913086
0.29841500520706177
0.4186779856681824
0.2868350148200989
0.42338600754737854
0.2752560079097748
0.4280939996242523
0.2636759877204895
0.4328019917011261
0.2520970106124878
0.43751001358032227
0.2405170053243637
0.44221800565719604
0.2289379984140396
0.4469259977340698
0.22397899627685547
0.43545201420783997
0.21901999413967133
0.42397698760032654
0.21406100690364838
0.4125030040740967
0.20910300314426422
0.40102899074554443
0.20414400100708008
0.3895539939403534
0.19918499886989594
0.37808001041412354
0.19422699511051178
0.3666059970855713
0.18926799297332764
0.35513100028038025
0.17873400449752808
0.3484019935131073
0.16820000112056732
0.34167298674583435
0.15766499936580658
0.3349440097808838
0.14713099598884583
0.32821500301361084
0.13659699261188507
0.3214859962463379
0.1260630041360855
0.31475698947906494
0.11552800238132477
0.3080280125141144
0.10499399900436401
0.30129900574684143
0.11595600098371506
0.2952919900417328
0.1269180029630661
0.28928500413894653
0.13787999749183655
0.2832770049571991
0.1488420069217682
0.27726998925209045
0.15980400145053864
0.2712630033493042
0.17076599597930908
0.26525598764419556
0.18172800540924072
0.2592490017414093
0.19268999993801117
0.25324198603630066
0.20389899611473083
0.2477090060710907
0.2151080071926117
0.24217699468135834
0.22631600499153137
0.23664399981498718
0.23752500116825104
0.23111200332641602
0.2487339973449707
0.22557899355888367
0.25994300842285156
0.2200469970703125
0.27115198969841003
0.21451400220394135
0.2823610007762909
0.20898200571537018
0.2928999960422516
0.20226000249385834
0.3034389913082123
0.1955379992723465
0.313977986574173
0.18881699442863464
0.32451701164245605
0.182095006108284
0.33505600690841675
0.17537300288677216
0.34559500217437744
0.1686519980430603
0.35613399744033813
0.16192999482154846
0.36667299270629883
0.15520800650119781
