0.6636250019073486
0.1793619990348816
0.6663119792938232
0.1915690004825592
0.6689990162849426
0.2037770003080368
0.6716859936714172
0.2159850001335144
0.6743729710578918
0.228192999958992
0.6770600080490112
0.2404009997844696
0.6797469854354858
0.2526080012321472
0.6824340224266052
0.2648159861564636
0.6851209998130798
0.2770240008831024
0.692816972732544
0.26686298847198486
0.7005130052566528
0.2567029893398285
0.7082099914550781
0.2465430051088333
0.715906023979187
0.23638199269771576
0.7236019968986511
0.2262219935655594
