0.4473550021648407
0.31948399543762207
0.4430679976940155
0.3312259912490845
0.4387820065021515
0.3429679870605469
0.4344959855079651
0.35471099615097046
0.4302099943161011
0.36645299196243286
0.42592400312423706
0.37819498777389526
0.42163801193237305
0.38993701338768005
0.41735199093818665
0.40167900919914246
0.41306498646736145
0.41342198848724365
0.4117389917373657
0.4258509874343872
0.41041299700737
0.43828099966049194
0.40908700227737427
0.4507099986076355
0.40776100754737854
0.46313899755477905
0.4064350128173828
0.4755690097808838
0.4051089882850647
0.48799800872802734
0.4037820100784302
0.5004280209541321
0.40245598554611206
0.5128570199012756
0.4009940028190613
0.5252709984779358
0.3995330035686493
0.5376859903335571
0.3980709910392761
0.5501000285148621
0.39660900831222534
0.5625140070915222
0.3951469957828522
0.5749279856681824
0.3936850130558014
0.5873429775238037
0.3922240138053894
0.5997570157051086
0.39076200127601624
0.6121709942817688
0.37836799025535583
0.6137930154800415
0.36597299575805664
0.6154149770736694
0.35357901453971863
0.6170369982719421
0.3411850035190582
0.6186590194702148
0.32879000902175903
0.6202800273895264
0.31639599800109863
0.6219019889831543
0.30400198698043823
0.623524010181427
0.29160699248313904
0.6251459717750549
0.2792530059814453
0.6270480155944824
0.2668980062007904
0.6289499998092651
0.2545439898967743
0.6308519840240479
0.24218900501728058
0.6327540278434753
0.22983500361442566
0.6346560120582581
0.21748100221157074
0.6365579962730408
0.20512600243091583
0.6384599804878235
0.1927720010280609
0.640362024307251
0.1811240017414093
0.6358259916305542
0.1694760024547577
0.6312900185585022
0.15782800316810608
0.6267529726028442
0.14618000388145447
0.6222169995307922
0.13453200459480286
0.6176810264587402
0.12288399785757065
0.6131449937820435
0.11123699694871902
0.6086090207099915
0.09958869963884354
0.6040719747543335
0.08926880359649658
0.6131229996681213
0.07894890010356903
0.622173011302948
0.06862899661064148
0.6312239766120911
0.058309100568294525
0.6402739882469177
0.047989100217819214
0.6493250131607056
