0.6492080092430115
0.06435420364141464
0.6463220119476318
0.07651659846305847
0.6434370279312134
0.0886790007352829
0.640550971031189
0.10084100067615509
0.6376659870147705
0.11300399899482727
0.6347799897193909
0.12516599893569946
0.6318950057029724
0.13732899725437164
0.6290090084075928
0.14949099719524384
0.6261230111122131
0.16165299713611603
0.6199629902839661
0.17252999544143677
0.6138020157814026
0.18340599536895752
0.6076409816741943
0.19428199529647827
0.6014800071716309
0.205158993601799
0.5953199863433838
0.21603499352931976
0.5891590118408203
0.22691099345684052
0.5829979777336121
0.23778800666332245
0.5768370032310486
0.2486640065908432
0.5703160166740417
0.2593280076980591
0.5637949705123901
0.26999300718307495
0.5572739839553833
0.28065699338912964
0.5507529973983765
0.2913210093975067
0.5442320108413696
0.3019849956035614
0.5377110242843628
0.3126490116119385
0.5311899781227112
0.32331401109695435
0.5246689915657043
0.33397799730300903
0.5144330263137817
0.34115201234817505
0.5041959881782532
0.3483259975910187
0.4939599931240082
0.3555009961128235
0.4837239980697632
0.3626750111579895
0.4734880030155182
0.36984899640083313
0.463250994682312
0.37702301144599915
0.453014999628067
0.3841969966888428
0.442779004573822
0.3913719952106476
0.43212300539016724
0.39790600538253784
0.42146599292755127
0.4044399857521057
0.4108099937438965
0.41097399592399597
0.4001539945602417
0.41750800609588623
0.3894970118999481
0.4240419864654541
0.37884101271629333
0.43057599663734436
0.36818501353263855
0.4371100068092346
0.35752901434898376
0.4436439871788025
0.34620401263237
0.43835198879241943
0.3348790109157562
0.43306100368499756
0.32355400919914246
0.4277690052986145
0.3122299909591675
0.42247799038887024
0.3009049892425537
0.4171859920024872
0.28957998752593994
0.4118950068950653
0.27825498580932617
0.40660300850868225
0.2669309973716736
0.401311993598938
0.26930001378059387
0.38903799653053284
0.2716690003871918
0.37676501274108887
0.2740379869937897
0.3644919991493225
0.27640700340270996
0.35221800208091736
0.27877599000930786
0.339944988489151
0.28114500641822815
0.32767099142074585
0.28351399302482605
0.3153980076313019
0.28588300943374634
0.30312401056289673
0.2957639992237091
0.31078100204467773
0.3056440055370331
0.31843799352645874
0.31552499532699585
0.32609400153160095
0.3254050016403198
0.33375099301338196
0.3352859914302826
0.34140801429748535
0.34516599774360657
0.3490639925003052
0.35504698753356934
0.35672101378440857
0.3649280071258545
0.3643780052661896
0.36341598629951477
0.35196900367736816
0.36190399527549744
0.33956098556518555
0.3603929877281189
0.3271529972553253
0.35888099670410156
0.3147450089454651
0.357369989156723
0.3023360073566437
0.3558579981327057
0.28992798924446106
0.35434699058532715
0.27752000093460083
0.3528349995613098
0.2651120126247406
0.3542509973049164
0.27735599875450134
