0.9383879899978638
0.623790979385376
0.9266170263290405
0.6279979944229126
0.9148460030555725
0.632203996181488
0.9030749797821045
0.6364110112190247
0.8913040161132812
0.6406170129776001
0.8795329928398132
0.6448240280151367
0.86776202917099
0.6490300297737122
0.855991005897522
0.653236985206604
0.844219982624054
0.6574440002441406
0.8327040076255798
0.6623039841651917
0.8211870193481445
0.6671640276908875
0.8096709847450256
0.6720240116119385
0.7981539964675903
0.6768839955329895
0.7866380214691162
0.6817439794540405
0.7751209735870361
0.6866040229797363
0.763604998588562
0.6914640069007874
0.7520880103111267
0.6963239908218384
0.7403219938278198
0.7005429863929749
0.7285550236701965
0.7047629952430725
0.7167890071868896
0.708981990814209
0.7050229907035828
0.7132019996643066
0.6932569742202759
0.7174220085144043
0.6814900040626526
0.7216410040855408
0.6697239875793457
0.7258610129356384
0.6579579710960388
0.7300800085067749
0.6455180048942566
0.7313089966773987
0.6330789923667908
0.7325369715690613
0.6206390261650085
0.7337650060653687
0.6082000136375427
0.7349939942359924
0.5957599878311157
0.7362220287322998
0.5833209753036499
0.7374510169029236
0.5708810091018677
0.7386789917945862
0.5584419965744019
0.73990797996521
0.548442006111145
0.7474079728126526
0.5384430289268494
0.7549089789390564
0.5284429788589478
0.762408971786499
0.5184429883956909
0.7699099779129028
0.5084440112113953
0.7774099707603455
0.49844399094581604
0.7849109768867493
0.4884450137615204
0.7924110293388367
0.47844499349594116
0.7999119758605957
0.47431498765945435
0.7881140112876892
0.4701850116252899
0.7763159871101379
0.4660550057888031
0.7645180225372314
0.46192601323127747
0.752718985080719
0.45779600739479065
0.7409210205078125
0.45366600155830383
0.7291229963302612
0.449535995721817
0.71732497215271
0.4454059898853302
0.7055270075798035
0.4335460066795349
0.7094759941101074
0.4216870069503784
0.7134249806404114
0.40982699394226074
0.7173740267753601
0.39796701073646545
0.7213230133056641
0.3861069977283478
0.725271999835968
0.3742470145225525
0.729220986366272
0.3623870015144348
0.7331699728965759
0.3505280017852783
0.7371190190315247
0.34116798639297485
0.7288339734077454
0.3318080008029938
0.7205489873886108
0.3224479854106903
0.7122629880905151
0.31308799982070923
0.7039780020713806
0.30372801423072815
0.6956930160522461
0.2943679988384247
0.6874079704284668
0.2850089967250824
0.6791229844093323
0.2756490111351013
0.6708379983901978
0.26879000663757324
0.6603879928588867
0.26193100214004517
0.6499379873275757
0.2550719976425171
0.6394879817962646
0.248212993144989
0.6290379762649536
0.24135400354862213
0.6185879707336426
0.23449499905109406
0.6081370115280151
0.22763599455356598
0.5976870059967041
0.2207770049571991
0.5872370004653931
0.21853399276733398
0.574940025806427
0.21629099547863007
0.5626429915428162
0.21404799818992615
0.5503460168838501
0.21180500090122223
0.5380489826202393
0.2095620036125183
0.5257520079612732
0.2073190063238144
0.5134549736976624
0.20507599413394928
0.5011569857597351
0.20283299684524536
0.48886001110076904
0.19794400036334991
0.4773559868335724
0.19305600225925446
0.4658510088920593
0.188167005777359
0.45434701442718506
0.18327899277210236
0.4428429901599884
0.1783899962902069
0.43133801221847534
0.17350199818611145
0.4198339879512787
0.168613001704216
0.4083290100097656
0.16372500360012054
0.39682498574256897
0.17342999577522278
0.388947993516922
0.1831360012292862
0.381071001291275
0.1928420066833496
0.37319299578666687
0.20254799723625183
0.3653160035610199
0.21225300431251526
0.3574390113353729
0.22195899486541748
0.34956198930740356
0.2316650003194809
0.3416849970817566
0.2413710057735443
0.3338080048561096
0.23201699554920197
0.3255159854888916
0.2226639986038208
0.3172230124473572
0.21331000328063965
0.30893099308013916
0.20395700633525848
0.30063799023628235
0.19460399448871613
0.2923460006713867
0.18524999916553497
0.2840529978275299
0.1758970022201538
0.2757610082626343
0.16654400527477264
0.26746800541877747
0.16064700484275818
0.2564469873905182
0.1547500044107437
0.2454250007867813
0.14885300397872925
0.23440399765968323
0.14295600354671478
0.22338199615478516
0.13705800473690033
0.21236099302768707
0.13116100430488586
0.2013390064239502
0.1252640038728714
0.19031700491905212
0.11936700344085693
0.17929600179195404
0.13264100253582
0.1770090013742447
0.1459140032529831
0.17472200095653534
0.15918700397014618
0.172434002161026
0.17246000468730927
0.17014700174331665
0.18573300540447235
0.1678600013256073
0.19900700449943542
0.16557300090789795
