0.3030189871788025
0.6740480065345764
0.31421801447868347
0.6796010136604309
0.32541701197624207
0.6851530075073242
0.33661600947380066
0.6907060146331787
0.34781500697135925
0.696258008480072
0.35901400446891785
0.7018110156059265
0.37021300196647644
0.707364022731781
0.38141199946403503
0.7129160165786743
0.39261099696159363
0.7184690237045288
0.4049459993839264
0.7194280028343201
0.417279988527298
0.7203860282897949
0.42961499094963074
0.7213450074195862
0.4419490098953247
0.7223039865493774
0.4542829990386963
0.7232630252838135
