0.1010190024971962
0.7869960069656372
0.11235299706459045
0.7817249894142151
0.1236879974603653
0.7764549851417542
0.13502199947834015
0.7711840271949768
0.146356999874115
0.7659140229225159
0.15769100189208984
0.7606430053710938
0.16902600228786469
0.7553730010986328
0.18036000430583954
0.7501019835472107
0.19169500470161438
0.7448319792747498
0.18520499765872955
0.7341480255126953
0.1787160038948059
0.7234650254249573
0.17222599685192108
0.7127810120582581
0.16573600471019745
0.70209801197052
0.1592469960451126
0.691415011882782
0.15275700390338898
0.6807309985160828
0.14626699686050415
0.6700479984283447
0.1397780030965805
0.6593649983406067
0.14004500210285187
0.6468669772148132
0.14031299948692322
0.6343700289726257
0.14057999849319458
0.6218730211257935
0.14084799587726593
0.6093760132789612
0.1411149948835373
0.5968790054321289
0.14138300716876984
0.5843819975852966
0.1416500061750412
0.5718849897384644
0.14191800355911255
0.5593870282173157
0.1400579959154129
0.5459610223770142
0.13819700479507446
0.5325350165367126
0.13633699715137482
0.5191090106964111
