0.6535879969596863
0.8443170189857483
0.6641929745674133
0.8377010226249695
0.6747980117797852
0.8310840129852295
0.6854029893875122
0.8244670033454895
0.696008026599884
0.8178499937057495
0.7066130042076111
0.8112329840660095
0.7172189950942993
0.8046159744262695
0.7278239727020264
0.7979999780654907
0.7384290099143982
0.7913830280303955
0.7273100018501282
0.7856709957122803
0.7161909937858582
0.7799590229988098
0.7050729990005493
0.7742469906806946
0.6939539909362793
0.7685350179672241
0.6828349828720093
0.7628239989280701
0.6717169880867004
0.7571120262145996
0.6605979800224304
0.7513999938964844
0.6494789719581604
0.7456880211830139
0.6369990110397339
0.7449870109558105
0.6245189905166626
0.744284987449646
0.6120380163192749
0.7435839772224426
0.5995579957962036
0.742883026599884
0.5870779752731323
0.7421810030937195
0.5745970010757446
0.7414799928665161
0.5621169805526733
0.7407789826393127
0.5496370196342468
0.740077018737793
0.5409500002861023
0.7310889959335327
0.5322629809379578
0.7221009731292725
0.523576021194458
0.713113009929657
0.5148890018463135
0.7041249871253967
0.506201982498169
0.6951370239257812
0.4975149929523468
0.686149001121521
0.4888269901275635
0.6771609783172607
0.48014000058174133
0.6681730151176453
0.46811598539352417
0.664758026599884
0.4560909867286682
0.6613439917564392
0.44406700134277344
0.657929003238678
0.4320420026779175
0.6545150279998779
0.4200170040130615
0.6510999798774719
0.40799298882484436
0.6476860046386719
0.3959679901599884
0.6442710161209106
0.38394400477409363
0.6408569812774658
0.3772920072078705
0.6302739977836609
0.37064000964164734
0.6196900010108948
0.3639880120754242
0.6091070175170898
0.35733699798583984
0.5985239744186401
0.3506850004196167
0.5879409909248352
0.34403300285339355
0.5773580074310303
0.3373810052871704
0.5667740106582642
0.33072900772094727
0.5561910271644592
0.3352319896221161
0.5445299744606018
0.3397339880466461
0.5328689813613892
0.34423699975013733
0.5212079882621765
0.34873899817466736
0.5095469951629639
0.35324200987815857
0.49788698554039
0.3577440083026886
0.48622599244117737
0.3622469902038574
0.4745649993419647
0.36674898862838745
0.4629040062427521
0.3592039942741394
0.4529379904270172
0.3516579866409302
0.44297200441360474
0.34411299228668213
0.43300700187683105
0.3365670144557953
0.4230409860610962
0.32902199029922485
0.4130750000476837
0.321476012468338
0.40310999751091003
0.3139309883117676
0.39314401149749756
0.30638501048088074
0.3831779956817627
0.30939000844955444
0.37104499340057373
0.31239399313926697
0.35891100764274597
0.3153980076313019
0.3467769920825958
0.3184030055999756
0.33464398980140686
0.3214069902896881
0.3225100040435791
0.3244119882583618
0.31037700176239014
0.32741600275039673
0.29824298620224
0.33042100071907043
0.2861100137233734
0.3405759930610657
0.27882200479507446
0.3507319986820221
0.2715339958667755
0.3608880043029785
0.26424598693847656
0.37104299664497375
0.2569580078125
0.3811990022659302
0.24966999888420105
0.3913539946079254
0.2423820048570633
0.40151000022888184
0.23509499430656433
0.41166600584983826
0.22780700027942657
0.4212920069694519
0.2357800006866455
0.43091899156570435
0.24375399947166443
0.4405460059642792
0.25172701478004456
0.4501729905605316
0.2597000002861023
0.45979899168014526
0.2676739990711212
0.4694260060787201
0.27564701437950134
0.47905299067497253
0.28362101316452026
0.48868000507354736
0.291593998670578
0.5007349848747253
0.29490000009536743
0.5127890110015869
0.29820600152015686
0.5248439908027649
0.3015120029449463
0.5368989706039429
0.3048180043697357
0.5489540100097656
0.30812400579452515
0.5610089898109436
0.3114300072193146
0.5730640292167664
0.314736008644104
0.5851190090179443
0.31804201006889343
0.5973719954490662
0.32051199674606323
0.6096259951591492
0.3229829967021942
0.621878981590271
0.3254530131816864
0.634132981300354
0.3279240131378174
0.6463860273361206
0.3303939998149872
0.6586400270462036
0.332863986492157
0.6708930134773254
0.33533498644828796
0.6831459999084473
0.33780500292778015
0.6952160000801086
0.334553986787796
0.70728600025177
0.3313019871711731
0.7193549871444702
0.32804998755455017
0.7314249873161316
0.3247990012168884
0.743494987487793
0.3215470016002655
0.7555639743804932
0.31829598546028137
0.7676339745521545
0.31504398584365845
0.7797039747238159
0.3117919862270355
0.777292013168335
0.324057012796402
0.7748810052871704
0.33632299304008484
0.7724689841270447
0.3485879898071289
0.7700579762458801
0.360852986574173
0.7676470279693604
0.37311801314353943
0.7652350068092346
0.3853830099105835
0.7628239989280701
0.39764899015426636
0.7604119777679443
0.4099139869213104
0.7676119804382324
0.42013201117515564
0.7748129963874817
0.43035000562667847
0.7820129990577698
0.4405680000782013
0.7892130017280579
0.4507859945297241
0.796413004398346
0.46100398898124695
0.803613007068634
0.47122201323509216
0.8108130097389221
0.481440007686615
0.8180130124092102
0.4916580021381378
0.8271510004997253
0.5001879930496216
0.8362889885902405
0.5087170004844666
0.8454260230064392
0.5172470211982727
0.8545640110969543
0.5257760286331177
0.8637019991874695
0.534305989742279
0.8728389739990234
0.542834997177124
0.8819770216941833
0.5513650178909302
0.8911139965057373
0.5598949790000916
0.9017109870910645
0.5528870224952698
0.9123070240020752
0.5458800196647644
0.9229030013084412
0.538873016834259
0.9334989786148071
0.5318650007247925
0.9440950155258179
0.5248579978942871
