0.9242010116577148
0.7762269973754883
0.915058970451355
0.7847530245780945
0.9059180021286011
0.7932779788970947
0.8967769742012024
0.8018040060997009
0.8876349925994873
0.810329020023346
0.8784940242767334
0.8188549876213074
0.8693529963493347
0.8273810148239136
0.8602110147476196
0.8359060287475586
0.851069986820221
0.84443199634552
0.840732991695404
0.8514590263366699
0.830394983291626
0.8584870100021362
0.8200579881668091
0.8655149936676025
0.809719979763031
0.8725420236587524
0.7993829846382141
0.8795700073242188
0.789044976234436
0.8865969777107239
0.7787079811096191
0.893625020980835
0.7683699727058411
0.9006519913673401
0.7560589909553528
0.9028139710426331
0.7437469959259033
0.904977023601532
0.7314350008964539
0.907139003276825
0.7191240191459656
0.9093009829521179
0.7068120241165161
0.9114630222320557
0.6945009827613831
0.9136250019073486
0.6821889877319336
0.9157869815826416
0.6698769927024841
0.9179490208625793
0.6573780179023743
0.9181060194969177
0.6448789834976196
0.9182620048522949
0.6323800086975098
0.9184179902076721
0.6198809742927551
0.9185739755630493
0.6073819994926453
0.9187309741973877
0.5948830246925354
0.9188870191574097
0.5823839902877808
0.9190430045127869
0.5698850154876709
0.9192000031471252
0.5573959946632385
0.919717013835907
0.5449069738388062
0.9202340245246887
0.5324169993400574
0.9207519888877869
0.519927978515625
0.9212689995765686
0.5074390172958374
0.9217860102653503
0.49494999647140503
0.9223039746284485
0.48245999217033386
0.9228209853172302
0.4699710011482239
0.923337996006012
0.45748698711395264
0.9226959943771362
0.4450039863586426
0.9220539927482605
0.4325209856033325
0.9214109778404236
0.42003700137138367
0.9207689762115479
0.4075540006160736
0.9201269745826721
0.39506998658180237
0.91948401927948
0.3825869858264923
0.9188420176506042
0.37010300159454346
0.9182000160217285
0.36598798632621765
0.9063959717750549
0.36187300086021423
0.8945930004119873
0.3577579855918884
0.8827900290489197
0.353643000125885
0.8709869980812073
0.3495270013809204
0.8591840267181396
0.3454119861125946
0.8473799824714661
0.3412970006465912
0.8355770111083984
0.3371819853782654
0.823773980140686
0.3269749879837036
0.8165580034255981
0.31676799058914185
0.8093420267105103
0.30656200647354126
0.8021259903907776
0.2963550090789795
0.7949100136756897
0.2861480116844177
0.787693977355957
0.27594101428985596
0.7804780006408691
0.2657339870929718
0.7732620239257812
0.25552698969841003
0.7660459876060486
0.2613460123538971
0.7549830079078674
0.26716500520706177
0.7439200282096863
0.27298399806022644
0.7328569889068604
0.2788020074367523
0.7217940092086792
0.284621000289917
0.710731029510498
0.29043999314308167
0.6996679902076721
0.29625898599624634
0.688605010509491
0.3020780086517334
0.6775410175323486
0.2991870045661926
0.6653800010681152
0.29629701375961304
0.6532189846038818
0.29340600967407227
0.6410580277442932
0.2905150055885315
0.6288970112800598
0.2876250147819519
0.6167349815368652
0.28473401069641113
0.6045740246772766
0.28184399008750916
0.5924130082130432
0.2789529860019684
0.5802519917488098
0.2824240028858185
0.5682430267333984
0.2858949899673462
0.5562350153923035
0.2893649935722351
0.5442259907722473
0.2928360104560852
0.5322179794311523
0.2963069975376129
0.520209014415741
0.29977700114250183
0.508201003074646
0.30324798822402954
0.49619200825691223
0.30671799182891846
0.48418399691581726
0.31466999650001526
0.47453901171684265
0.3226209878921509
0.46489399671554565
0.3305729925632477
0.45524901151657104
0.3385240137577057
0.44560399651527405
0.3464759886264801
0.43595901131629944
0.3544270098209381
0.42631399631500244
0.36237800121307373
0.41666901111602783
0.37033000588417053
0.40702399611473083
0.36617299914360046
0.39523598551750183
0.3620159924030304
0.38344699144363403
0.3578589856624603
0.3716590106487274
0.35370200872421265
0.35986998677253723
0.3495450019836426
0.3480820059776306
0.3453879952430725
0.3362930119037628
0.34123098850250244
0.32450398802757263
0.33707401156425476
0.312716007232666
0.3246470093727112
0.31407201290130615
0.3122209906578064
0.3154290020465851
0.299795001745224
0.3167850077152252
0.2873690128326416
0.31814199686050415
0.2749429941177368
0.3194980025291443
0.2625170052051544
0.3208549916744232
0.25009000301361084
0.32221099734306335
0.23766399919986725
0.3235679864883423
0.2253500074148178
0.32571500539779663
0.21303600072860718
0.32786300778388977
0.20072199404239655
0.3300110101699829
0.1884080022573471
0.33215901255607605
0.17609399557113647
0.3343069851398468
0.16378000378608704
0.33645498752593994
0.1514659970998764
0.3386029899120331
0.13915100693702698
0.3407500088214874
0.12782299518585205
0.3460339903831482
0.11649499833583832
0.35131800174713135
0.10516700148582458
0.3566020131111145
0.0938384011387825
0.36188599467277527
0.0825100988149643
0.3671700060367584
0.07118179649114609
0.3724539875984192
0.05985350161790848
0.37773799896240234
0.04852529987692833
0.3830220103263855
0.05415790155529976
0.3941810131072998
0.05979060009121895
0.4053399860858917
0.06542319804430008
0.41649898886680603
0.07105589658021927
0.42765799164772034
0.07668860256671906
0.43881699442863464
0.08232119679450989
0.44997599720954895
0.08795390278100967
0.46113499999046326
0.0935864970088005
0.47229400277137756
0.09454009681940079
0.4847579896450043
0.09549380093812943
0.4972209930419922
0.0964474007487297
0.5096849799156189
0.09740100055932999
0.5221480131149292
0.09835460036993027
0.5346119999885559
0.09930820018053055
0.5470749735832214
0.10026200115680695
0.5595390200614929
0.10121499747037888
0.5720030069351196
0.10196200013160706
0.5817620158195496
0.10270900279283524
0.5915210247039795
