0.1428530067205429
0.2834340035915375
0.15387099981307983
0.2775309979915619
0.16489000618457794
0.2716279923915863
0.17590799927711487
0.2657249867916107
0.18692700564861298
0.2598220109939575
0.1979449987411499
0.25391900539398193
0.20896300673484802
0.24801599979400635
0.21998199820518494
0.24211299419403076
0.23100000619888306
0.23621000349521637
0.24328699707984924
0.23391400277614594
0.2555750012397766
0.2316170036792755
0.2678619921207428
0.22932100296020508
0.28014901280403137
0.22702400386333466
0.29243600368499756
0.22472800314426422
0.30472299456596375
0.2224310040473938
0.3170109987258911
0.22013500332832336
0.3292979896068573
0.21783800423145294
0.3414739966392517
0.22066399455070496
0.3536509871482849
0.22349099814891815
0.3658269941806793
0.22631700336933136
0.37800300121307373
0.22914299368858337
0.39017999172210693
0.23196899890899658
0.40235599875450134
0.2347950041294098
0.41453200578689575
0.2376209944486618
0.42670801281929016
0.240447998046875
0.42774999141693115
0.2529039978981018
0.42879098653793335
0.2653610110282898
0.42983299493789673
0.2778170108795166
0.4308739900588989
0.2902739942073822
0.4319149851799011
0.302729994058609
0.4329569935798645
0.315187007188797
0.4339979887008667
0.3276430070400238
0.4350399971008301
0.3400999903678894
0.43560099601745605
0.3525870144367218
0.4361630082130432
0.3650749921798706
0.436724990606308
0.3775619864463806
0.43728598952293396
0.3900499939918518
0.4378480017185211
0.4025369882583618
0.4384100139141083
0.4150240123271942
0.43897199630737305
0.427511990070343
0.439532995223999
0.4399990141391754
0.44072699546813965
0.4524419903755188
0.4419200122356415
0.46488499641418457
0.4431140124797821
0.47732800245285034
0.44430699944496155
0.4897710084915161
0.4455009996891022
0.5022130012512207
0.4466939866542816
0.5146560072898865
0.44788798689842224
0.5270990133285522
0.4490810036659241
0.539542019367218
0.4504140019416809
0.5519710183143616
0.45174598693847656
0.5644000172615051
0.4530780017375946
0.5768290162086487
0.45440998673439026
0.589257001876831
0.4557430148124695
0.6016860008239746
0.45707499980926514
0.6141149997711182
0.4584070146083832
0.6265439987182617
0.45974001288414
0.6389729976654053
0.46084898710250854
0.6514229774475098
0.46195900440216064
0.6638739705085754
0.46306899189949036
0.6763240098953247
0.46417900919914246
0.6887750029563904
0.46528899669647217
0.701225996017456
0.4663980007171631
0.7136759757995605
0.4675079882144928
0.726127028465271
0.4686180055141449
0.7385780215263367
0.46876299381256104
0.7510769963264465
0.46890899538993835
0.7635759711265564
0.4690540134906769
0.776075005531311
0.469199001789093
0.7885739803314209
0.46934500336647034
0.8010730147361755
0.4694899916648865
0.8135730028152466
0.4696359932422638
0.8260719776153564
0.4697810113430023
0.8385710120201111
0.4805130064487457
0.8411059975624084
