0.4095349907875061
0.8382409811019897
0.40682700276374817
0.8504449725151062
0.40411999821662903
0.8626480102539062
0.4014120101928711
0.8748509883880615
0.39870500564575195
0.8870540261268616
0.39599698781967163
0.8992570042610168
0.3932900130748749
0.9114609956741333
0.39058199524879456
0.9236639738082886
0.3878749907016754
0.9358670115470886
0.3753809928894043
0.9362670183181763
0.3628869950771332
0.9366679787635803
0.35039401054382324
0.937067985534668
0.3379000127315521
0.9374679923057556
0.3254069983959198
0.9378679990768433
0.3129130005836487
0.9382690191268921
0.30041900277137756
0.9386690258979797
0.28792598843574524
0.9390689730644226
0.278890997171402
0.9304310083389282
0.2698560059070587
0.9217919707298279
0.26082101464271545
0.9131540060043335
0.251787006855011
0.9045150279998779
0.24275200068950653
0.8958770036697388
0.23371699452400208
0.8872389793395996
0.2246820032596588
0.878600001335144
0.21564699709415436
0.8699619770050049
0.21427099406719208
0.8575379848480225
0.2128939926624298
0.84511399269104
0.21151800453662872
0.8326900005340576
0.21014100313186646
0.8202660083770752
0.20876500010490417
0.8078420162200928
0.2073879987001419
0.7954180240631104
0.20601099729537964
0.7829939723014832
0.20463499426841736
0.7705699801445007
0.2120410054922104
0.7605000138282776
0.21944700181484222
0.7504310011863708
0.22685299813747406
0.7403609752655029
0.2342589944601059
0.7302910089492798
0.24166500568389893
0.7202209830284119
0.24907100200653076
0.7101519703865051
0.2564769983291626
0.700082004070282
0.2638840079307556
0.6900119781494141
0.2690199911594391
0.6786159873008728
0.27415499091148376
0.6672199964523315
0.2792910039424896
0.6558240056037903
0.2844269871711731
0.644428014755249
0.28956300020217896
0.6330310106277466
0.2946990132331848
0.6216350197792053
0.2998349964618683
0.6102390289306641
0.30497100949287415
0.598842978477478
0.30135801434516907
0.5868759751319885
0.2977460026741028
0.5749099850654602
0.2941330075263977
0.5629429817199707
0.2905200123786926
0.5509769916534424
0.28690698742866516
0.5390099883079529
0.2832939922809601
0.5270439982414246
0.279680997133255
0.5150769948959351
0.2760680019855499
0.5031110048294067
0.2635819911956787
0.5037069916725159
0.2510969936847687
0.504302978515625
0.23861099779605865
0.5048999786376953
0.22612500190734863
0.5054960250854492
0.2136390060186386
0.5060920119285583
0.20115399360656738
0.5066879987716675
0.18866799771785736
0.5072849988937378
0.17618200182914734
0.5078809857368469
0.17396299540996552
0.4955790042877197
0.1717430055141449
0.4832780063152313
0.16952399909496307
0.4709770083427429
0.16730499267578125
0.45867499709129333
0.16508600115776062
0.44637399911880493
0.1628659963607788
0.43407198786735535
0.16064700484275818
0.42177098989486694
0.15842799842357635
0.40946999192237854
0.1520940065383911
0.3986929953098297
0.14576099812984467
0.3879159986972809
0.1394280046224594
0.37713900208473206
0.13309499621391296
0.3663620054721832
0.1267620027065277
0.3555850088596344
0.12042800337076187
0.34480801224708557
0.11409500241279602
0.33403199911117554
0.10776200145483017
0.3232550024986267
0.10309799760580063
0.31165701150894165
0.09843490272760391
0.3000600039958954
0.0937713012099266
0.2884620130062103
0.0891076996922493
0.27686500549316406
0.08444409817457199
0.265267014503479
0.07978049665689468
0.25367000699043274
0.07511690258979797
0.24207299947738647
0.07045330107212067
0.23047499358654022
0.08228539675474167
0.22644400596618652
0.09411740303039551
0.22241200506687164
0.1059499979019165
0.21838100254535675
0.11778199672698975
0.21434900164604187
0.129613995552063
0.21031799912452698
0.14144599437713623
0.20628699660301208
0.15327799320220947
0.2022549957036972
0.1651100069284439
0.1982239931821823
0.17741599678993225
0.20041899383068085
0.1897210031747818
0.20261399447917938
0.20202699303627014
0.20480899512767792
0.21433299779891968
0.20700499415397644
0.22663800418376923
0.20919999480247498
0.23894399404525757
0.2113949954509735
0.2512499988079071
0.21358999609947205
0.26355600357055664
0.21578599512577057
0.2651599943637848
0.2033890038728714
0.26676398515701294
0.19099199771881104
0.2683680057525635
0.17859600484371185
0.2699719965457916
0.1661989986896515
0.27157700061798096
0.15380200743675232
0.2731809914112091
0.14140599966049194
0.27478501200675964
0.12900899350643158
0.2763890027999878
0.11661200225353241
0.28888699412345886
0.11685500293970108
0.30138400197029114
0.11709800362586975
0.3138819932937622
0.11734099686145782
0.32638001441955566
0.11758299916982651
0.33887699246406555
0.11782599985599518
0.351375013589859
0.11806900054216385
0.3638730049133301
0.11831100285053253
0.37637001276016235
0.1185540035367012
0.38693100214004517
0.11186599731445312
0.3974910080432892
0.10517799854278564
0.4080510139465332
0.09848970174789429
0.41861099004745483
0.09180159866809845
0.42917200922966003
0.08511350303888321
0.43973198533058167
0.07842539995908737
0.4502919912338257
0.07173729687929153
0.4608519971370697
0.0650492012500763
0.4620150029659271
0.07749500125646591
0.46317699551582336
0.08994089812040329
0.4643389880657196
0.10238700360059738
0.465501993894577
0.11483299732208252
0.46666398644447327
0.12727800011634827
0.4678260087966919
0.139724001288414
0.46898800134658813
0.15217000246047974
0.47015100717544556
0.16461600363254547
0.4716709852218628
0.1770229935646057
0.4731909930706024
0.18942999839782715
0.47471100091934204
0.20183800160884857
0.47623100876808167
0.21424500644207
0.4777509868144989
0.22665199637413025
0.4792709946632385
0.23905900120735168
0.48079100251197815
0.2514669895172119
0.4823110103607178
0.26387399435043335
0.47977200150489807
0.24999800324440002
0.47723299264907837
0.2361219972372055
