0.5320649743080139
0.3196530044078827
0.5402590036392212
0.32909199595451355
0.5484529733657837
0.3385320007801056
0.556647002696991
0.34797099232673645
0.5648419857025146
0.3574109971523285
0.5730360150337219
0.36685100197792053
0.5812299847602844
0.3762899935245514
0.5894240140914917
0.38572999835014343
0.5976179838180542
0.3951700031757355
0.6021659970283508
0.40681299567222595
0.6067150235176086
0.41845598816871643
0.6112629771232605
0.4300990104675293
0.6158109903335571
0.4417420029640198
0.6203590035438538
0.45338499546051025
0.6249079704284668
0.4650290012359619
0.6294559836387634
0.4766719937324524
0.6340039968490601
0.48831498622894287
0.6424070000648499
0.4975689947605133
0.6508110165596008
0.5068230032920837
0.6592140197753906
0.5160760283470154
0.6676179766654968
0.5253300070762634
0.6760209798812866
0.5345839858055115
0.6844239830970764
0.5438380241394043
0.6928279995918274
0.5530920028686523
0.7012310028076172
0.562345027923584
0.710677981376648
0.5705320239067078
0.7201240062713623
0.5787180066108704
0.7295709848403931
0.586903989315033
0.7390170097351074
0.5950899720191956
0.7484639883041382
0.6032760143280029
0.7579100131988525
0.6114630103111267
0.7673569917678833
0.6196489930152893
0.7768030166625977
0.6278349757194519
0.782325029373169
0.6166210174560547
0.7878469824790955
0.6054069995880127
0.7933689951896667
0.5941929817199707
0.7988920211791992
0.5829780101776123
0.8044139742851257
0.5717639923095703
0.809935986995697
0.5605499744415283
0.8154579997062683
0.5493360161781311
0.8209800124168396
0.5381219983100891
0.8316149711608887
0.5315539836883545
0.8422510027885437
0.5249860286712646
0.8528860211372375
0.51841801404953
0.8635219931602478
0.5118499994277954
0.8741570115089417
0.5052819848060608
0.8847919702529907
0.49871399998664856
0.8954280018806458
0.49214598536491394
0.9060630202293396
0.4855780005455017
0.9128730297088623
0.4750959873199463
0.9196820259094238
0.4646129906177521
0.9264910221099854
0.45413100719451904
0.9333009719848633
0.44364801049232483
0.9401100277900696
0.4331659972667694
0.9469190239906311
0.4226830005645752
0.953728973865509
0.4122009873390198
0.9605380296707153
0.40171799063682556
0.9537709951400757
0.390841007232666
0.9470030069351196
0.3799639940261841
0.9402350187301636
0.36908701062202454
