0.2602880001068115
0.8661149740219116
0.2706559896469116
0.8591340184211731
0.2810249924659729
0.8521530032157898
0.2913939952850342
0.8451709747314453
0.30176299810409546
0.8381900191307068
0.31213200092315674
0.8312090039253235
0.322501003742218
0.8242279887199402
0.3328689932823181
0.8172460198402405
0.3432379961013794
0.8102650046348572
0.3426089882850647
0.7977809906005859
0.3419809937477112
0.7852969765663147
0.3413519859313965
0.7728130221366882
0.3407230079174042
0.760329008102417
0.3400940001010895
0.7478439807891846
0.33946600556373596
0.7353600263595581
0.33883699774742126
0.7228760123252869
0.33820798993110657
0.7103919982910156
0.33456099033355713
0.6984360218048096
0.3309139907360077
0.6864799857139587
0.32726699113845825
0.6745229959487915
0.3236199915409088
0.6625670194625854
0.3199729919433594
0.6506109833717346
0.31632599234580994
0.6386550068855286
0.3126789927482605
0.6266989707946777
0.30903199315071106
0.6147429943084717
0.3118079900741577
0.602554976940155
0.31458398699760437
0.5903670191764832
0.3173609972000122
0.5781800150871277
0.32013699412345886
0.565991997718811
0.3229140043258667
0.5538039803504944
0.32569000124931335
0.5416160225868225
0.32846599817276
0.5294280052185059
0.33124300837516785
0.5172410011291504
0.3298639953136444
0.504817008972168
0.32848501205444336
0.49239298701286316
0.3271070122718811
0.47996899485588074
0.32572799921035767
0.4675459861755371
0.32434898614883423
0.4551219940185547
0.322970986366272
0.44269800186157227
0.3215920031070709
0.43027499318122864
0.3202129900455475
0.4178510010242462
0.3218820095062256
0.4293990135192871
0.3235499858856201
0.4409469962120056
