0.30470600724220276
0.6571980118751526
0.3125059902667999
0.6474300026893616
0.3203069865703583
0.6376630067825317
0.32810699939727783
0.6278949975967407
0.3359070122241974
0.6181269884109497
0.34370699524879456
0.6083599925041199
0.3515070080757141
0.5985919833183289
0.3593069911003113
0.5888239741325378
0.36710700392723083
0.579056978225708
0.3686690032482147
0.5666540265083313
0.3702310025691986
0.554252028465271
0.3717930018901825
0.5418499708175659
0.3733539879322052
0.5294479727745056
0.3749159872531891
0.5170459747314453
0.376477986574173
0.504643976688385
0.37803900241851807
0.4922420084476471
0.37960100173950195
0.4798400104045868
0.3810589909553528
0.4682599902153015
