0.705348014831543
0.8209670186042786
0.6928889751434326
0.8219839930534363
0.6804310083389282
0.8230010271072388
0.6679720282554626
0.8240169882774353
0.6555140018463135
0.8250340223312378
0.6430550217628479
0.8260509967803955
0.6305959820747375
0.8270670175552368
0.6181380152702332
0.8280839920043945
0.6056789755821228
0.829101026058197
0.5936329960823059
0.8257619738578796
0.581587016582489
0.822422981262207
0.5695419907569885
0.8190839886665344
0.5574960112571716
0.815746009349823
0.54544997215271
0.8124070167541504
0.5334039926528931
0.8090680241584778
0.5213580131530762
0.8057299852371216
0.5093119740486145
0.802390992641449
0.4969339966773987
0.8041300177574158
0.4845559895038605
0.805869996547699
0.47217699885368347
0.8076090216636658
0.45979899168014526
0.809349000453949
0.44742000102996826
0.8110880255699158
0.43504199385643005
0.812828004360199
0.42266398668289185
0.8145670294761658
0.41028499603271484
0.816307008266449
0.39827901124954224
0.8128299713134766
0.38627201318740845
0.8093540072441101
0.37426498532295227
0.8058769702911377
0.3622579872608185
0.8024010062217712
0.3502509891986847
0.7989240288734436
0.3382439911365509
0.7954469919204712
0.3262380063533783
0.7919710278511047
0.3142310082912445
0.7884939908981323
0.30594199895858765
0.7791380286216736
0.2976529896259308
0.7697809934616089
0.2893640100955963
0.7604249715805054
0.28107500076293945
0.7510679960250854
0.2727859914302826
0.7417119741439819
0.2644970118999481
0.732354998588562
0.25620898604393005
0.7229989767074585
0.24792000651359558
0.7136420011520386
0.2357109934091568
0.7163230180740356
0.2235019952058792
0.7190039753913879
0.21129199862480164
0.721684992313385
0.19908300042152405
0.7243670225143433
0.18687400221824646
0.7270479798316956
0.17466500401496887
0.7297289967536926
0.16245600581169128
0.7324100136756897
0.1502469927072525
0.735090970993042
0.1480800062417984
0.7227799892425537
0.14591200649738312
0.7104700207710266
0.14374500513076782
0.6981589794158936
0.14157700538635254
0.6858479976654053
0.13941000401973724
0.6735380291938782
0.13724200427532196
0.6612269878387451
0.13507500290870667
0.6489160060882568
0.13290700316429138
0.636605978012085
0.13634300231933594
0.6245869994163513
0.1397780030965805
0.6125680208206177
0.14321400225162506
0.6005499958992004
0.14664900302886963
0.5885310173034668
0.1500840038061142
0.5765129923820496
0.15352000296115875
0.5644940137863159
0.15695500373840332
0.5524749755859375
0.16039100289344788
0.540457010269165
0.1615999937057495
0.5280150175094604
0.16280899941921234
0.5155739784240723
0.16401800513267517
0.5031319856643677
0.1652279943227768
0.49069100618362427
0.16643700003623962
0.47824999690055847
0.16764600574970245
0.4658080041408539
0.1688549965620041
0.4533669948577881
0.1700650006532669
0.4409259855747223
0.1744849979877472
0.42923301458358765
0.17890499532222748
0.4175409972667694
0.18332499265670776
0.4058479964733124
0.18774500489234924
0.39415600895881653
0.19216500222682953
0.3824639916419983
0.1965859979391098
0.37077099084854126
0.2010059952735901
0.3590790033340454
0.20542599260807037
0.3473860025405884
0.2168560028076172
0.3423269987106323
0.2282869964838028
0.33726799488067627
0.2397170066833496
0.3322089910507202
0.25114700198173523
0.32714900374412537
0.26257801055908203
0.3220899999141693
0.27400800585746765
0.31703099608421326
0.28543901443481445
0.3119710087776184
0.2968690097332001
0.30691200494766235
0.30621999502182007
0.2986159920692444
0.31556999683380127
0.2903209924697876
0.32492101192474365
0.282025009393692
0.33427199721336365
0.27373000979423523
0.34362199902534485
0.26543501019477844
0.35297301411628723
0.2571389973163605
0.3623239994049072
0.2488439977169037
0.3716740012168884
0.2405479997396469
0.3839229941368103
0.2380570024251938
0.39617300033569336
0.23556600511074066
0.40842199325561523
0.23307399451732635
0.4206709861755371
0.23058299720287323
0.43292000889778137
0.2280919998884201
0.44516998529434204
0.22560100257396698
0.4574190080165863
0.22311000525951385
0.4696680009365082
0.22061799466609955
0.4833349883556366
0.21783900260925293
0.4970020055770874
0.21505899727344513
