0.17313100397586823
0.7531650066375732
0.17956799268722534
0.7638800144195557
0.18600399792194366
0.7745959758758545
0.19244100153446198
0.7853109836578369
0.19887800514698029
0.7960270047187805
0.20531399548053741
0.8067420125007629
0.21175099909305573
0.8174570202827454
0.21818800270557404
0.8281729817390442
0.22462399303913116
0.8388879895210266
0.2357330024242401
0.8331570029258728
0.24684199690818787
0.827426016330719
0.2579509913921356
0.8216950297355652
0.2690590023994446
0.8159639835357666
0.28016799688339233
0.8102329969406128
0.2912769913673401
0.804502010345459
0.30238598585128784
0.798770010471344
0.3134939968585968
0.7930390238761902
0.3239629864692688
0.7965530157089233
0.3344320058822632
0.8000670075416565
0.3449009954929352
0.8035809993743896
