0.1924149990081787
0.4652070105075836
0.20330199599266052
0.4713500142097473
0.21418899297714233
0.47749200463294983
0.22507600486278534
0.48363399505615234
0.23596300184726715
0.48977598547935486
0.24684999883174896
0.49591800570487976
0.25773701071739197
0.5020599961280823
0.2686240077018738
0.5082020163536072
0.2795099914073944
0.5143439769744873
0.2872360050678253
0.5045170187950134
0.29496198892593384
0.49469101428985596
0.30268800258636475
0.4848639965057373
0.31041398644447327
0.47503799200057983
0.318138986825943
0.46521100401878357
0.3258650004863739
0.4553839862346649
0.3335910141468048
0.44555801153182983
0.34131699800491333
0.4357309937477112
0.3507840037345886
0.4275679886341095
0.36024999618530273
0.419405996799469
0.369717001914978
0.4112429916858673
0.3791840076446533
0.4030799865722656
0.3886510133743286
0.39491701126098633
0.3981170058250427
0.38675498962402344
0.407584011554718
0.37859201431274414
0.4170509874820709
0.37042900919914246
0.419497013092041
0.3826870024204254
0.4219439923763275
0.39494600892066956
0.4243910014629364
0.4072040021419525
0.4268369972705841
0.4194619953632355
0.429284006357193
0.43171998858451843
0.4317309856414795
0.4439780116081238
0.4341770112514496
0.45623698830604553
0.4366239905357361
0.4684950113296509
0.43848299980163574
0.4808560013771057
0.4403420090675354
0.49321699142456055
0.44220200181007385
0.5055779814720154
0.4440610110759735
0.5179389715194702
0.4459199905395508
0.5303000211715698
0.44777899980545044
0.5426610112190247
0.4496389925479889
0.5550220012664795
0.45149800181388855
0.5673829913139343
0.4552389979362488
0.5793099999427795
0.4589790105819702
0.5912370085716248
0.46272000670433044
0.60316401720047
0.4664610028266907
0.6150910258293152
0.4702019989490509
0.6270179748535156
0.47394299507141113
0.6389449834823608
0.47768300771713257
0.650871992111206
0.4814240038394928
0.6628000140190125
0.48783600330352783
0.6735299825668335
0.49424898624420166
0.6842600107192993
0.5006610155105591
0.6949899792671204
0.5070729851722717
0.7057200074195862
0.5134850144386292
0.7164499759674072
0.5198969841003418
0.727180004119873
0.5263090133666992
0.7379099726676941
0.532721996307373
0.7486400008201599
0.5415170192718506
0.7575219869613647
0.5503129959106445
0.7664039731025696
0.5591089725494385
0.775285005569458
0.567903995513916
0.7841669917106628
0.57669997215271
0.7930489778518677
0.5854949951171875
0.8019310235977173
0.5942909717559814
0.8108130097389221
0.6030870079994202
0.819694995880127
0.6142640113830566
0.8252900242805481
0.6254420280456543
0.8308860063552856
0.6366199851036072
0.836480975151062
0.6477969884872437
0.8420760035514832
0.6589750051498413
0.8476719856262207
0.670153021812439
0.8532670140266418
0.6813309788703918
0.8588629961013794
0.6925079822540283
0.8644580245018005
0.7048599720001221
0.8663780093193054
0.7172120213508606
0.8682979941368103
0.7295629978179932
0.8702170252799988
0.7419149875640869
0.8721370100975037
0.7542669773101807
0.8740569949150085
0.766618013381958
0.8759769797325134
0.7789700031280518
0.8778970241546631
0.7913219928741455
0.8798159956932068
0.8024299740791321
0.8740839958190918
0.8135380148887634
0.8683509826660156
0.82464599609375
0.8626180291175842
0.8357539772987366
0.8568860292434692
0.8468620181083679
0.8511530160903931
0.8579699993133545
0.8454200029373169
0.8690779805183411
0.8396880030632019
0.8801850080490112
0.8339549899101257
0.8842710256576538
0.8457679748535156
0.8883569836616516
0.8575819730758667
0.8924430012702942
0.8693950176239014
0.8965290188789368
0.8812090158462524
0.9006140232086182
0.8930220007896423
0.904699981212616
0.9048349857330322
0.9087859988212585
0.9166489839553833
0.9128720164299011
0.928462028503418
0.9229490160942078
0.9234129786491394
0.9330270290374756
0.9183629751205444
