0.9228280186653137
0.10089199990034103
0.9146180152893066
0.11031799763441086
0.9064069986343384
0.11974400281906128
0.8981969952583313
0.1291700005531311
0.8899869918823242
0.13859599828720093
0.8817769885063171
0.14802099764347076
0.8735669851303101
0.1574469953775406
0.865356981754303
0.1668729931116104
0.8571469783782959
0.17629900574684143
0.8506039977073669
0.1869489997625351
0.8440600037574768
0.19760000705718994
0.8375170230865479
0.2082500010728836
0.8309739828109741
0.21890099346637726
0.824429988861084
0.22955100238323212
0.817887008190155
0.24020199477672577
0.8113430142402649
0.25085198879241943
0.8047999739646912
0.2615030109882355
0.7985119819641113
0.27230599522590637
0.7922239899635315
0.28310999274253845
0.7859359979629517
0.29391300678253174
0.7796480059623718
0.30471599102020264
0.7733610272407532
0.3155199885368347
0.7670729756355286
0.326323002576828
0.7607849836349487
0.3371259868144989
0.7544969916343689
0.34793001413345337
0.7469000220298767
0.35785600543022156
0.7393019795417786
0.36778199672698975
0.7317050099372864
0.3777090013027191
0.7241079807281494
0.3876349925994873
0.716509997844696
0.3975610136985779
0.7089130282402039
0.40748700499534607
0.7013159990310669
0.41741400957107544
0.6937190294265747
0.42734000086784363
0.6860589981079102
0.4372189939022064
0.6783999800682068
0.4470970034599304
0.6707410216331482
0.4569759964942932
0.6630820035934448
0.466854989528656
0.6554229855537415
0.47673299908638
0.6477640271186829
0.4866119921207428
0.6401039958000183
0.4964900016784668
0.6324449777603149
0.5063689947128296
0.6225910186767578
0.5140600204467773
0.6127380132675171
0.5217509865760803
0.6028839945793152
0.5294420123100281
0.5930299758911133
0.537132978439331
0.5831760168075562
0.5448240041732788
0.5733219981193542
0.5525149703025818
0.5634679794311523
0.5602059960365295
0.5536140203475952
0.5678970217704773
0.5414940118789673
0.5709559917449951
0.5293740034103394
0.5740140080451965
0.5172539949417114
0.5770729780197144
0.5051339864730835
0.5801309943199158
0.49301400780677795
0.5831900238990784
0.48089399933815
0.586247980594635
0.4687739908695221
0.5893070101737976
0.45665401220321655
0.592365026473999
0.4441570043563843
0.5926300287246704
0.431659996509552
0.5928940176963806
0.41916200518608093
0.593159019947052
0.40666499733924866
0.5934240221977234
0.3941679894924164
0.5936880111694336
0.3816710114479065
0.593953013420105
0.3691740036010742
0.5942170023918152
0.35667699575424194
0.5944820046424866
0.3442929983139038
0.596185028553009
0.3319090008735657
0.5978869795799255
0.31952598690986633
0.599590003490448
0.3071419894695282
0.6012920141220093
0.29475900530815125
0.602994978427887
0.2823750078678131
0.6046969890594482
0.26999199390411377
0.6064000129699707
0.25760799646377563
0.608102023601532
0.2576479911804199
0.5956019759178162
0.2576879858970642
0.5831019878387451
0.2577280104160309
0.5706019997596741
0.25776800513267517
0.558102011680603
0.25780799984931946
0.545602023601532
0.25784799456596375
0.5331029891967773
0.25788798928260803
0.5206030011177063
0.2579280138015747
0.5081030130386353
0.24641400575637817
0.5129680037498474
0.23489999771118164
0.5178329944610596
0.2233850061893463
0.5226979851722717
0.21187099814414978
0.5275639891624451
0.20035700500011444
0.5324289798736572
0.18884199857711792
0.5372939705848694
0.17732800543308258
0.5421590209007263
0.16581399738788605
0.5470240116119385
0.15335999429225922
0.548105001449585
0.14090700447559357
0.5491849780082703
0.12845399975776672
0.5502660274505615
0.11600100249052048
0.5513460040092468
0.10354799777269363
0.5524259805679321
0.09109439700841904
0.5535069704055786
0.07864110171794891
0.5545870065689087
0.06618790328502655
0.555666983127594
0.06629010289907455
0.5423799753189087
0.0663921982049942
0.529092013835907
