0.3886120021343231
0.23769399523735046
0.3991999924182892
0.23104999959468842
0.40978801250457764
0.22440600395202637
0.4203760027885437
0.21776199340820312
0.43096399307250977
0.21111799776554108
0.4415520131587982
0.20447400212287903
0.4521400034427643
0.19783000648021698
0.46272799372673035
0.19118599593639374
0.4733160138130188
0.1845420002937317
0.48153001070022583
0.19396400451660156
0.48974499106407166
0.20338599383831024
0.4979589879512787
0.21280799806118011
0.5061730146408081
0.22223000228405
0.5143870115280151
0.23165200650691986
0.5226010084152222
0.24107499420642853
0.5308160185813904
0.2504970133304596
0.5390300154685974
0.2599189877510071
0.5484330058097839
0.2681550085544586
0.5578359961509705
0.27639099955558777
0.5672399997711182
0.2846260070800781
0.5766429901123047
0.2928619980812073
0.5860459804534912
0.3010979890823364
0.5954499840736389
0.30933400988578796
0.6048529744148254
0.3175700008869171
0.6142560243606567
0.32580500841140747
0.6243259906768799
0.3332110047340393
0.6343960165977478
0.34061700105667114
0.644465982913971
0.348022997379303
0.6545360088348389
0.3554289937019348
0.6646050214767456
0.36283499002456665
0.6746749877929688
0.3702409863471985
0.6847450137138367
0.3776470124721527
0.6948149800300598
0.38505300879478455
0.6920409798622131
0.3728649914264679
0.68926602602005
0.36067599058151245
0.6864920258522034
0.3484880030155182
0.6837170124053955
0.33629998564720154
0.6809430122375488
0.3241119980812073
0.678167998790741
0.31192299723625183
0.6753939986228943
0.29973500967025757
0.6726189851760864
0.2875469923019409
0.6822490096092224
0.28042399883270264
0.6918799877166748
0.27330100536346436
0.7015100121498108
0.2661780118942261
0.711139976978302
0.2590540051460266
0.720770001411438
0.25193101167678833
