0.3161559998989105
0.1491750031709671
0.3231790065765381
0.13883399963378906
0.33020099997520447
0.12849299609661102
0.33722299337387085
0.11815200001001358
0.3442460000514984
0.10781099647283554
0.3512679934501648
0.09746970236301422
0.3582899868488312
0.08712860196828842
0.36531299352645874
0.07678759843111038
0.3723349869251251
0.06644660234451294
0.38481301069259644
0.06571470201015472
0.39729198813438416
0.06498280167579651
0.40977099537849426
0.06425099819898605
0.4222489893436432
0.06351909786462784
0.4347279965877533
0.06278730183839798
0.4472059905529022
0.062055401504039764
0.45968499779701233
0.06132350116968155
0.47216299176216125
0.06059170141816139
0.4785360097885132
0.0713455006480217
0.48490801453590393
0.08209919929504395
0.4912799894809723
0.09285300225019455
0.4976530075073242
0.10360699892044067
0.5040249824523926
0.1143610030412674
0.5103970170021057
0.12511399388313293
0.5167700052261353
0.13586799800395966
0.5231419801712036
0.14662200212478638
0.5321140289306641
0.1553249955177307
0.5410869717597961
0.16402800381183624
0.5500590205192566
0.17273199558258057
0.5590310096740723
0.1814350038766861
0.5680029988288879
0.19013799726963043
0.5769760012626648
0.19884200394153595
0.5859479904174805
0.20754499733448029
0.5949199795722961
0.21624800562858582
0.6068369746208191
0.22002099454402924
0.6187540292739868
0.22379399836063385
0.6306719779968262
0.22756700217723846
0.6425889730453491
0.2313389927148819
0.6545060276985168
0.2351119965314865
0.6664230227470398
0.23888500034809113
0.6783400177955627
0.24265800416469574
0.6902570128440857
0.24642999470233917
0.6991540193557739
0.2376510053873062
0.7080519795417786
0.22887100279331207
0.716949999332428
0.22009100019931793
0.7258470058441162
0.21131199598312378
0.7347450256347656
0.20253199338912964
0.7436429858207703
0.1937520056962967
0.7525399923324585
0.18497300148010254
0.7614380121231079
0.1761929988861084
0.757381021976471
0.16448399424552917
0.7533249855041504
0.15277500450611115
0.7492690086364746
0.1410669982433319
0.7452120184898376
0.12935799360275269
0.7411559820175171
0.11764899641275406
0.7371000051498413
0.10593999922275543
