0.7512180209159851
0.07309199869632721
0.7493230104446411
0.08544760197401047
0.7474290132522583
0.09780319780111313
0.7455340027809143
0.1101590022444725
0.7436400055885315
0.12251400202512741
0.7417449951171875
0.1348699927330017
0.7398509979248047
0.1472260057926178
0.7379559874534607
0.1595810055732727
0.7360619902610779
0.1719370037317276
0.733659029006958
0.18420399725437164
0.7312560081481934
0.19647100567817688
0.7288529872894287
0.20873700082302094
0.7264500260353088
0.22100399434566498
0.7240470051765442
0.23327100276947021
0.7216439843177795
0.24553799629211426
0.7192419767379761
0.2578049898147583
0.7168390154838562
0.27007201313972473
0.7124189734458923
0.28176501393318176
0.7080000042915344
0.2934570014476776
0.7035809755325317
0.30515000224113464
0.6991620063781738
0.3168430030345917
0.6947420239448547
0.3285360038280487
0.690322995185852
0.34022799134254456
0.6859040260314941
0.3519209921360016
0.6814839839935303
0.3636139929294586
0.6789159774780273
0.3758470118045807
0.6763479709625244
0.38808000087738037
0.6737800240516663
0.40031400322914124
0.6712120175361633
0.4125469923019409
0.6686440110206604
0.424780011177063
0.6660760045051575
0.43701401352882385
0.6635079979896545
0.44924700260162354
0.6609399914741516
0.4614810049533844
