0.1455329954624176
0.8880289793014526
0.15361399948596954
0.878491997718811
0.16169500350952148
0.8689560294151306
0.1697770059108734
0.8594189882278442
0.17785799503326416
0.8498830199241638
0.1859389990568161
0.8403459787368774
0.19402000308036804
0.830810010433197
0.20210100710391998
0.8212730288505554
0.21018199622631073
0.8117370009422302
0.21522200107574463
0.8002979755401611
0.22026099264621735
0.7888579964637756
0.22530099749565125
0.7774189710617065
0.23034100234508514
0.7659800052642822
0.23537999391555786
0.7545409798622131
0.24041999876499176
0.7431020140647888
0.24545900523662567
0.7316629886627197
0.25049901008605957
0.7202240228652954
0.2601270079612732
0.7122520208358765
0.2697550058364868
0.7042800188064575
0.27938300371170044
0.6963080167770386
0.28901100158691406
0.6883360147476196
0.2986389994621277
0.6803640127182007
0.3082660138607025
0.6723920106887817
0.31789401173591614
0.6644200086593628
0.32752200961112976
0.6564480066299438
0.3186799883842468
0.647612988948822
0.3098370134830475
0.6387779712677002
0.30099400877952576
0.6299430131912231
0.29215100407600403
0.6211079955101013
0.2833090126514435
0.6122729778289795
0.27446600794792175
0.6034380197525024
0.2656230032444
0.5946030020713806
0.2567810118198395
0.5857679843902588
0.26757198572158813
0.5794600248336792
0.2783629894256592
0.5731509923934937
0.2891539931297302
0.5668420195579529
0.29994499683380127
0.5605329871177673
0.3107360005378723
0.5542250275611877
0.32152798771858215
0.5479159951210022
0.3323189914226532
0.5416070222854614
0.34310999512672424
0.5352979898452759
