0.7940629720687866
0.5728350281715393
0.7835180163383484
0.5661240220069885
0.7729730010032654
0.5594120025634766
0.7624269723892212
0.5526999831199646
0.751882016658783
0.5459880232810974
0.7413370013237
0.5392760038375854
0.7307919859886169
0.5325649976730347
0.7202469706535339
0.5258529782295227
0.7097010016441345
0.5191410183906555
0.7200279831886292
0.5120970010757446
0.7303540110588074
0.5050529837608337
0.740680992603302
0.4980100095272064
0.7510070204734802
0.49096599221229553
0.7613329887390137
0.48392200469970703
0.7716599702835083
0.47687798738479614
0.7819859981536865
0.46983399987220764
0.7923129796981812
0.46279001235961914
0.780174970626831
0.4598029851913452
0.7680370211601257
0.4568159878253937
0.7558990120887756
0.45382899045944214
0.7437610030174255
0.4508410096168518
0.7316229939460754
0.44785401225090027
0.7194859981536865
0.44486701488494873
0.7073479890823364
0.4418799877166748
0.6952099800109863
0.43889299035072327
0.6859909892082214
0.43045100569725037
0.6767719984054565
0.4220089912414551
0.6675540208816528
0.4135670065879822
0.6583349704742432
0.4051249921321869
0.6491159796714783
0.3966839909553528
0.6398969888687134
0.3882420063018799
0.6306779980659485
0.3797999918460846
0.6214590072631836
0.3713580071926117
0.6099159717559814
0.37615400552749634
0.5983719825744629
0.3809489905834198
0.5868290066719055
0.38574498891830444
0.575285017490387
0.3905400037765503
0.5637419819831848
0.39533600211143494
0.5521979928016663
0.4001309871673584
0.5406550168991089
0.40492698550224304
0.5291110277175903
0.4097220003604889
0.5226290225982666
0.3990339934825897
0.5161470174789429
0.38834699988365173
0.5096650123596191
0.37765899300575256
0.5031819939613342
0.3669709861278534
0.4966999888420105
0.3562830090522766
0.49021801352500916
0.34559500217437744
0.4837360084056854
0.33490699529647827
0.4772540032863617
0.3242189884185791
0.4718819856643677
0.31293201446533203
0.4665110111236572
0.3016450107097626
0.4611400067806244
0.29035699367523193
0.45576900243759155
0.2790699899196625
0.4503979980945587
0.267782986164093
0.4450269937515259
0.25649601221084595
0.43965598940849304
0.2452089935541153
0.4342850148677826
0.23392100632190704
0.44452399015426636
0.23676300048828125
0.4547629952430725
0.23960399627685547
0.46500200033187866
0.24244600534439087
