0.24641300737857819
0.7920860052108765
0.2551249861717224
0.7831230163574219
0.263837993144989
0.7741600275039673
0.2725510001182556
0.7651969790458679
0.2812640070915222
0.7562339901924133
0.2899770140647888
0.7472710013389587
0.29868999123573303
0.7383080124855042
0.30740299820899963
0.7293450236320496
0.31611600518226624
0.7203819751739502
0.3148230016231537
0.7079489827156067
0.31352999806404114
0.6955159902572632
0.3122369945049286
0.6830829977989197
0.31094399094581604
0.6706500053405762
0.3096509873867035
0.6582170128822327
0.3083589971065521
0.6457840204238892
0.3070659935474396
0.6333519816398621
0.305772989988327
0.6209189891815186
0.30717700719833374
0.6084979772567749
0.30858200788497925
0.596077024936676
0.3099859952926636
0.5836560130119324
0.3113900125026703
0.5712350010871887
0.3127950131893158
0.5588139891624451
0.3141990005970001
0.5463929772377014
0.31560298800468445
0.533972978591919
0.31700700521469116
0.5215520262718201
0.31828200817108154
0.5091170072555542
0.3195570111274719
0.49668198823928833
0.3208320140838623
0.48424699902534485
0.3221060037612915
0.47181200981140137
0.3233810067176819
0.4593769907951355
0.32465600967407227
0.4469430148601532
0.32593101263046265
0.43450799584388733
0.32720500230789185
0.42207300662994385
0.33186501264572144
0.4104740023612976
0.33652400970458984
0.39887499809265137
0.34118300676345825
0.38727501034736633
0.34584200382232666
0.3756760060787201
0.35050201416015625
0.36407700181007385
0.35516101121902466
0.3524779975414276
0.35982000827789307
0.34087899327278137
0.36447998881340027
0.32927998900413513
0.37655800580978394
0.32606199383735657
0.3886370062828064
0.322843998670578
0.40071600675582886
0.31962600350379944
0.4127950072288513
0.31640899181365967
0.4248729944229126
0.3131909966468811
0.43695199489593506
0.30997300148010254
0.4490309953689575
0.306755006313324
0.46110999584198
0.3035379946231842
0.4630280137062073
0.31589001417160034
0.464946985244751
0.3282420039176941
0.46686500310897827
0.34059301018714905
0.4687829911708832
0.3529449999332428
0.47070199251174927
0.36529698967933655
0.47262001037597656
0.3776490092277527
0.47453901171684265
0.39000099897384644
0.47645699977874756
0.4023529887199402
0.4777980148792267
0.41478100419044495
0.4791390001773834
0.4272089898586273
0.48047998547554016
0.4396370053291321
0.4818210005760193
0.45206400752067566
0.48316100239753723
0.46449199318885803
0.48450198769569397
0.4769200086593628
0.4858430027961731
0.48934799432754517
0.48718398809432983
0.5017759799957275
0.488101989030838
0.5142419934272766
0.4890190064907074
0.5267090201377869
0.4899370074272156
0.5391749739646912
0.49085500836372375
0.5516409873962402
0.49177199602127075
0.5641070008277893
0.49268999695777893
0.5765740275382996
0.4936079978942871
0.5890399813652039
0.4945249855518341
0.6015059947967529
0.4955979883670807
0.6139600276947021
0.4966700077056885
0.6264140009880066
0.4977419972419739
0.638867974281311
0.49881500005722046
0.6513220071792603
0.49988698959350586
0.6637759804725647
0.5009589791297913
0.6762300133705139
0.5020310282707214
0.6886839866638184
0.5031039714813232
0.7011380195617676
0.5040799975395203
0.7135990262031555
0.5050560235977173
0.7260609865188599
0.5060319900512695
0.738523006439209
0.5070090293884277
0.7509850263595581
0.50798499584198
0.7634469866752625
0.508961021900177
0.7759079933166504
0.5099380016326904
0.7883700132369995
0.5109140276908875
0.8008319735527039
0.5229619741439819
0.7956339716911316
0.5350109934806824
0.7904350161552429
0.5470589995384216
0.7852370142936707
