0.5544959902763367
0.38006898760795593
0.5486670136451721
0.39112600684165955
0.5428379774093628
0.40218400955200195
0.5370090007781982
0.41324201226234436
0.5311800241470337
0.4242990016937256
0.5253499746322632
0.435357004404068
0.5195209980010986
0.4464139938354492
0.5136920213699341
0.4574719965457916
0.5078629851341248
0.46852999925613403
0.5033329725265503
0.4801799952983856
0.4988040030002594
0.4918310046195984
0.4942750036716461
0.5034809708595276
0.48974499106407166
0.5151320099830627
0.4852159917354584
0.5267819762229919
0.4806860089302063
0.5384330153465271
0.476157009601593
0.5500829815864563
0.47162801027297974
0.5617340207099915
0.4686340093612671
0.5738700032234192
0.46564000844955444
0.5860059857368469
0.4626460075378418
0.5981420278549194
0.45965200662612915
0.6102790236473083
0.4566589891910553
0.6224150061607361
0.45366498827934265
0.6345509886741638
0.45067098736763
0.6466869711875916
0.44767698645591736
0.6588230133056641
0.4440689980983734
0.67079097032547
0.4404599964618683
0.6827589869499207
0.43685099482536316
0.6947270035743713
0.4332430064678192
0.7066940069198608
0.4296340048313141
0.7186620235443115
0.42602500319480896
0.7306299805641174
0.422417014837265
0.7425979971885681
0.4188080132007599
0.7545660138130188
0.41499799489974976
0.7664710283279419
0.41118699312210083
0.7783759832382202
0.4073759913444519
0.7902809977531433
0.40356600284576416
0.8021860122680664
0.39975500106811523
0.8140910267829895
0.3959439992904663
0.8259959816932678
0.39213401079177856
0.8379009962081909
0.38832300901412964
0.849806010723114
0.3762440085411072
0.8465880155563354
0.3641650080680847
0.8433709740638733
0.35208699107170105
0.8401539921760559
0.3400079905986786
0.8369359970092773
0.32792899012565613
0.83371901512146
0.31584998965263367
0.8305019736289978
0.3037709891796112
0.8272839784622192
0.29169198870658875
0.8240669965744019
0.2792550027370453
0.8253139853477478
0.26681700348854065
0.8265619874000549
0.254379004240036
0.8278089761734009
0.24194200336933136
0.8290560245513916
0.22950400412082672
0.8303040266036987
0.21706700325012207
0.8315510153770447
0.20462900400161743
0.8327980041503906
0.1921910047531128
0.8340460062026978
0.18471300601959229
0.8240299820899963
0.1772339940071106
0.8140140175819397
0.1697559952735901
0.8039979934692383
0.1622769981622696
0.7939810156822205
0.15479899942874908
0.783964991569519
0.1473200023174286
0.7739490270614624
0.13984200358390808
0.763933002948761
0.13236300647258759
0.7539169788360596
0.12366499751806259
0.7449399828910828
0.11496700346469879
0.735962986946106
0.1062680035829544
0.7269859910011292
0.09757009893655777
0.7180079817771912
0.0888717994093895
0.7090309858322144
0.08017340302467346
0.7000539898872375
0.07147510349750519
0.6910769939422607
0.06277679651975632
0.6820999979972839
0.07084859907627106
0.6822199821472168
