0.050906501710414886
0.5894799828529358
0.050928499549627304
0.6019799709320068
0.05095050111413002
0.6144800186157227
0.05097239837050438
0.6269800066947937
0.050994399935007095
0.6394799947738647
0.05101630091667175
0.6519799828529358
0.05103829875588417
0.6644799709320068
0.05106030032038689
0.6769800186157227
0.051082201302051544
0.6894800066947937
0.058625899255275726
0.699446976184845
0.06616950035095215
0.709414005279541
0.07371310144662857
0.7193809747695923
0.08125679939985275
0.7293480038642883
0.08880040049552917
0.7393149733543396
0.09634409844875336
0.7492830157279968
0.10388799756765366
0.7592499852180481
0.11143100261688232
0.7692170143127441
0.12375599890947342
0.7717769742012024
0.13608099520206451
0.7743369936943054
0.14840500056743622
0.7768980264663696
0.1607300043106079
0.7794579863548279
0.17305399477481842
0.7820180058479309
0.1853789985179901
0.7845780253410339
