0.31516599655151367
0.17516300082206726
0.3220750093460083
0.18558000028133392
0.32898399233818054
0.19599699974060059
0.335891991853714
0.20641399919986725
0.3428010046482086
0.2168319970369339
0.34970998764038086
0.22724899649620056
0.3566190004348755
0.23766599595546722
0.36352699995040894
0.24808399379253387
0.37043601274490356
0.25850099325180054
0.3596070110797882
0.26474499702453613
0.34877800941467285
0.27098900079727173
0.3379490077495575
0.27723199129104614
0.32712098956108093
0.28347599506378174
0.3162919878959656
0.28971999883651733
0.3054629862308502
0.29596400260925293
0.29463401436805725
0.3022080063819885
0.2838050127029419
0.3084520101547241
0.27602699398994446
0.3182370066642761
0.2682479918003082
0.3280220031738281
0.2604700028896332
0.3378069996833801
0.25269201397895813
0.34759199619293213
0.2449139952659607
0.35737699270248413
0.23713499307632446
0.36716198921203613
0.22935700416564941
0.37694698572158813
0.22157900035381317
0.3867320120334625
0.2325190007686615
0.39299899339675903
0.24345800280570984
0.39926600456237793
0.254397988319397
0.40553298592567444
0.2653380036354065
0.41179999709129333
0.27627798914909363
0.41806700825691223
0.28721800446510315
0.42433398962020874
