0.8533290028572083
0.7910190224647522
0.8410969972610474
0.7884430289268494
0.8288649916648865
0.7858660221099854
0.8166339993476868
0.7832900285720825
0.8044019937515259
0.7807139754295349
0.792169988155365
0.7781379818916321
0.7799389958381653
0.7755619883537292
0.7677069902420044
0.7729849815368652
0.7554749846458435
0.7704089879989624
0.743274986743927
0.7731289863586426
0.7310739755630493
0.7758489847183228
0.7188739776611328
0.7785689830780029
0.7066730260848999
0.7812889814376831
0.6944730281829834
0.7840080261230469
0.6822720170021057
0.786728024482727
0.6700720191001892
0.7894480228424072
0.6578710079193115
0.7921680212020874
0.646107017993927
0.7879419922828674
0.6343439817428589
0.783715009689331
0.6225799918174744
0.7794889807701111
0.6108160018920898
0.7752630114555359
0.5990520119667053
0.7710360288619995
0.5872880220413208
0.7668099999427795
0.5755239725112915
0.7625839710235596
0.5637609958648682
0.7583569884300232
0.5523369908332825
0.7532820105552673
0.540913999080658
0.7482069730758667
0.5294910073280334
0.7431319952011108
0.5180670022964478
0.7380560040473938
0.5066440105438232
0.7329810261726379
0.49522098898887634
0.7279059886932373
0.48379701375961304
0.7228310108184814
0.47237399220466614
0.7177550196647644
0.45991700887680054
0.7167199850082397
0.44745999574661255
0.7156839966773987
0.43500301241874695
0.7146480083465576
0.42254599928855896
0.7136120200157166
0.41008898615837097
0.7125759720802307
0.39763200283050537
0.7115399837493896
0.3851749897003174
0.7105050086975098
0.3727180063724518
0.7094690203666687
0.36581799387931824
0.6990450024604797
0.3589189946651459
0.688621997833252
0.3520190119743347
0.6781989932060242
0.34512001276016235
0.6677749752998352
0.3382200002670288
0.6573519706726074
0.33131998777389526
0.6469290256500244
0.3244209885597229
0.6365050077438354
0.31752100586891174
0.6260820031166077
0.32198798656463623
0.6169570088386536
0.3264540135860443
0.6078320145606995
