0.45976799726486206
0.12804199755191803
0.45834600925445557
0.1404609978199005
0.4569230079650879
0.152879998087883
0.455500990152359
0.16529899835586548
0.45407798886299133
0.17771700024604797
0.45265600085258484
0.19013600051403046
0.45123299956321716
0.20255500078201294
0.44981101155281067
0.21497400104999542
0.4483889937400818
0.2273930013179779
0.4469519853591919
0.2398100048303604
0.4455150067806244
0.2522270083427429
0.4440779983997345
0.26464399695396423
0.4426409900188446
0.27706098556518555
0.4412040114402771
0.28947800397872925
0.439767986536026
0.30189499258995056
0.4383310079574585
0.31431299448013306
0.4368939995765686
0.32673001289367676
0.43529900908470154
0.3391279876232147
0.4337039887905121
0.3515250086784363
0.4321100115776062
0.36392301321029663
0.43051499128341675
0.3763209879398346
0.4289200007915497
0.38871899247169495
0.4273250102996826
0.4011169970035553
0.42573100328445435
0.41351500153541565
0.4241360127925873
0.425913006067276
0.42280301451683044
0.4383409917354584
0.4214709997177124
0.45076999068260193
0.42013800144195557
0.4631989896297455
0.41880500316619873
0.47562798857688904
0.4174729883670807
0.4880560040473938
0.41613999009132385
0.5004850029945374
0.414806991815567
0.5129140019416809
0.41347500681877136
0.5253430008888245
0.410971999168396
0.5375900268554688
0.4084700047969818
0.5498369932174683
0.4059680104255676
0.5620840191841125
0.40346598625183105
0.5743309855461121
0.40096399188041687
0.5865780115127563
0.3984610140323639
0.5988249778747559
0.3959589898586273
0.6110720038414001
0.39345699548721313
0.6233189702033997
0.3810980021953583
0.6214489936828613
0.36873799562454224
0.619579017162323
0.3563790023326874
0.6177089810371399
0.3440200090408325
0.6158390045166016
0.3316600024700165
0.6139690279960632
0.3193010091781616
0.6120989918708801
0.3069419860839844
0.6102290153503418
0.2945820093154907
0.6083589792251587
0.2956849932670593
0.6208099722862244
0.2967880070209503
0.6332619786262512
0.2978909909725189
0.6457129716873169
0.2989940047264099
0.6581640243530273
0.3000980019569397
0.670615017414093
0.3012009859085083
0.6830670237541199
0.3023039996623993
0.6955180168151855
0.3034070134162903
0.7079690098762512
0.2997640073299408
0.7199270129203796
0.2961210012435913
0.7318840026855469
0.2924779951572418
0.7438409924507141
0.28883498907089233
0.7557989954948425
0.28519201278686523
0.7677559852600098
0.28154999017715454
0.7797139883041382
0.27790701389312744
0.7916709780693054
0.27426400780677795
0.8036280274391174
