0.8393809795379639
0.7077059745788574
0.8275700211524963
0.7117980122566223
0.8157579898834229
0.7158889770507812
0.8039469718933105
0.7199810147285461
0.792136013507843
0.7240729928016663
0.7803239822387695
0.7281649708747864
0.768513023853302
0.7322570085525513
0.7567020058631897
0.7363479733467102
0.7448899745941162
0.7404400110244751
0.7324849963188171
0.7419739961624146
0.7200790047645569
0.7435070276260376
0.7076740264892578
0.7450399994850159
0.6952679753303528
0.7465739846229553
0.6828619837760925
0.7481070160865784
0.6704570055007935
0.7496410012245178
0.6580510139465332
0.7511739730834961
0.6456459760665894
0.7527070045471191
0.6331480145454407
0.7529600262641907
0.6206510066986084
0.7532119750976562
0.6081529855728149
0.7534649968147278
0.5956559777259827
0.7537170052528381
0.583158016204834
0.7539690136909485
0.5706610083580017
0.7542219758033752
0.5581629872322083
0.7544739842414856
0.545665979385376
0.754725992679596
0.535880982875824
0.7469480037689209
0.526095986366272
0.7391690015792847
0.51631098985672
0.7313910126686096
0.506525993347168
0.7236120104789734
0.49674099683761597
0.7158340215682983
0.48695600032806396
0.7080550193786621
0.47717198729515076
0.7002769708633423
0.46738699078559875
0.6924980282783508
0.4549039900302887
0.6931639909744263
0.4424220025539398
0.6938300132751465
0.42993998527526855
0.6944959759712219
0.4174579977989197
0.6951619982719421
0.4049749970436096
0.6958289742469788
0.39249300956726074
0.696494996547699
0.3800109922885895
0.6971610188484192
0.3675290048122406
0.6978269815444946
0.36041000485420227
0.6875519752502441
0.35328999161720276
0.6772770285606384
0.34617099165916443
0.6670029759407043
0.3390519917011261
0.6567280292510986
0.33193299174308777
0.6464539766311646
0.32481399178504944
0.6361789703369141
0.3176949918270111
0.6259040236473083
0.3105759918689728
0.6156299710273743
0.30042898654937744
0.6083289980888367
0.2902829945087433
0.6010280251502991
0.28013700246810913
0.5937269926071167
0.2699899971485138
0.5864260196685791
0.25984400510787964
0.5791249871253967
0.2496979981660843
0.5718240141868591
0.23955200612545013
0.5645229816436768
0.2294050008058548
0.5572230219841003
0.23874199390411377
0.548911988735199
0.24807900190353394
0.5406010150909424
0.2574160099029541
0.532289981842041
0.2667529881000519
0.5239790081977844
0.27608999609947205
0.5156679749488831
0.2854270040988922
0.5073580145835876
0.2947640120983124
0.49904701113700867
0.30410200357437134
0.4907360076904297
