0.618852972984314
0.4734709858894348
0.6304770112037659
0.4780679941177368
0.642100989818573
0.4826650023460388
0.6537250280380249
0.48726099729537964
0.665349006652832
0.49185800552368164
0.6769729852676392
0.49645501375198364
0.6885970234870911
0.5010520219802856
0.7002220153808594
0.5056480169296265
0.7118459939956665
0.5102450251579285
0.7242770195007324
0.5115540027618408
0.7367079854011536
0.5128639936447144
0.7491390109062195
0.5141729712486267
0.7615709900856018
0.5154820084571838
0.7740020155906677
0.5167919993400574
0.7864329814910889
0.5181009769439697
0.7988640069961548
0.5194100141525269
0.8112959861755371
0.5207200050354004
0.8228229880332947
0.5158860087394714
0.8343510031700134
0.5110530257225037
0.8458790183067322
0.5062190294265747
0.8574060201644897
0.5013859868049622
0.8689339756965637
0.4965530037879944
0.8804619908332825
0.49171900749206543
0.8919900059700012
0.48688599467277527
0.9035170078277588
0.4820519983768463
0.8911749720573425
0.4800719916820526
0.878832995891571
0.4780910015106201
0.8664910197257996
0.4761100113391876
0.8541489839553833
0.47412899136543274
0.8418070077896118
0.4721490144729614
0.8294649720191956
0.47016799449920654
0.8171229958534241
0.46818700432777405
0.8047810196876526
0.46620699763298035
0.8172320127487183
0.467305988073349
0.8296840190887451
0.46840500831604004
0.8421350121498108
0.4695039987564087
0.8545870184898376
0.47060298919677734
0.8670390248298645
0.4717020094394684
0.8794900178909302
0.47280099987983704
0.891942024230957
0.4738999903202057
0.9043930172920227
0.47499901056289673
0.8959980010986328
0.4657379984855652
0.8876019716262817
0.45647698640823364
0.8792070150375366
0.4472160041332245
0.8708109855651855
0.43795499205589294
0.8624160289764404
0.4286940097808838
0.8540199995040894
0.41943299770355225
0.8456249833106995
0.4101719856262207
0.8372300267219543
0.40091100335121155
0.8401610255241394
0.38941800594329834
0.8430920243263245
0.37792500853538513
0.8460230231285095
0.36643099784851074
