0.9118859767913818
0.8470249772071838
0.9034730195999146
0.8377810120582581
0.8950589895248413
0.8285359740257263
0.8866459727287292
0.8192909955978394
0.8782320022583008
0.8100469708442688
0.8698189854621887
0.8008019924163818
0.8614050149917603
0.7915570139884949
0.8529919981956482
0.7823129892349243
0.8445789813995361
0.7730680108070374
0.8569110035896301
0.7710310220718384
0.8692439794540405
0.7689939737319946
0.8815770149230957
0.7669559717178345
0.8939099907875061
0.7649189829826355
0.9062430262565613
0.7628819942474365
0.9185760021209717
0.7608450055122375
0.9309089779853821
0.7588080167770386
0.9432420134544373
0.7567710280418396
0.9321410059928894
0.7510240077972412
0.9210399985313416
0.745278000831604
0.9099389910697937
0.7395309805870056
0.8988379836082458
0.7337849736213684
0.887736976146698
0.7280380129814148
0.8766369819641113
0.7222920060157776
0.8655359745025635
0.7165459990501404
0.8544350266456604
0.710798978805542
0.8648309707641602
0.7038580179214478
0.8752260208129883
0.6969169974327087
0.8856220245361328
0.6899750232696533
0.8960170149803162
0.6830340027809143
0.9064130187034607
0.6760929822921753
0.9168090224266052
0.669152021408081
0.9272040128707886
0.6622099876403809
0.9376000165939331
0.6552690267562866
0.9252820014953613
0.6531440019607544
0.9129639863967896
0.6510189771652222
0.9006459712982178
0.6488940119743347
0.8883280158042908
0.6467689871788025
0.876010000705719
0.6446430087089539
0.8636919856071472
0.6425179839134216
0.8513739705085754
0.6403930187225342
0.8390560150146484
0.638267993927002
0.8278840184211731
0.643875002861023
0.8167120218276978
0.649482011795044
0.8055400252342224
0.6550899744033813
0.7943689823150635
0.6606969833374023
0.7831969857215881
0.6663039922714233
0.7720249891281128
0.6719120144844055
0.7608529925346375
0.6775190234184265
0.7496820092201233
0.6831259727478027
0.7372480034828186
0.6844080090522766
0.7248129844665527
0.6856899857521057
0.712378978729248
0.6869720220565796
0.6999449729919434
0.6882539987564087
0.6875110268592834
0.689536988735199
0.6750770211219788
0.6908190250396729
0.6626430153846741
0.692101001739502
0.6502090096473694
0.693382978439331
0.6525030136108398
0.6810950040817261
0.6547970175743103
0.6688070297241211
0.6570910215377808
0.6565200090408325
0.6593850255012512
0.6442319750785828
0.6616790294647217
0.6319440007209778
0.6639729738235474
0.6196569800376892
0.6662669777870178
0.6073690056800842
0.6685609817504883
0.5950809717178345
0.666146993637085
0.582817018032074
0.6637319922447205
0.5705519914627075
0.6613180041313171
0.5582879781723022
0.6589030027389526
0.5460230112075806
0.6564880013465881
0.5337579846382141
0.6540740132331848
0.5214939713478088
0.6516590118408203
0.5092290043830872
0.649245023727417
0.4969649910926819
0.6387500166893005
0.5037549734115601
0.6282550096511841
0.510545015335083
0.6177600026130676
0.5173360109329224
0.6072649955749512
0.5241259932518005
0.5967710018157959
0.5309169888496399
0.5862759947776794
0.5377069711685181
0.575780987739563
0.544497013092041
0.5652859807014465
0.5512880086898804
0.5546330213546753
0.5578259825706482
0.5439789891242981
0.564365029335022
0.5333260297775269
0.570904016494751
0.5226719975471497
0.5774419903755188
0.5120189785957336
0.5839809775352478
0.5013650059700012
0.5905190110206604
0.4907119870185852
0.5970579981803894
0.4800580143928528
0.6035969853401184
0.4675610065460205
0.6038640141487122
0.45506399869918823
0.6041319966316223
0.44256699085235596
0.6043999791145325
0.43007001280784607
0.6046680212020874
0.4175730049610138
0.6049360036849976
0.4050759971141815
0.6052039861679077
0.39257898926734924
0.6054720282554626
0.3800809979438782
0.6057389974594116
0.38847699761390686
0.6150000095367432
0.39687299728393555
0.6242610216140747
0.40526801347732544
0.6335219740867615
0.4136640131473541
0.642782986164093
0.42205899953842163
0.6520439982414246
0.4304549992084503
0.6613050103187561
0.4388499855995178
0.6705660223960876
0.4472459852695465
0.6798269748687744
0.4421280026435852
0.6912310123443604
0.4370099902153015
0.7026349902153015
0.4318920075893402
0.7140390276908875
0.4267739951610565
0.7254440188407898
0.4216560125350952
0.736847996711731
0.4165380001068115
0.7482519745826721
0.41141998767852783
0.7596560120582581
0.40630200505256653
0.7710610032081604
0.4146609902381897
0.780692994594574
0.4230189919471741
0.7903259992599487
0.43137800693511963
0.7999590039253235
