0.1032790020108223
0.6854609847068787
0.11577799916267395
0.6853150129318237
0.1282780021429062
0.6851680278778076
0.14077700674533844
0.6850209832191467
0.1532759964466095
0.6848739981651306
0.16577500104904175
0.6847280263900757
0.178274005651474
0.6845809817314148
0.19077299535274506
0.6844339966773987
0.2032719999551773
0.6842880249023438
0.21460400521755219
0.689562976360321
0.22593599557876587
0.6948390007019043
0.23726899921894073
0.7001150250434875
0.2486010044813156
0.705390989780426
0.2599329948425293
0.7106670141220093
0.2712650001049042
0.7159429788589478
0.28259700536727905
0.721219003200531
0.29392901062965393
0.7264950275421143
0.30322301387786865
0.7181360125541687
0.312516987323761
0.7097780108451843
0.3218120038509369
0.7014189958572388
0.3311060070991516
0.6930609941482544
0.3404009938240051
0.6847019791603088
0.34969499707221985
0.6763439774513245
0.35898900032043457
0.6679850220680237
0.3682839870452881
0.6596270203590393
0.3621860146522522
0.6487150192260742
0.3560880124568939
0.6378030180931091
0.34999001026153564
0.6268919706344604
0.34389200806617737
0.6159800291061401
0.3377940058708191
0.605068027973175
0.3316960036754608
0.5941569805145264
0.32559800148010254
0.5832449793815613
0.31949999928474426
0.5723329782485962
0.31538400053977966
0.5809659957885742
0.31126898527145386
0.5895990133285522
