0.3880760073661804
0.44293200969696045
0.3989579975605011
0.44908300042152405
0.409839004278183
0.45523500442504883
0.42072099447250366
0.4613859951496124
0.43160301446914673
0.467536985874176
0.4424850046634674
0.473688006401062
0.4533669948577881
0.4798389971256256
0.46424800157546997
0.4859899878501892
0.47512999176979065
0.4921410083770752
0.47680699825286865
0.5045279860496521
0.47848400473594666
0.5169150233268738
0.4801599979400635
0.5293020009994507
0.4818370044231415
0.5416889786720276
0.4835140109062195
0.5540760159492493
0.4851900041103363
0.5664629936218262
0.4868670105934143
0.5788499712944031
0.48854300379753113
0.5912380218505859
0.48948800563812256
0.6037020087242126
0.490433007478714
0.6161659955978394
0.49137699604034424
0.6286299824714661
0.49232199788093567
0.641094982624054
0.4932659864425659
0.6535590291023254
0.49421098828315735
0.6660230159759521
0.49515500664711
0.6784870028495789
0.4961000084877014
0.6909520030021667
0.49542999267578125
0.7034339904785156
0.49476099014282227
0.7159159779548645
0.4940910041332245
0.7283980250358582
0.4934220016002655
0.740880012512207
0.49275198578834534
0.7533619999885559
0.49208301305770874
0.7658439874649048
0.4914129972457886
0.7783259749412537
0.4907439947128296
0.7908080220222473
0.4803889989852905
0.7834299802780151
0.47003400325775146
0.7760530114173889
0.4596790075302124
0.7686750292778015
0.44932299852371216
0.7612969875335693
0.4389680027961731
0.7539190053939819
0.42861300706863403
0.7465410232543945
