0.3323630094528198
0.943494975566864
0.32691699266433716
0.9322440028190613
0.3214699923992157
0.9209929704666138
0.3160240054130554
0.909741997718811
0.31057700514793396
0.8984910249710083
0.3051309883594513
0.8872399926185608
0.29968398809432983
0.8759890198707581
0.29423800110816956
0.8647379875183105
0.2887910008430481
0.8534860014915466
0.2788209915161133
0.8459470272064209
0.2688499987125397
0.8384079933166504
0.25887998938560486
0.8308690190315247
0.24890899658203125
0.8233299851417542
0.23893900215625763
0.8157910108566284
0.22896799445152283
0.8082510232925415
0.2189980000257492
0.800711989402771
0.2090270072221756
0.7931730151176453
0.21961000561714172
0.7865210175514221
0.23019400238990784
0.7798699736595154
0.24077700078487396
0.7732179760932922
0.2513599991798401
0.7665659785270691
0.2619439959526062
0.7599149942398071
0.2725270092487335
0.753262996673584
0.28310999274253845
0.746612012386322
0.29369300603866577
0.7399600148200989
0.29726698994636536
0.7279819846153259
0.30084100365638733
0.7160030007362366
0.3044140040874481
0.7040249705314636
0.3079879879951477
0.6920469999313354
0.3115609884262085
0.6800690293312073
0.31513500213623047
0.6680899858474731
0.31870898604393005
0.656112015247345
0.32228198647499084
0.644133985042572
0.32404300570487976
0.6317579746246338
0.32580500841140747
0.6193829774856567
0.327565997838974
0.6070079803466797
0.3293269872665405
0.5946320295333862
0.33108800649642944
0.5822569727897644
0.33284899592399597
0.5698819756507874
0.3346099853515625
0.5575060248374939
0.3363710045814514
0.5451310276985168
0.3272930085659027
0.5365380048751831
0.3182159960269928
0.527944028377533
0.3091380000114441
0.5193510055541992
0.3000600039958954
0.5107579827308655
0.2909829914569855
0.5021640062332153
0.28190499544143677
0.493571013212204
0.27282699942588806
0.48497799038887024
0.26374998688697815
0.4763840138912201
0.2610529959201813
0.46417900919914246
0.2583569884300232
0.45197299122810364
0.2556610107421875
0.4397670030593872
0.2529650032520294
0.4275610148906708
0.25026899576187134
0.41535499691963196
0.24757300317287445
0.4031499922275543
0.24487699568271637
0.3909440040588379
0.24218100309371948
0.3787379860877991
0.24657900631427765
0.36703699827194214
0.2509770095348358
0.3553360104560852
0.255374014377594
0.34363600611686707
0.25977200269699097
0.33193498849868774
0.26416999101638794
0.3202340006828308
0.2685680091381073
0.3085330128669739
0.2729659974575043
0.29683199524879456
0.27736300230026245
0.2851310074329376
0.27877798676490784
0.27271199226379395
0.28019198775291443
0.2602919936180115
0.281605988740921
0.247871994972229
0.2830199897289276
0.23545199632644653
0.2844339907169342
0.22303299605846405
0.285849004983902
0.21061299741268158
0.28726300597190857
0.1981929987668991
0.28867700695991516
0.18577300012111664
0.29898801445961
0.17870700359344482
0.3092989921569824
0.171641007065773
0.3196110129356384
0.16457499563694
0.32992199063301086
0.1575089991092682
0.3402329981327057
0.15044300258159637
0.3505440056324005
0.14337700605392456
0.36085501313209534
0.13631099462509155
0.37116700410842896
0.12924499809741974
0.38360801339149475
0.12803199887275696
0.39604899287223816
0.12681899964809418
0.40849000215530396
0.12560699880123138
0.42093101143836975
0.1243939995765686
0.43337199091911316
0.12318100035190582
0.44581300020217896
0.12196800112724304
0.45825400948524475
0.12075500190258026
0.47069498896598816
0.11954200267791748
0.4674629867076874
0.1316169947385788
0.4642300009727478
0.1436920017004013
0.460997998714447
0.15576699376106262
0.45776599645614624
0.16784200072288513
0.45453399419784546
0.17991599440574646
0.4513019919395447
0.19199100136756897
0.4480699896812439
0.20406599342823029
0.4448370039463043
0.2161410003900528
0.44790899753570557
0.22825799882411957
0.4509809911251068
0.24037499725818634
0.45405301451683044
0.2524909973144531
0.4571250081062317
0.2646079957485199
0.46019598841667175
0.27672499418258667
0.4632680118083954
0.28884100914001465
0.46634000539779663
0.3009580075740814
0.4694119989871979
0.3130750060081482
0.47220200300216675
0.3252590000629425
0.4749920070171356
0.337444007396698
0.4777820110321045
0.3496290147304535
0.4805710017681122
0.3618130087852478
0.48336100578308105
0.3739979863166809
0.4861510097980499
0.3861829936504364
0.4889410138130188
0.3983669877052307
0.4917309880256653
0.4105519950389862
0.5038899779319763
0.4076499938964844
0.516048014163971
0.40474799275398254
0.528207004070282
0.4018459916114807
0.5403649806976318
0.3989439904689789
0.5525239706039429
0.39604198932647705
0.5646820068359375
0.3931399881839752
0.5768409967422485
0.3902379870414734
0.5889989733695984
0.38733598589897156
0.5996159911155701
0.3939340114593506
0.6102319955825806
0.4005320072174072
0.6208490133285522
0.40713098645210266
0.6314659714698792
0.4137290120124817
0.6420829892158508
0.42032700777053833
0.6526989936828613
0.42692500352859497
0.663316011428833
0.4335229992866516
0.6739330291748047
0.44012099504470825
0.6639699935913086
0.4430539906024933
