0.4152739942073822
0.44683998823165894
0.412663996219635
0.4590640068054199
0.4100539982318878
0.4712890088558197
0.4074440002441406
0.4835129976272583
0.40483400225639343
0.4957379996776581
0.40222400426864624
0.5079619884490967
0.39961400628089905
0.5201870203018188
0.39700400829315186
0.5324109792709351
0.39439401030540466
0.5446360111236572
0.3824959993362427
0.5408030152320862
0.3705979883670807
0.5369700193405151
0.3587009906768799
0.5331370234489441
0.3468030095100403
0.529304027557373
0.3349049985408783
0.5254709720611572
0.3230069875717163
0.5216389894485474
0.3111090064048767
0.5178059935569763
0.2992109954357147
0.5139729976654053
0.2951219975948334
0.5021610260009766
0.291032999753952
0.4903480112552643
0.2869440019130707
0.4785360097885132
0.28285500407218933
0.4667240083217621
0.278766006231308
0.454912006855011
0.27467700839042664
0.4430989921092987
0.2705880105495453
0.4312869906425476
0.26649799942970276
0.4194749891757965
0.2789579927921295
0.42047300934791565
0.29141899943351746
0.4214709997177124
0.3038789927959442
0.42246899008750916
0.31633898615837097
0.4234670102596283
0.3287990093231201
0.42446500062942505
0.3412590026855469
0.4254629909992218
0.35371899604797363
0.42646101117134094
0.3661789894104004
0.4274590015411377
0.3722600042819977
0.4165380001068115
0.37834200263023376
0.40561699867248535
0.38442298769950867
0.3946959972381592
0.39050400257110596
0.383774995803833
0.39658498764038086
0.37285399436950684
0.40266600251197815
0.36193299293518066
0.40874800086021423
0.3510119915008545
0.41482898592948914
0.3400909900665283
0.4197629988193512
0.3515760004520416
0.42469799518585205
0.36305999755859375
0.4296320080757141
0.37454500794410706
0.4345659911632538
0.386029988527298
0.43950098752975464
0.3975149989128113
0.4444350004196167
0.4090000092983246
0.44936901330947876
0.4204849898815155
0.4543040096759796
0.4319700002670288
0.45868000388145447
0.44367799162864685
0.4630570113658905
0.4553869962692261
0.46743398904800415
0.4670960009098053
0.4718109965324402
0.47880399227142334
0.4761880040168762
0.49051299691200256
0.48056501150131226
0.5022220015525818
0.4849419891834259
0.5139300227165222
0.48931899666786194
0.525638997554779
0.49570098519325256
0.536387026309967
0.5020840167999268
0.5471339821815491
0.5084670186042786
0.5578820109367371
0.5148490071296692
0.5686299800872803
0.521232008934021
0.5793769955635071
0.5276150107383728
0.5901250243186951
0.5339969992637634
0.6008719801902771
0.5403800010681152
0.6116200089454651
0.5489749908447266
0.6206960082054138
0.5575690269470215
0.6297730207443237
0.5661640167236328
0.6388490200042725
0.5747590065002441
0.6479259729385376
0.5833529829978943
0.6570019721984863
0.5919479727745056
0.6660789847373962
0.6005420088768005
0.675154983997345
0.6091369986534119
0.6842319965362549
0.6163880228996277
0.6944140195846558
0.6236379742622375
0.7045959830284119
0.6308889985084534
0.7147790193557739
0.638139009475708
0.72496098279953
0.645389974117279
0.7351430058479309
0.6526399850845337
0.7453259825706482
0.6598910093307495
0.7555080056190491
0.6671410202980042
0.7656909823417664
0.6779670119285583
0.7719389796257019
0.6887930035591125
0.7781879901885986
0.6996189951896667
0.7844370007514954
0.710444986820221
0.7906849980354309
0.7212709784507751
0.7969340085983276
0.7320979833602905
0.8031830191612244
0.7429239749908447
0.8094310164451599
0.7537500262260437
0.8156800270080566
0.7660840153694153
0.8136489987373352
0.7784180045127869
0.8116179704666138
0.7907509803771973
0.8095870018005371
0.8030850291252136
0.8075569868087769
0.8154190182685852
0.8055260181427002
0.8277530074119568
0.8034949898719788
0.8400869965553284
0.8014640212059021
0.8524209856987
0.7994329929351807
0.86490797996521
0.8000010251998901
0.87739497423172
0.8005689978599548
0.8898820281028748
0.8011369705200195
0.9023690223693848
0.801705002784729
0.9148569703102112
0.8022729754447937
0.927344024181366
0.8028410077095032
0.939831018447876
0.8034089803695679
0.952318012714386
0.8039770126342773
0.9404550194740295
0.8000379800796509
0.9285910129547119
0.7960990071296692
0.9167280197143555
0.7921609878540039
0.904865026473999
0.7882220149040222
0.8930019736289978
0.7842829823493958
0.881138026714325
0.7803450226783752
0.8692749738693237
0.7764059901237488
0.8574119806289673
0.7724670171737671
0.8463010191917419
0.7667400240898132
0.8351899981498718
0.7610129714012146
0.8240789771080017
0.7552859783172607
0.8129680156707764
0.7495589852333069
0.8018569946289062
0.743831992149353
0.7907459735870361
0.7381049990653992
0.779636025428772
0.7323780059814453
0.7685250043869019
0.7266510128974915
0.7749840021133423
0.7147780060768127
0.7814429998397827
0.7029039859771729
0.7879019975662231
0.6910300254821777
0.7943620085716248
0.679157018661499
