0.5110470056533813
0.7967129945755005
0.5021380186080933
0.8054810166358948
0.4932299852371216
0.8142499923706055
0.4843209981918335
0.8230190277099609
0.4754129946231842
0.8317869901657104
0.4665040075778961
0.8405560255050659
0.45759499073028564
0.8493239879608154
0.44868698716163635
0.8580930233001709
0.43977800011634827
0.8668619990348816
0.43465501070022583
0.878262996673584
0.429531991481781
0.8896650075912476
0.42440900206565857
0.9010670185089111
0.41928601264953613
0.9124690294265747
0.4141629934310913
0.9238709807395935
0.40904000401496887
0.9352729916572571
0.40391701459884644
0.9466750025749207
0.3987939953804016
0.9580770134925842
0.3872019946575165
0.9533979892730713
0.37561100721359253
0.9487190246582031
0.3640199899673462
0.9440410137176514
0.35242798924446106
0.9393619894981384
0.3408370018005371
0.9346830248832703
0.32924601435661316
0.9300040006637573
0.3176549971103668
0.9253249764442444
0.3060629963874817
0.9206470251083374
0.29561498761177063
0.9137849807739258
0.28516700863838196
0.9069229960441589
0.2747189998626709
0.9000610113143921
0.26427099108695984
0.8931990265846252
0.25382301211357117
0.8863369822502136
0.2433750033378601
0.8794749975204468
0.23292599618434906
0.8726130127906799
0.2224780023097992
0.8657510280609131
0.21126000583171844
0.8602380156517029
0.2000409960746765
0.8547250032424927
0.18882200121879578
0.8492130041122437
0.17760300636291504
0.8436999917030334
0.1663839966058731
0.8381869792938232
0.15516600012779236
0.8326749801635742
0.14394700527191162
0.8271620273590088
0.1327279955148697
0.8216500282287598
0.13500499725341797
0.8093590140342712
0.13728199899196625
0.7970679998397827
0.13955999910831451
0.7847769856452942
0.1418370008468628
0.7724859714508057
0.14411400258541107
0.7601950168609619
0.14639100432395935
0.7479050159454346
0.14866800606250763
0.735614001750946
0.15094499289989471
0.7233229875564575
0.15506799519062042
0.7115219831466675
0.15918999910354614
0.6997209787368774
0.16331200301647186
0.6879209876060486
0.16743400692939758
0.6761199831962585
0.1715559959411621
0.6643189787864685
0.17567799985408783
0.6525179743766785
0.17980000376701355
0.6407179832458496
0.18392199277877808
0.6289169788360596
0.19559399783611298
0.6244419813156128
0.2072650045156479
0.619966983795166
0.2189369946718216
0.6154919862747192
0.2306080013513565
0.6110169887542725
0.2422800064086914
0.6065419912338257
0.2539519965648651
0.6020669937133789
0.2656230032444
0.5975919961929321
0.27729499340057373
0.5931169986724854
0.2865149974822998
0.58467698097229
0.2957350015640259
0.5762360095977783
0.30495500564575195
0.567795991897583
0.31417399644851685
0.5593550205230713
0.3233940005302429
0.550915002822876
0.332614004611969
0.5424739718437195
0.34183400869369507
0.534034013748169
0.35105401277542114
0.5255929827690125
0.3501890003681183
0.5131229758262634
0.34932300448417664
0.5006530284881592
0.348457008600235
0.48818299174308777
0.34759199619293213
0.47571301460266113
0.3467260003089905
0.4632430076599121
0.3458609879016876
0.4507730007171631
0.34499499201774597
0.43830299377441406
0.3441289961338043
0.42583298683166504
0.3368630111217499
0.4156619906425476
0.32959601283073425
0.4054909944534302
0.32232901453971863
0.3953210115432739
0.3150629997253418
0.3851499855518341
0.30779600143432617
0.3749789893627167
0.30052998661994934
0.36480799317359924
0.2932629883289337
0.3546369969844818
0.2859959900379181
0.3444660007953644
0.27553099393844604
0.3376300036907196
0.265065997838974
0.33079400658607483
0.25460100173950195
0.32395899295806885
0.2441360056400299
0.3171229958534241
0.23366999626159668
0.3102869987487793
0.22320500016212463
0.3034510016441345
0.2127400040626526
0.29661500453948975
0.20227499306201935
0.28977900743484497
0.20861299335956573
0.2790049910545349
0.21494999527931213
0.26823100447654724
0.22128799557685852
0.2574560046195984
0.2276259958744049
0.24668200314044952
0.2339639961719513
0.23590800166130066
0.2403009980916977
0.2251340001821518
0.24663899838924408
0.21435999870300293
0.25297701358795166
0.20358499884605408
0.2554289996623993
0.1913280040025711
0.2578809857368469
0.17907099425792694
0.26033300161361694
0.16681399941444397
0.26278600096702576
0.154557004570961
0.2652379870414734
0.14229999482631683
0.2676900029182434
0.13004299998283386
0.27014198899269104
0.1177859976887703
0.27259400486946106
0.10552900284528732
0.2847389876842499
0.10848899930715561
0.2968829870223999
0.11144900321960449
0.3090279996395111
0.11440899968147278
0.32117199897766113
0.11737000197172165
0.33331599831581116
0.12032999843358994
0.34546101093292236
0.12329000234603882
0.3576050102710724
0.1262509971857071
0.3697499930858612
0.12921099364757538
0.3774619996547699
0.11937399953603745
0.3851749897003174
0.10953699797391891
0.39288800954818726
0.09970050305128098
0.40060099959373474
0.08986370265483856
0.4083139896392822
0.08002690225839615
0.4160270094871521
0.07019010186195374
0.4237389862537384
0.06035330146551132
0.4314520061016083
0.05051660165190697
0.4387750029563904
0.06064710021018982
0.4460979998111725
0.07077769935131073
0.4534200131893158
0.08090820163488388
0.4607430100440979
0.09103869646787643
0.46806600689888
0.10116899758577347
0.4753879904747009
0.11129999905824661
0.48271098732948303
0.12143000215291977
0.4900340139865875
0.13156099617481232
0.4976019859313965
0.1415099948644638
0.5051699876785278
0.1514579951763153
0.5127379894256592
0.1614069938659668
0.5203059911727905
0.1713549941778183
0.5278739929199219
0.1813039928674698
0.5354419946670532
0.19125300645828247
0.5430099964141846
0.20120100677013397
0.5505779981613159
0.21115000545978546
0.5629410147666931
0.21299299597740173
0.5753049850463867
0.2148369997739792
0.5876680016517639
0.21668000519275665
0.6000310182571411
0.21852299571037292
0.6123949885368347
0.22036699950695038
0.6247580051422119
0.22221000492572784
0.6371210217475891
0.22405299544334412
0.6494849920272827
0.22589699923992157
0.6562089920043945
0.21535900235176086
0.6629329919815063
0.20482200384140015
0.6696569919586182
0.19428400695323944
0.67638099193573
0.18374699354171753
0.6831049919128418
0.1732099950313568
0.6898289918899536
0.1626719981431961
0.6965529918670654
0.1521349996328354
0.7032769918441772
0.14159700274467468
0.7105410099029541
0.1517699956893921
0.717805027961731
0.1619430035352707
0.725068986415863
0.1721149981021881
0.7323330044746399
0.1822880059480667
0.7395970225334167
0.19246099889278412
0.74686199426651
0.20263400673866272
0.7541260123252869
0.21280600130558014
0.761389970779419
0.22297899425029755
0.7703689932823181
0.23167499899864197
0.7793490290641785
0.2403700053691864
0.7883279919624329
0.24906599521636963
0.7973080277442932
0.25776201486587524
0.8062880039215088
0.26645800471305847
0.815267026424408
0.2751539945602417
0.8242470026016235
0.28384900093078613
0.8332269787788391
0.29254499077796936
0.8456060290336609
0.2908160090446472
0.8579859733581543
0.2890860140323639
0.8703659772872925
0.2873559892177582
0.8827459812164307
0.28562700748443604
0.8951249718666077
0.2838970124721527
0.9075049757957458
0.2821680009365082
0.919884979724884
0.28043800592422485
0.9322649836540222
0.27870801091194153
0.9369919896125793
0.266618013381958
0.9417200088500977
0.2545270025730133
0.946448028087616
0.2424360066652298
0.9511759877204895
0.2303449958562851
