0.5378310084342957
0.4491310119628906
0.526045024394989
0.4532949924468994
0.5142589807510376
0.4574579894542694
0.502472996711731
0.4616219997406006
0.49068599939346313
0.4657849967479706
0.4788999855518341
0.46994900703430176
0.46711400151252747
0.47411200404167175
0.45532798767089844
0.47827601432800293
0.4435420036315918
0.4824399948120117
0.43680301308631897
0.49296799302101135
0.43006399273872375
0.503495991230011
0.4233259856700897
0.514024019241333
0.4165869951248169
0.5245519876480103
0.40984898805618286
0.5350800156593323
0.40310999751091003
0.5456079840660095
0.396371990442276
0.5561360120773315
0.3896329998970032
0.56666499376297
0.37891799211502075
0.5602269768714905
0.3682039976119995
0.5537890195846558
0.3574889898300171
0.5473510026931763
0.34677499532699585
0.5409129858016968
0.3360599875450134
0.5344750285148621
0.3253450095653534
0.5280370116233826
0.31463098526000977
0.5215989947319031
0.30391600728034973
0.5151609778404236
0.2937670052051544
0.5224570035934448
0.2836169898509979
0.5297539830207825
0.2734679877758026
0.5370500087738037
0.2633180022239685
0.5443469882011414
0.2531690001487732
0.5516430139541626
0.24301999807357788
0.5589399933815002
0.23286999762058258
0.5662360191345215
0.22272099554538727
0.5735329985618591
0.220318004488945
0.5612660050392151
0.21791400015354156
0.548999011516571
0.2155109941959381
0.536732017993927
0.21310800313949585
0.5244659781455994
0.2107049971818924
0.5121989846229553
0.20830200612545013
0.4999319911003113
0.20589900016784668
0.48766499757766724
0.20349599421024323
0.4753980040550232
0.2016409933567047
0.4659300148487091
