0.45287400484085083
0.8187710046768188
0.44282400608062744
0.8262040019035339
0.43277499079704285
0.833636999130249
0.42272499203681946
0.8410699963569641
0.41267499327659607
0.8485029935836792
0.4026249945163727
0.8559359908103943
0.3925749957561493
0.8633689880371094
0.3825249969959259
0.8708019852638245
0.3724749982357025
0.8782359957695007
0.36243098974227905
0.8707950115203857
0.352387011051178
0.8633540272712708
0.3423430025577545
0.855912983417511
0.33229899406433105
0.8484730124473572
0.3222540020942688
0.8410320281982422
0.31220999360084534
0.8335909843444824
0.3021659851074219
0.8261510133743286
0.2921220064163208
0.8187100291252136
0.28998100757598877
0.8063949942588806
0.28784000873565674
0.7940790057182312
0.2856999933719635
0.7817639708518982
0.28355899453163147
0.76944899559021
0.28141799569129944
0.7571330070495605
0.2792780101299286
0.7448179721832275
0.27713701128959656
0.7325029969215393
0.2749960124492645
0.7201870083808899
0.27387699484825134
0.7077379822731018
0.27275699377059937
0.6952880024909973
0.2716369926929474
0.6828380227088928
0.2705169916152954
0.6703879833221436
0.2693980038166046
0.6579390168190002
0.26827800273895264
0.645488977432251
0.26715800166130066
0.6330389976501465
0.2660380005836487
0.620589017868042
0.27500098943710327
0.6118760108947754
0.28396400809288025
0.6031630039215088
0.29292699694633484
0.5944499969482422
0.30188900232315063
0.5857369899749756
0.3108519911766052
0.577023983001709
0.3198150098323822
0.5683109760284424
0.3287779986858368
0.5595980286598206
0.3377409875392914
0.550885021686554
0.32971298694610596
0.5413029789924622
0.32168498635292053
0.5317220091819763
0.3136569857597351
0.5221409797668457
0.3056289851665497
0.5125589966773987
0.29760101437568665
0.5029780268669128
0.2895730137825012
0.4933969974517822
0.2815450131893158
0.4838150143623352
0.27351701259613037
0.474234014749527
0.2670150101184845
0.46355798840522766
0.26051199436187744
0.4528830051422119
0.25400999188423157
0.442207008600235
0.2475080043077469
0.43153101205825806
0.24100500345230103
0.4208559989929199
0.23450300097465515
0.410180002450943
0.22800099849700928
0.39950400590896606
0.22149799764156342
0.38882899284362793
0.22954699397087097
0.3792650103569031
0.23759500682353973
0.36970099806785583
0.2456440031528473
0.3601360023021698
0.25369200110435486
0.35057199001312256
0.2617410123348236
0.3410080075263977
0.2697890102863312
0.33144399523735046
0.27783700823783875
0.3218800127506256
0.2858859896659851
0.31231600046157837
0.29597601294517517
0.31969401240348816
0.30606698989868164
0.32707199454307556
0.3161570131778717
0.33444899320602417
0.3262479901313782
0.34182700514793396
0.33633801341056824
0.34920498728752136
0.3464289903640747
0.35658299922943115
0.35651901364326477
0.36396101117134094
0.36660900712013245
0.37133899331092834
0.3772850036621094
0.3648360073566437
0.3879610002040863
0.3583340048789978
0.39863601326942444
0.35183098912239075
0.40931200981140137
0.3453289866447449
0.4199869930744171
0.3388260006904602
0.43066298961639404
0.33232399821281433
0.4413380026817322
0.32582199573516846
0.4520139992237091
0.3193190097808838
0.4587189853191376
0.32986900210380554
0.46542298793792725
0.3404189944267273
0.4721280038356781
0.35096800327301025
0.47883298993110657
0.361517995595932
0.48553699254989624
0.37206798791885376
0.4922420084476471
0.3826180100440979
0.49894699454307556
0.39316698908805847
0.5056509971618652
0.4037170112133026
0.5106390118598938
0.4151790142059326
0.5156270265579224
0.42664098739624023
0.5206149816513062
0.43810299038887024
0.5256019830703735
0.44956400990486145
0.5305899977684021
0.46102601289749146
0.5355780124664307
0.4724879860877991
0.5405660271644592
0.4839499890804291
0.5455530285835266
0.4954110085964203
0.5499410033226013
0.5071160197257996
0.5543280243873596
0.5188210010528564
0.5587149858474731
0.5305259823799133
0.5631020069122314
0.542231023311615
0.5674890279769897
0.5539360046386719
0.5718759894371033
0.5656399726867676
0.5762630105018616
0.5773450136184692
0.5806499719619751
0.5890499949455261
0.5692409873008728
0.5821189880371094
0.5578320026397705
0.5751879811286926
