0.036262501031160355
0.43290799856185913
0.048758599907159805
0.4332199990749359
0.061254698783159256
0.4335330128669739
0.073750801384449
0.43384501338005066
0.0862468034029007
0.43415799736976624
0.09874290227890015
0.4344710111618042
0.1112390011548996
0.434783011674881
0.12373500317335129
0.43509599566459656
0.13623100519180298
0.43540799617767334
0.14798499643802643
0.43115299940109253
0.15973800420761108
0.4268980026245117
0.17149199545383453
0.4226430058479309
0.1832450032234192
0.4183880090713501
0.19499899446964264
0.4141330122947693
0.2067520022392273
0.4098779857158661
0.21850599348545074
0.4056229889392853
0.2302590012550354
0.40136799216270447
0.2356410026550293
0.39008599519729614
0.2410220056772232
0.3788039982318878
0.2464040070772171
0.3675220012664795
0.251785010099411
0.35623899102211
0.2571670114994049
0.34495699405670166
0.2625479996204376
0.33367499709129333
0.2679300010204315
0.322393000125885
0.27331098914146423
0.3111099898815155
0.28486600518226624
0.3063420057296753
0.29642099142074585
0.3015750050544739
0.30797600746154785
0.2968069911003113
0.31953099370002747
0.29203900694847107
0.33108600974082947
0.28727099299430847
0.3426409959793091
0.28250399231910706
0.3541960120201111
0.27773600816726685
0.3657509982585907
0.27296799421310425
0.3776029944419861
0.27694201469421387
0.3894540071487427
0.2809160053730011
0.40130600333213806
0.28488999605178833
0.41315698623657227
0.28886398673057556
0.42500901222229004
0.2928380072116852
0.43685999512672424
0.2968119978904724
0.44871199131011963
0.30078598856925964
0.4605630040168762
0.30476099252700806
0.46347200870513916
0.3169170022010803
0.4663819968700409
0.3290739953517914
0.46929100155830383
0.34123098850250244
0.4722000062465668
0.3533869981765747
0.4751099944114685
0.36554399132728577
0.47801899909973145
0.3777010142803192
0.4809280037879944
0.3898580074310303
0.4838379919528961
0.40201398730278015
0.48600199818611145
0.4143249988555908
0.4881669878959656
0.4266360104084015
0.4903320074081421
0.43894800543785095
0.4924969971179962
0.45125898718833923
0.49466198682785034
0.4635699987411499
0.49682700634002686
0.47588101029396057
0.498991996049881
0.48819199204444885
0.5011569857597351
0.5005030035972595
0.5087460279464722
0.5104359984397888
0.5163350105285645
0.5203679800033569
0.5239239931106567
0.5303009748458862
0.531512975692749
0.5402330160140991
0.5391020178794861
0.5501660108566284
0.5466920137405396
0.5600979924201965
0.5542809963226318
0.5700299739837646
0.5618699789047241
0.5799630284309387
0.5646169781684875
0.5921570062637329
0.567363977432251
0.6043519973754883
0.570110023021698
0.6165459752082825
0.5728570222854614
0.6287410259246826
0.5756040215492249
0.6409350037574768
0.5783500075340271
0.6531299948692322
0.5810970067977905
0.6653239727020264
0.583844006061554
0.6775190234184265
0.5880979895591736
0.6892729997634888
0.5923529863357544
0.7010260224342346
0.5966079831123352
0.7127799987792969
0.6008620262145996
0.7245339751243591
0.6051170229911804
0.736286997795105
0.6093710064888
0.7480409741401672
0.6136260032653809
0.7597950100898743
0.6178799867630005
0.7715479731559753
0.6284930109977722
0.7781530022621155
0.6391059756278992
0.7847579717636108
0.6497179865837097
0.7913619875907898
0.6603310108184814
0.7979670166969299
0.6709439754486084
0.8045709729194641
0.681555986404419
0.8111760020256042
0.6921690106391907
0.8177809715270996
0.7027819752693176
0.8243849873542786
0.7071139812469482
0.8361110091209412
0.7114459872245789
0.8478360176086426
0.7157779932022095
0.859561026096344
0.7201099991798401
0.8712869882583618
0.7244420051574707
0.8830119967460632
0.7287750244140625
0.8947370052337646
0.7331069707870483
0.9064620137214661
0.737438976764679
0.9181879758834839
0.7491919994354248
0.9116979837417603
0.7609450221061707
0.9052090048789978
