0.9235849976539612
0.5825279951095581
0.9226940274238586
0.5949959754943848
0.9218029975891113
0.6074650287628174
0.9209120273590088
0.619933009147644
0.9200209975242615
0.6324009895324707
0.9191300272941589
0.6448690295219421
0.9182389974594116
0.65733802318573
0.9173480272293091
0.6698060035705566
0.9164569973945618
0.6822739839553833
0.916375994682312
0.6947739720344543
0.9162939786911011
0.707273006439209
0.9162120223045349
0.71977299451828
0.916130006313324
0.7322729825973511
0.916047990322113
0.7447729706764221
0.9159659743309021
0.7572720050811768
0.9158840179443359
0.7697719931602478
0.915802001953125
0.7822719812393188
0.9161790013313293
0.7947660088539124
0.9165570139884949
0.8072599768638611
0.9169340133666992
0.8197550177574158
0.9173110127449036
0.8322489857673645
0.9176890254020691
0.844743013381958
0.9180660247802734
0.8572379946708679
0.9184430241584778
0.8697320222854614
0.9188200235366821
0.8822259902954102
0.9136350154876709
0.8932139873504639
0.9084489941596985
0.9042009711265564
0.9032629728317261
0.9151880145072937
0.8980770111083984
0.9261749982833862
0.892890989780426
0.9371629953384399
0.8877050280570984
0.9481499791145325
