0.5142369866371155
0.551364004611969
0.5248900055885315
0.5579040050506592
0.5355430245399475
0.5644429922103882
0.5461959838867188
0.5709819793701172
0.5568490028381348
0.577521026134491
0.5675020217895508
0.5840610265731812
0.578154981136322
0.5906000137329102
0.5888090133666992
0.5971390008926392
0.5994619727134705
0.6036779880523682
0.606997013092041
0.6136519908905029
0.6145319938659668
0.6236249804496765
0.6220679879188538
0.6335980296134949
0.6296030282974243
0.6435719728469849
0.6371390223503113
0.6535450220108032
0.6446740031242371
0.6635180115699768
0.652209997177124
0.6734920144081116
0.6597449779510498
0.6834650039672852
0.669638991355896
0.6737220287322998
0.679531991481781
0.6639779806137085
0.689424991607666
0.6542350053787231
0.699317991733551
0.644491970539093
0.7092120051383972
0.6347489953041077
