0.5796909928321838
0.06918790191411972
0.5806339979171753
0.08165229856967926
0.5815770030021667
0.0941167026758194
0.582518994808197
0.10658100247383118
0.5834619998931885
0.11904600262641907
0.5844050049781799
0.13151000440120697
0.5853469967842102
0.14397400617599487
0.5862900018692017
0.15643900632858276
0.5872319936752319
0.16890299320220947
0.5878580212593079
0.1813870072364807
0.588483989238739
0.19387200474739075
0.5891100168228149
0.2063560038805008
0.5897349715232849
0.21884000301361084
0.5903609991073608
0.23132500052452087
0.5909870266914368
0.24380899965763092
0.5916129946708679
0.25629299879074097
0.5922380089759827
0.268777996301651
0.5924819707870483
0.2567969858646393
0.5927249789237976
0.24481600522994995
0.5929679870605469
0.23283399641513824
