0.6561899781227112
0.10899200290441513
0.6547650098800659
0.12141100317239761
0.6533399820327759
0.1338289976119995
0.6519150137901306
0.146247997879982
0.6504899859428406
0.1586659997701645
0.6490650177001953
0.17108500003814697
0.6476399898529053
0.18350300192832947
0.64621502161026
0.19592200219631195
0.64478999376297
0.20834000408649445
0.6438689827919006
0.22080600261688232
0.6429489850997925
0.2332720011472702
0.6420279741287231
0.24573799967765808
0.6411070227622986
0.25820401310920715
0.6401870250701904
0.270671010017395
0.6392660140991211
0.2831369936466217
0.6383460164070129
0.2956030070781708
0.6374250054359436
0.30806899070739746
0.6363199949264526
0.3205200135707855
0.6352159976959229
0.3329710066318512
0.6341109871864319
0.34542199969291687
0.6330059766769409
0.35787299275398254
0.6319019794464111
0.3703239858150482
0.6307970285415649
0.3827750086784363
0.629692018032074
0.39522600173950195
0.6285880208015442
0.4076769948005676
0.6168559789657593
0.41286298632621765
0.6051250100135803
0.41804900765419006
0.5933930277824402
0.4232339859008789
0.5816619992256165
0.4284200072288513
0.5699300169944763
0.43360599875450134
0.5581989884376526
0.4387910068035126
