0.2009049952030182
0.9215270280838013
0.204708993434906
0.9096189737319946
0.20851199328899384
0.897711992263794
0.21231600642204285
0.8858050107955933
0.21611900627613068
0.8738970160484314
0.2199230045080185
0.8619899749755859
0.22372600436210632
0.8500829935073853
0.22753000259399414
0.8381760120391846
0.23133300244808197
0.8262680172920227
0.24269400537014008
0.821054995059967
0.254054993391037
0.8158419728279114
0.2654159963130951
0.8106279969215393
0.2767769992351532
0.8054149746894836
0.2881380021572113
0.8002020120620728
0.2994990050792694
0.7949879765510559
0.3108600080013275
0.789775013923645
0.3222210109233856
0.7845619916915894
0.3293760120868683
0.7743120193481445
0.33652999997138977
0.7640619874000549
0.34368500113487244
0.7538120150566101
0.3508400022983551
0.7435619831085205
0.35799500346183777
0.7333120107650757
0.36514899134635925
0.7230629920959473
0.3723039925098419
0.7128130197525024
0.3794589936733246
0.7025629878044128
0.3871380090713501
0.6927000284194946
0.3948169946670532
0.6828370094299316
0.40249699354171753
0.6729739904403687
0.41017600893974304
0.6631109714508057
0.41785499453544617
0.6532480120658875
0.4255340099334717
0.6433849930763245
0.433214008808136
0.6335219740867615
0.4408929944038391
0.6236590147018433
0.4301289916038513
0.6154749989509583
0.4193660020828247
0.6072900295257568
0.4086019992828369
0.5991060137748718
0.3978379964828491
0.5909219980239868
