0.9348329901695251
0.7641909718513489
0.9224050045013428
0.765533983707428
0.9099770188331604
0.7668780088424683
0.8975499868392944
0.7682219743728638
0.8851220011711121
0.769565999507904
0.8726950287818909
0.7709100246429443
0.8602669835090637
0.7722539901733398
0.8478400111198425
0.7735980153083801
0.8354120254516602
0.7749419808387756
0.8229349851608276
0.7741870284080505
0.8104580044746399
0.7734320163726807
0.7979810237884521
0.7726770043373108
0.7855029702186584
0.7719230055809021
0.7730259895324707
0.7711679935455322
0.760549008846283
0.7704129815101624
0.7480720281600952
0.7696580290794373
0.7355949878692627
0.7689030170440674
0.7338100075721741
0.7565320134162903
0.7320240139961243
0.744159996509552
0.7302389740943909
0.7317879796028137
0.7284539937973022
0.7194160223007202
0.7266690135002136
0.7070440053939819
0.7248839735984802
0.6946719884872437
0.7230989933013916
0.6822999715805054
0.721314013004303
0.6699280142784119
0.725009024143219
0.6579869985580444
0.7287049889564514
0.646045982837677
0.7324010133743286
0.6341050267219543
0.7360960245132446
0.6221640110015869
0.739791989326477
0.6102219820022583
0.7434880137443542
0.5982810258865356
0.7471830248832703
0.5863400101661682
0.7508789896965027
0.5743989944458008
0.7631769776344299
0.5721589922904968
0.7754740118980408
0.5699189901351929
0.787771999835968
0.5676800012588501
0.8000699877738953
0.5654399991035461
0.8123670220375061
0.5631999969482422
0.8246650099754333
0.5609610080718994
0.8369629979133606
0.5587210059165955
0.8492609858512878
0.5564810037612915
0.8570200204849243
0.5662239789962769
0.864778995513916
0.5759660005569458
0.8725379705429077
0.5857089757919312
0.8802970051765442
0.5954520106315613
0.8880559802055359
0.6051949858665466
