0.2428790032863617
0.6061969995498657
0.24504999816417694
0.5938869714736938
0.2472209930419922
0.5815759897232056
0.24939100444316864
0.5692660212516785
0.2515619993209839
0.5569559931755066
0.2537330090999603
0.5446460247039795
0.2559030055999756
0.5323359966278076
0.25807398557662964
0.5200260281562805
0.2602449953556061
0.5077160000801086
0.26635900139808655
0.49681299924850464
0.272473007440567
0.4859110116958618
0.2785870134830475
0.4750080108642578
0.28470098972320557
0.4641050100326538
0.29081499576568604
0.4532029926776886
0.2969290018081665
0.4422999918460846
0.303043007850647
0.4313969910144806
0.30915701389312744
0.4204939901828766
0.3077319860458374
0.4080759882926941
0.30630600452423096
0.3956579864025116
0.3048810064792633
0.3832390010356903
0.3034549951553345
0.3708209991455078
0.3020299971103668
0.3584020137786865
0.300603985786438
0.34598401188850403
0.29917898774147034
0.33356499671936035
0.2977530062198639
0.32114699482917786
0.30825498700141907
0.31436699628829956
0.31875601410865784
0.30758601427078247
0.329257994890213
0.3008059859275818
0.3397589921951294
0.2940259873867035
0.3502599895000458
0.2872459888458252
0.36076200008392334
0.2804659903049469
0.3712629973888397
0.2736850082874298
0.3817639946937561
0.2669050097465515
0.3942059874534607
0.2681159973144531
0.4066469967365265
0.2693279981613159
0.4190880060195923
0.27053898572921753
0.4315289855003357
0.27175000309944153
0.4439699947834015
0.27296099066734314
0.4564119875431061
0.27417200803756714
0.4688529968261719
0.27538400888442993
0.48129400610923767
0.27659499645233154
0.4875830113887787
0.28739699721336365
0.4938719868659973
0.29820001125335693
0.5001609921455383
0.30900299549102783
0.5064510107040405
0.31980499625205994
0.5127400159835815
0.3306080102920532
0.5190290212631226
0.3414100110530853
0.5253180265426636
0.3522129952907562
0.5316069722175598
0.3630160093307495
0.5373219847679138
0.37413299083709717
0.5430359840393066
0.3852500021457672
0.5487499833106995
0.39636799693107605
0.5544639825820923
0.4074850082397461
0.5601779818534851
0.41860300302505493
0.5658919811248779
0.429720014333725
0.5716069936752319
0.4408380091190338
0.5773209929466248
0.45195499062538147
0.5823259949684143
0.4634090065956116
0.5873309969902039
0.47486400604248047
0.5923359990119934
0.4863179922103882
0.5973420143127441
0.4977720081806183
0.6023470163345337
0.5092260241508484
0.6073520183563232
0.5206800103187561
0.6123570203781128
0.5321339964866638
0.6173620223999023
0.5435889959335327
0.6256840229034424
0.5529159903526306
0.6340060234069824
0.5622429847717285
0.6423280239105225
0.5715699791908264
0.6506500244140625
0.5808969736099243
0.6589720249176025
0.590224027633667
0.6672940254211426
0.5995510220527649
0.6756160259246826
0.608879029750824
0.6839380264282227
0.6182060241699219
0.6939759850502014
0.6256539821624756
0.7040150165557861
0.6331030130386353
0.7140529751777649
0.640550971031189
0.7240920066833496
0.6480000019073486
0.7341300249099731
0.6554480195045471
0.7441679835319519
0.662896990776062
0.7542070150375366
0.6703450083732605
0.7642449736595154
0.677793025970459
0.7696220278739929
0.6890779733657837
0.7749980092048645
0.7003629803657532
0.7803750038146973
0.7116469740867615
0.7857509851455688
0.722931981086731
0.7911279797554016
0.7342169880867004
0.796504020690918
0.7455009818077087
0.8018810153007507
0.7567859888076782
0.8072569966316223
0.7680709958076477
0.8097000122070312
0.7803300023078918
0.8121430277824402
0.792589008808136
0.8145849704742432
0.8048480153083801
0.8170279860496521
0.8171070218086243
0.819471001625061
0.8293660283088684
0.8219130039215088
0.8416249752044678
0.8243560194969177
0.8538839817047119
0.8267989754676819
0.866142988204956
0.8202390074729919
0.8767840266227722
0.8136799931526184
0.8874239921569824
0.8071209788322449
0.8980649709701538
0.8005620241165161
0.90870600938797
0.7940030097961426
0.9193469882011414
0.787443995475769
0.9299880266189575
0.7808849811553955
0.9406290054321289
0.7743250131607056
0.9512699842453003
