0.24439199268817902
0.3755980134010315
0.24417300522327423
0.36309999227523804
0.24395400285720825
0.3506009876728058
0.24373500049114227
0.3381029963493347
0.2435159981250763
0.32560500502586365
0.24329699575901031
0.3131070137023926
0.24307799339294434
0.3006089925765991
0.24285900592803955
0.28811100125312805
0.24264000356197357
0.275613009929657
0.254036009311676
0.27047601342201233
0.2654309868812561
0.2653380036354065
0.27682700753211975
0.26020100712776184
0.28822198510169983
0.2550640106201172
0.2996180057525635
0.24992699921131134
0.31101301312446594
0.2447890043258667
0.3224090039730072
0.23965199291706085
0.33380401134490967
0.2345149964094162
0.3400999903678894
0.22371600568294525
0.34639498591423035
0.2129170000553131
0.35269099473953247
0.20211799442768097
0.3589859902858734
0.19131900370121002
0.36528199911117554
0.18051999807357788
0.3715769946575165
0.16972100734710693
0.3778719902038574
0.1589220017194748
0.38416799902915955
0.14812299609184265
0.3916270136833191
0.13890700042247772
0.39908701181411743
0.1296910047531128
0.4065459966659546
0.12047500163316727
0.41400599479675293
0.11125999689102173
0.4214650094509125
0.1020440012216568
