0.33551299571990967
0.8282219767570496
0.32635799050331116
0.8197110295295715
0.31720399856567383
0.8111990094184875
0.3080489933490753
0.8026880025863647
0.2988939881324768
0.7941769957542419
0.2897399961948395
0.785664975643158
0.28058499097824097
0.7771540284156799
0.27143099904060364
0.7686430215835571
0.2622759938240051
0.7601310014724731
0.25058498978614807
0.7557070255279541
0.2388940006494522
0.7512819766998291
0.22720399498939514
0.7468580007553101
0.21551300585269928
0.7424330115318298
0.20382200181484222
0.738008975982666
0.19213099777698517
0.733585000038147
0.1804410070180893
0.7291600108146667
0.16875000298023224
0.7247359752655029
0.16004399955272675
0.7157660126686096
0.15133699774742126
0.7067970037460327
0.14263099431991577
0.6978269815444946
0.13392500579357147
0.6888579726219177
0.12521900236606598
0.6798880100250244
0.11651299893856049
0.6709179878234863
0.10780700296163559
0.6619489789009094
0.0991005003452301
0.6529790163040161
0.09771289676427841
0.663802981376648
0.09632519632577896
0.6746280193328857
0.09493750333786011
0.6854519844055176
