0.6122639775276184
0.6906620264053345
0.6004989743232727
0.6948869824409485
0.5887349843978882
0.6991109848022461
0.5769699811935425
0.7033360004425049
0.565205991268158
0.7075600028038025
0.5534409880638123
0.7117850184440613
0.5416769981384277
0.7160090208053589
0.529911994934082
0.7202339768409729
0.5181480050086975
0.7244579792022705
0.5056700110435486
0.7252110242843628
0.49319300055503845
0.7259629964828491
0.4807159900665283
0.7267159819602966
0.4682379961013794
0.7274680137634277
0.45576098561286926
0.7282209992408752
0.4432840049266815
0.7289729714393616
0.4308060109615326
0.7297260165214539
0.41832900047302246
0.7304779887199402
0.40972501039505005
0.739546000957489
0.40112099051475525
0.7486140131950378
0.39251700043678284
0.7576810121536255
0.3839139938354492
0.7667490243911743
0.3753100037574768
0.7758169770240784
0.3667060136795044
0.784883975982666
0.3581019937992096
0.7939519882202148
0.3494980037212372
0.8030200004577637
0.34100499749183655
0.7938479781150818
0.3325119912624359
0.7846770286560059
0.32401901483535767
0.775505006313324
0.31552600860595703
0.7663339972496033
0.3070330023765564
0.7571619749069214
0.29853901267051697
0.7479910254478455
0.29004600644111633
0.7388190031051636
0.2815530002117157
0.7296479940414429
0.2793720066547394
0.7173389792442322
0.27719101309776306
0.7050309777259827
0.27500998973846436
0.6927229762077332
0.27282899618148804
0.6804149746894836
0.2706480026245117
0.6681060194969177
0.2684670090675354
0.6557980179786682
0.2662859857082367
0.6434900164604187
0.2641049921512604
0.6311820149421692
0.2710520029067993
0.6207900047302246
0.27799901366233826
0.61039799451828
0.2849459946155548
0.6000059843063354
0.29189300537109375
0.5896139740943909
0.2988399863243103
0.5792229771614075
0.30578699707984924
0.5688310265541077
0.3127340078353882
0.5584390163421631
0.31968098878860474
0.5480470061302185
0.3207840025424957
0.5355960130691528
0.3218879997730255
0.5231450200080872
0.3229910135269165
0.5106940269470215
0.3240950107574463
0.4982430040836334
0.3251979947090149
0.48579099774360657
0.3263019919395447
0.4733400046825409
0.32740500569343567
0.4608890116214752
0.32850900292396545
0.44843798875808716
0.33971700072288513
0.442903995513916
0.3509249985218048
0.4373700022697449
0.36213400959968567
0.43183600902557373
0.37334200739860535
0.4263029992580414
0.384550005197525
0.42076900601387024
0.3957589864730835
0.4152350127696991
0.40696701407432556
0.40970098972320557
0.41817599534988403
0.4041680097579956
0.42987000942230225
0.40858200192451477
0.44156399369239807
0.4129970073699951
0.4532589912414551
0.41741201281547546
0.4649530053138733
0.4218269884586334
0.4766469895839691
0.42624199390411377
0.4883419871330261
0.4306569993495941
0.5000360012054443
0.43507200479507446
0.5117310285568237
0.4394870102405548
0.5199999809265137
0.4488599896430969
0.5282700061798096
0.4582340121269226
0.5365390181541443
0.4676080048084259
0.5448089838027954
0.4769810140132904
0.5530779957771301
0.4863550066947937
0.561348021030426
0.495728999376297
0.569616973400116
0.5051019787788391
0.5778869986534119
0.5144760012626648
0.5843930244445801
0.5022969841957092
0.5909000039100647
0.49011799693107605
0.5974060297012329
0.47793900966644287
0.6039119958877563
0.4657610058784485
0.610418975353241
0.4535819888114929
0.6169250011444092
0.44140300154685974
