0.618861973285675
0.24441899359226227
0.6205490231513977
0.2568039894104004
0.6222370266914368
0.2691900134086609
0.6239240169525146
0.2815749943256378
0.6256110072135925
0.2939609885215759
0.6272979974746704
0.3063470125198364
0.6289849877357483
0.31873199343681335
0.6306729912757874
0.33111798763275146
0.6323599815368652
0.3435029983520508
0.6337469816207886
0.3559260070323944
0.6351339817047119
0.36834898591041565
0.6365200281143188
0.3807719945907593
0.6379070281982422
0.3931950032711029
0.6392940282821655
0.40561801195144653
0.6406810283660889
0.418040007352829
0.642067015171051
0.4304629862308502
0.6434540152549744
0.44288599491119385
0.6456239819526672
0.45519599318504333
0.6477940082550049
0.467507004737854
0.6499639749526978
0.4798170030117035
0.6521329879760742
0.492127001285553
0.6543030142784119
0.5044370293617249
0.6564729809761047
0.5167480111122131
0.6586430072784424
0.5290579795837402
0.6608120203018188
0.5413680076599121
0.6732079982757568
0.539758026599884
0.6856039762496948
0.5381489992141724
0.6980000138282776
0.5365390181541443
0.7103959918022156
0.5349289774894714
0.7227920293807983
0.5333200097084045
0.7351880073547363
0.5317100286483765
0.7475839853286743
0.5301010012626648
0.7599800229072571
0.5284910202026367
0.7641249895095825
0.5402839779853821
0.7682700157165527
0.552075982093811
0.7724149823188782
0.5638689994812012
0.7765600085258484
0.5756620168685913
0.7807049751281738
0.5874540209770203
0.7848510146141052
0.5992469787597656
0.7889959812164307
0.6110399961471558
0.7931410074234009
0.6228320002555847
0.7976539731025696
0.6344889998435974
0.8021680116653442
0.6461459994316101
0.8066809773445129
0.6578029990196228
0.8111950159072876
0.6694589853286743
0.8157079815864563
0.681115984916687
0.820222020149231
0.6927729845046997
0.8247349858283997
0.7044289708137512
0.8292490243911743
0.7160859704017639
0.8323529958724976
0.7281950116157532
0.8354570269584656
0.7403029799461365
0.8385609984397888
0.7524110078811646
0.8416640162467957
0.764519989490509
0.8447679877281189
0.7766280174255371
0.8478720188140869
0.7887369990348816
0.8509759902954102
0.8008450269699097
0.8540800213813782
0.8129540085792542
0.8416100144386292
0.8079270124435425
0.8291400074958801
0.8029000163078308
0.8166689872741699
0.7978730201721191
0.8041989803314209
0.7928469777107239
