0.6202520132064819
0.4779619872570038
0.6279330253601074
0.4878239929676056
0.6356130242347717
0.4976849853992462
0.6432939767837524
0.5075470209121704
0.6509749889373779
0.5174090266227722
0.6586560010910034
0.5272709727287292
0.6663370132446289
0.537132978439331
0.6740170121192932
0.5469949841499329
0.6816980242729187
0.5568559765815735
0.6846550107002258
0.5690010190010071
0.6876130104064941
0.5811470150947571
0.6905699968338013
0.5932919979095459
0.6935269832611084
0.6054369807243347
0.6964840292930603
0.6175820231437683
0.6994420289993286
0.6297270059585571
0.7023990154266357
0.641871988773346
0.7053560018539429
0.654017984867096
0.7163050174713135
0.6453679800033569
0.7272539734840393
0.6367179751396179
0.7382029891014099
0.6280679702758789
0.7491520047187805
0.6194180250167847
0.7601019740104675
0.6107680201530457
