0.2787199914455414
0.43345800042152405
0.27240899205207825
0.4442479908466339
0.2660979926586151
0.45503801107406616
0.25978800654411316
0.465828001499176
0.25347700715065
0.4766179919242859
0.2471659928560257
0.48740801215171814
0.24085499346256256
0.498198002576828
0.23454399406909943
0.5089880228042603
0.22823399305343628
0.5197780132293701
0.2159069925546646
0.5218499898910522
0.20357899367809296
0.5239220261573792
0.1912519931793213
0.5259940028190613
0.17892499268054962
0.5280659794807434
0.16659800708293915
0.5301380157470703
0.15427100658416748
0.5322099924087524
0.1419440060853958
0.5342820286750793
0.12961700558662415
0.5363529920578003
0.13593000173568726
0.5466200113296509
0.14224199950695038
0.5568860173225403
