0.823173999786377
0.6758630275726318
0.8120970129966736
0.6816539764404297
0.801019012928009
0.6874449849128723
0.7899410128593445
0.6932349801063538
0.7788630127906799
0.6990259885787964
0.7677860260009766
0.704816997051239
0.756708025932312
0.7106080055236816
0.7456300258636475
0.7163990139961243
0.7345520257949829
0.7221890091896057
0.7236070036888123
0.7282270193099976
0.7126619815826416
0.7342640161514282
0.7017170190811157
0.7403020262718201
0.6907709836959839
0.7463390231132507
0.679826021194458
0.7523769736289978
0.6688809990882874
0.7584139704704285
0.6579350233078003
0.7644519805908203
0.6469900012016296
0.770488977432251
0.6356059908866882
0.7756500244140625
0.6242210268974304
0.7808120250701904
0.6128360033035278
0.7859730124473572
0.6014519929885864
0.7911350131034851
0.5900670289993286
0.7962960004806519
0.578682005405426
0.8014580011367798
0.5672979950904846
0.8066189885139465
0.555912971496582
0.8117799758911133
0.5453010201454163
0.8183860182762146
0.5346890091896057
0.82499098777771
0.5240769982337952
0.8315969705581665
0.5134639739990234
0.8382019996643066
0.5028520226478577
0.8448079824447632
0.4922400116920471
0.8514130115509033
0.4816280007362366
0.8580179810523987
0.471015989780426
0.8646240234375
0.45981699228286743
0.8701760172843933
0.44861701130867004
0.8757280111312866
0.43741801381111145
0.8812810182571411
0.42621898651123047
0.8868330121040344
0.4150199890136719
0.8923850059509277
0.4038200080394745
0.897936999797821
0.3926210105419159
0.9034889936447144
0.3814220130443573
0.9090420007705688
0.3806770145893097
0.8965640068054199
0.3799310028553009
0.884086012840271
0.3791860044002533
0.8716080188751221
0.3784410059452057
0.8591309785842896
0.3776949942111969
0.8466529846191406
0.3769499957561493
0.8341749906539917
0.3762049973011017
0.8216969966888428
0.3754599988460541
0.809220016002655
0.3696039915084839
0.7981759905815125
0.3637489974498749
0.7871320247650146
0.35789400339126587
0.7760879993438721
0.35203900933265686
0.7650439739227295
0.34618398547172546
0.7540000081062317
0.34032899141311646
0.7429559826850891
0.33447301387786865
0.7319129705429077
0.32861799001693726
0.7208690047264099
0.32537099719047546
0.7087979912757874
0.32212400436401367
0.6967269778251648
0.3188770115375519
0.684656023979187
0.3156310021877289
0.6725850105285645
0.3123840093612671
0.6605139970779419
0.3091369867324829
0.6484429836273193
0.3058899939060211
0.6363720297813416
0.3026430010795593
0.624301016330719
0.29281699657440186
0.6169790029525757
0.2829909920692444
0.6096580028533936
0.2731640040874481
0.6023359894752502
0.26333799958229065
0.5950139760971069
