0.742438018321991
0.4619629979133606
0.731859028339386
0.46862199902534485
0.7212809920310974
0.4752820134162903
0.7107020020484924
0.48194101452827454
0.7001240253448486
0.4886009991168976
0.6895459890365601
0.49526000022888184
0.6789669990539551
0.5019189715385437
0.6683890223503113
0.5085790157318115
0.6578109860420227
0.5152379870414734
0.6505290269851685
0.5253980159759521
0.6432470083236694
0.5355589985847473
0.6359660029411316
0.5457190275192261
0.6286839842796326
0.5558789968490601
0.6214029788970947
0.5660390257835388
0.6141210198402405
0.5761989951133728
0.6068390011787415
0.5863590240478516
0.5995579957962036
0.5965189933776855
0.5942500233650208
0.6078360080718994
0.5889419913291931
0.6191539764404297
0.5836349725723267
0.6304709911346436
0.5783270001411438
0.6417880058288574
0.5730190277099609
0.6531050205230713
0.5677120089530945
0.6644219756126404
0.5624039769172668
0.6757400035858154
0.557096004486084
0.6870570182800293
0.5497639775276184
0.6971799731254578
0.5424320101737976
0.7073040008544922
0.5350990295410156
0.7174270153045654
0.52776700258255
0.7275509834289551
0.5204349756240845
0.7376750111579895
0.5131019949913025
0.7477980256080627
0.5057700276374817
0.7579219937324524
0.49843698740005493
0.7680450081825256
0.4912090003490448
0.7782430052757263
0.48398101329803467
0.7884420156478882
0.47675299644470215
0.7986400127410889
0.469525009393692
0.8088380098342896
0.4622969925403595
0.8190370202064514
0.45506900548934937
0.8292350172996521
0.44784098863601685
0.8394330143928528
0.4406130015850067
0.8496320247650146
0.43355101346969604
0.8599460124969482
0.426488995552063
0.8702600002288818
0.4194270074367523
0.8805739879608154
0.41236498951911926
0.890887975692749
0.4053030014038086
0.9012010097503662
0.3982410132884979
0.9115149974822998
0.39117899537086487
0.9218289852142334
0.3841170072555542
0.932142972946167
0.37363699078559875
0.9253299832344055
0.3631570041179657
0.918516993522644
0.35267800092697144
0.9117029905319214
0.3421980142593384
0.9048900008201599
0.33171799778938293
0.8980759978294373
0.3212380111217499
0.8912630081176758
0.31075799465179443
0.8844490051269531
0.3002780079841614
0.8776360154151917
0.2932389974594116
0.8673059940338135
0.28619998693466187
0.8569769859313965
0.2791610062122345
0.8466470241546631
0.27212199568748474
0.8363170027732849
0.265082985162735
0.8259879946708679
0.2580440044403076
0.8156579732894897
0.25100499391555786
0.8053280115127563
0.2439659982919693
0.7949979901313782
0.2563909888267517
0.7936270236968994
0.2688150107860565
0.7922559976577759
0.28123998641967773
0.7908849716186523
0.29366499185562134
0.7895140051841736
0.30608901381492615
0.78814297914505
0.31851398944854736
0.7867720127105713
0.3309380114078522
0.7853999733924866
0.3433629870414734
0.7840290069580078
0.3435550034046173
0.7715309858322144
0.34374698996543884
0.7590320110321045
0.3439379930496216
0.746533989906311
0.3441300094127655
0.7340350151062012
0.34432199597358704
0.7215369939804077
0.34451401233673096
0.7090380191802979
0.3447059988975525
0.6965399980545044
0.344897985458374
0.6840410232543945
0.3393230140209198
0.6728529930114746
0.3337480127811432
0.6616650223731995
0.32817399501800537
0.6504769921302795
0.32259899377822876
0.6392880082130432
0.31702500581741333
0.6280999779701233
0.3114500045776367
0.6169120073318481
0.3058759868144989
0.6057239770889282
0.3003009855747223
0.5945360064506531
0.28972500562667847
0.5878729820251465
0.27914801239967346
0.5812109708786011
0.26857200264930725
0.5745480060577393
0.25799599289894104
0.5678859949111938
0.24741899967193604
0.5612229704856873
0.23684300482273102
0.5545610189437866
0.22626599669456482
0.54789799451828
0.2156900018453598
0.5412359833717346
0.2158849984407425
0.5508340001106262
0.21608099341392517
0.5604320168495178
