0.6225230097770691
0.8084869980812073
0.6102370023727417
0.8107929825782776
0.5979520082473755
0.8130999803543091
0.5856660008430481
0.8154060244560242
0.5733810067176819
0.8177120089530945
0.5610960125923157
0.8200179934501648
0.5488100051879883
0.8223249912261963
0.5365250110626221
0.8246309757232666
0.5242390036582947
0.8269370198249817
0.5158370137214661
0.8361920118331909
0.5074350237846375
0.8454470038414001
0.49903199076652527
0.8547009825706482
0.49063000082969666
0.8639559745788574
0.48222801089286804
0.8732110261917114
0.47382500767707825
0.8824660181999207
0.46542298793792725
0.8917199969291687
0.45702001452445984
0.9009749889373779
0.4469139873981476
0.9083309769630432
0.4368070065975189
0.9156860113143921
0.42669999599456787
0.9230419993400574
0.4165929853916168
0.9303969740867615
0.40648698806762695
0.9377530217170715
0.3963800072669983
0.9451079964637756
0.38627299666404724
0.9524639844894409
0.3761659860610962
0.9598190188407898
0.3696939945220947
0.9491249918937683
0.36322200298309326
0.9384310245513916
0.3567500114440918
0.9277369976043701
0.35027799010276794
0.9170429706573486
0.3438059985637665
0.9063490033149719
0.337334007024765
0.895654022693634
0.33086198568344116
0.8849599957466125
0.3243899941444397
0.8742660284042358
0.3222329914569855
0.8619539737701416
0.32007598876953125
0.8496410250663757
0.31791800260543823
0.8373289704322815
0.315760999917984
0.825016975402832
0.3136039972305298
0.8127040266990662
0.31144601106643677
0.8003919720649719
0.30928900837898254
0.788079023361206
0.3071320056915283
0.7757670283317566
0.30321401357650757
0.7638970017433167
0.29929599165916443
0.7520260214805603
0.29537901282310486
0.7401559948921204
0.2914609909057617
0.7282860279083252
0.28754299879074097
0.7164160013198853
0.2836250066757202
0.7045459747314453
0.27970799803733826
0.692674994468689
0.2757900059223175
0.6808050274848938
0.2684069871902466
0.6707180142402649
0.26102501153945923
0.660631000995636
0.2536419928073883
0.6505439877510071
0.24626000225543976
0.6404569745063782
0.23887699842453003
0.630370020866394
0.2314949929714203
0.6202830076217651
0.22411200404167175
0.6101959943771362
0.216729998588562
0.6001089811325073
0.22084000706672668
0.5883039832115173
0.22495000064373016
0.5764989852905273
0.22905999422073364
0.5646939873695374
0.23317000269889832
0.5528889894485474
0.2372799962759018
0.5410839915275574
0.24139000475406647
0.5292789936065674
0.24550099670886993
0.5174739956855774
0.2496110051870346
0.5056689977645874
0.2429710030555725
0.49507901072502136
0.23633000254631042
0.48448801040649414
0.22969000041484833
0.4738979935646057
0.22304999828338623
0.4633069932460785
0.21640999615192413
0.45271700620651245
0.20976999402046204
0.44212600588798523
0.20313000679016113
0.4315359890460968
0.19649000465869904
0.4209449887275696
0.19284699857234955
0.40898799896240234
0.18920400738716125
0.3970310091972351
0.18556100130081177
0.3850730061531067
0.18191799521446228
0.37311598658561707
0.178275004029274
0.36115899682044983
0.1746319979429245
0.3492009937763214
0.1709890067577362
0.3372440040111542
0.16734600067138672
0.32528600096702576
0.1636510044336319
0.3360689878463745
0.15995599329471588
0.34685200452804565
0.15626099705696106
0.3576340079307556
0.15256600081920624
0.36841699481010437
