0.8304290175437927
0.03774790093302727
0.8306300044059753
0.05024629831314087
0.830830991268158
0.06274469941854477
0.8310319781303406
0.07524310052394867
0.8312320113182068
0.08774150162935257
0.8314329981803894
0.10023999959230423
0.831633985042572
0.1127379983663559
0.8318340182304382
0.12523700296878815
0.8320350050926208
0.13773499429225922
0.8316799998283386
0.15023000538349152
0.8313260078430176
0.16272500157356262
0.8309710025787354
0.17521999776363373
0.8306159973144531
0.18771499395370483
0.8302620053291321
0.20021000504493713
0.8299070000648499
0.21270500123500824
0.8295519948005676
0.22519999742507935
0.8291969895362854
0.23769499361515045
0.8279910087585449
0.25013598799705505
0.8267840147018433
0.26257801055908203
0.8255770206451416
0.2750200033187866
0.8243700265884399
0.2874610126018524
0.8231629729270935
0.299903005361557
0.8219559788703918
0.3123440146446228
0.8207489848136902
0.3247860074043274
0.8195419907569885
0.337228000164032
0.8183339834213257
0.3496690094470978
0.8171259760856628
0.3621099889278412
0.8159170150756836
0.37455201148986816
0.8147090077400208
0.3869929909706116
0.8135010004043579
0.39943501353263855
0.8122919797897339
0.41187599301338196
0.811083972454071
0.42431798577308655
0.809876024723053
0.43675899505615234
0.7972450256347656
0.4406229853630066
0.7846140265464783
0.4444870054721832
0.7719830274581909
0.4483500123023987
0.7593520283699036
0.45221400260925293
