0.586368978023529
0.2749690115451813
0.582315981388092
0.2867940068244934
0.5782619714736938
0.29861798882484436
0.5742089748382568
0.3104430139064789
0.5701550245285034
0.322268009185791
0.5661020278930664
0.33409199118614197
0.5620489716529846
0.3459169864654541
0.5579950213432312
0.35774099826812744
0.5539420247077942
0.3695659935474396
0.5475109815597534
0.38028499484062195
0.5410799980163574
0.3910039961338043
0.5346500277519226
0.4017229974269867
0.5282189846038818
0.41244199872016907
0.521789014339447
0.42316100001335144
0.5153579711914062
0.4338800013065338
0.5089269876480103
0.4445990025997162
0.5024970173835754
0.45531800389289856
0.5008640289306641
0.4677110016345978
0.4992299973964691
0.4801029860973358
0.49759700894355774
0.4924960136413574
0.495963990688324
0.5048890113830566
0.4943310022354126
0.5172820091247559
0.4926980137825012
0.5296750068664551
0.49106499552726746
0.5420680046081543
0.4894309937953949
0.5544610023498535
0.4878169894218445
0.5668560266494751
0.48620301485061646
0.5792509913444519
0.48458799719810486
0.5916460156440735
0.48297399282455444
0.6040419936180115
0.48135998845100403
0.6164370179176331
0.4797450006008148
0.6288319826126099
0.4781309962272644
0.6412280201911926
0.476516991853714
0.6536229848861694
0.47478199005126953
0.6660019755363464
0.47304800152778625
0.6783810257911682
0.4713129997253418
0.6907600164413452
0.4695790112018585
0.7031390070915222
0.46784400939941406
0.7155179977416992
0.4661099910736084
0.7278969883918762
0.46437498927116394
0.7402769923210144
0.4626399874687195
0.7526559829711914
0.45696601271629333
0.7637929916381836
0.4512909948825836
0.774931013584137
0.4456169903278351
0.7860689759254456
0.43994200229644775
0.7972059845924377
0.4342670142650604
0.8083440065383911
0.4285930097103119
0.8194820284843445
0.4229179918766022
0.8306199908256531
0.41724300384521484
0.8417569994926453
0.4095599949359894
0.8516169786453247
0.4018760025501251
0.8614760041236877
0.39419201016426086
0.8713359832763672
0.3865079879760742
0.8811950087547302
0.37882399559020996
0.8910549879074097
0.3711409866809845
0.9009140133857727
0.36345699429512024
0.9107739925384521
0.355773001909256
0.9206330180168152
0.3479889929294586
0.9108530282974243
0.34020501375198364
0.9010720252990723
0.3324210047721863
0.8912919759750366
0.3246369957923889
0.8815109729766846
0.31685298681259155
0.8717309832572937
0.3090690076351166
0.8619499802589417
0.3012849986553192
0.8521699905395508
0.29350098967552185
0.8423889875411987
0.2941179871559143
0.8300189971923828
0.29473501443862915
0.8176479935646057
0.2953529953956604
0.8052780032157898
0.29596999287605286
0.7929080128669739
0.2965880036354065
0.7805370092391968
