0.6344860196113586
0.768405020236969
0.6236180067062378
0.7745800018310547
0.6127499938011169
0.7807549834251404
0.6018810272216797
0.7869300246238708
0.5910130143165588
0.7931050062179565
0.580145001411438
0.7992799878120422
0.569275975227356
0.8054550290107727
0.5584080219268799
0.8116300106048584
0.547540009021759
0.8178049921989441
0.5381060242652893
0.8260049819946289
0.5286719799041748
0.8342059850692749
0.5192369818687439
0.8424059748649597
0.5098029971122742
0.8506060242652893
0.5003690123558044
0.8588070273399353
0.49093499779701233
0.8670070171356201
0.4814999997615814
0.8752070069313049
0.4720659852027893
0.8834080100059509
0.4606019854545593
0.8883900046348572
0.44913798570632935
0.8933730125427246
0.43767398595809937
0.8983550071716309
0.4262099862098694
0.9033380150794983
0.4147459864616394
0.9083200097084045
0.4032819867134094
0.913303017616272
0.39181798696517944
0.9182850122451782
0.38035398721694946
0.9232670068740845
0.3746950030326843
0.9121209979057312
0.369037002325058
0.9009749889373779
0.36337900161743164
0.8898289799690247
0.3577210009098053
0.8786829710006714
0.35206300020217896
0.8675370216369629
0.3464049994945526
0.8563910126686096
0.34074699878692627
0.8452450037002563
0.3350889980792999
0.8340989947319031
0.335889995098114
0.8216239809989929
0.3366920053958893
0.809149980545044
0.33749300241470337
0.796675980091095
0.33829399943351746
0.7842010259628296
0.3390960097312927
0.7717270255088806
0.3398970067501068
0.7592530250549316
0.3406989872455597
0.7467790246009827
0.34150001406669617
0.7343040108680725
0.3331089913845062
0.7250400185585022
0.3247169852256775
0.7157750129699707
0.31632599234580994
0.7065100073814392
0.3079339861869812
0.6972460150718689
0.29954299330711365
0.6879810094833374
0.2911520004272461
0.6787160038948059
0.28275999426841736
0.6694520115852356
0.2743690013885498
0.6601870059967041
0.28201600909233093
0.6502990126609802
0.2896629869937897
0.6404119729995728
0.297311007976532
0.6305239796638489
0.3049579858779907
0.620635986328125
0.31260499358177185
0.6107479929924011
0.32025301456451416
0.6008599996566772
0.3278999924659729
0.5909730195999146
0.3355480134487152
0.5810850262641907
0.34554600715637207
0.5735830068588257
0.35554400086402893
0.5660799741744995
0.3655419945716858
0.5585780143737793
0.37553998827934265
0.5510749816894531
0.3855389952659607
0.5435730218887329
0.39553698897361755
0.5360699892044067
0.4055350124835968
0.5285680294036865
0.41553300619125366
0.5210660099983215
0.4273340106010437
0.5251870155334473
0.43913498520851135
0.5293089747428894
0.4509359896183014
0.5334309935569763
0.46273699402809143
0.5375530123710632
0.47453799843788147
0.5416749715805054
0.4863379895687103
0.5457959771156311
0.49813899397850037
0.549917995929718
0.5099400281906128
0.5540400147438049
0.5206329822540283
0.560513973236084
0.5313259959220886
0.5669869780540466
0.5420190095901489
0.5734609961509705
0.5527120232582092
0.5799350142478943
0.5634049773216248
0.5864089727401733
0.5740979909896851
0.592881977558136
0.5847910046577454
0.5993559956550598
0.5954849720001221
0.6058300137519836
0.607243001461029
0.6100720167160034
0.6190009713172913
0.6143140196800232
0.6307590007781982
0.618556022644043
0.6425169706344604
0.6227989792823792
0.6542750000953674
0.6270409822463989
0.6660330295562744
0.6312829852104187
0.6777909994125366
0.6355260014533997
0.6895490288734436
0.6397680044174194
0.699446976184845
0.6474019885063171
0.7093459963798523
0.6550359725952148
0.7192440032958984
0.6626700162887573
0.7291420102119446
0.670304000377655
0.7390400171279907
0.6779379844665527
0.7489380240440369
0.685571014881134
0.7588359713554382
0.6932049989700317
0.7687339782714844
0.7008389830589294
0.780023992061615
0.7062060236930847
0.7913129925727844
0.7115730047225952
0.802603006362915
0.7169389724731445
0.8138920068740845
0.7223060131072998
0.8251810073852539
0.7276719808578491
0.8364710211753845
0.7330390214920044
0.847760021686554
0.7384060025215149
0.8590490221977234
0.7437719702720642
0.8568440079689026
0.7567020058631897
