0.3993780016899109
0.8177379965782166
0.38687899708747864
0.817907989025116
0.37438100576400757
0.8180779814720154
0.3618820011615753
0.8182479739189148
0.34938299655914307
0.8184170126914978
0.3368839919567108
0.8185870051383972
0.32438498735427856
0.8187569975852966
0.3118860125541687
0.818926990032196
0.29938700795173645
0.8190969824790955
0.292820006608963
0.8084610104560852
0.2862530052661896
0.7978249788284302
0.27968499064445496
0.7871900200843811
0.2731179893016815
0.7765539884567261
0.2665500044822693
0.7659180164337158
0.25998300313949585
0.7552819848060608
0.2534160017967224
0.7446470260620117
0.246848002076149
0.7340109944343567
0.24554499983787537
0.7215790152549744
0.24424199759960175
0.7091469764709473
0.24293899536132812
0.6967149972915649
0.2416359931230545
0.6842830181121826
0.24033300578594208
0.6718509793281555
0.23903000354766846
0.6594190001487732
0.23772700130939484
0.6469879746437073
0.23642300069332123
0.634555995464325
0.24337199330329895
0.6241649985313416
0.2503199875354767
0.6137740015983582
0.2572689950466156
0.6033830046653748
0.26421698927879333
0.5929920077323914
0.27116599678993225
0.5826020240783691
0.27811399102211
0.5722110271453857
0.2850619852542877
0.5618199706077576
0.29201099276542664
0.5514289736747742
0.30340099334716797
0.546280026435852
0.3147909939289093
0.5411310195922852
0.3261820077896118
0.5359830260276794
0.33757200837135315
0.5308340191841125
0.3489629924297333
0.5256850123405457
0.3603529930114746
0.5205360054969788
0.37174299359321594
0.515388011932373
0.38313400745391846
0.5102390050888062
0.3766700029373169
0.4995400011539459
0.3702070116996765
0.4888400137424469
0.36374399065971375
0.47814100980758667
0.35728099942207336
0.46744099259376526
0.350818008184433
0.45674198865890503
0.3443540036678314
0.4460430145263672
0.33789101243019104
0.4353429973125458
0.33142799139022827
0.42464399337768555
0.3371959924697876
0.41355401277542114
0.3429639935493469
0.40246400237083435
0.34873199462890625
0.39137500524520874
0.3544999957084656
0.38028499484062195
0.3602679967880249
0.36919501423835754
0.36603501439094543
0.35810598731040955
0.3718029856681824
0.34701600670814514
0.3775709867477417
0.33592599630355835
0.38773199915885925
0.33228200674057007
