0.1787170022726059
0.06651879847049713
0.17632900178432465
0.07878860086202621
0.1739400029182434
0.09105829894542694
0.17155200242996216
0.10332799702882767
0.1691640019416809
0.11559800058603287
0.16677600145339966
0.12786799669265747
0.1643880009651184
0.14013700187206268
0.16200000047683716
0.15240700542926788
0.15961100161075592
0.1646769940853119
0.17202399671077728
0.16614900529384613
0.18443700671195984
0.1676200032234192
0.1968510001897812
0.16909199953079224
0.20926399528980255
0.17056399583816528
0.2216770052909851
0.17203600704669952
0.23409000039100647
0.17350800335407257
0.24650299549102783
0.17497900128364563
0.2589159905910492
0.17645099759101868
0.2709810137748718
0.17318400740623474
0.28304699063301086
0.16991600394248962
0.2951120138168335
0.1666489988565445
0.30717700719833374
0.16338199377059937
0.31924301385879517
0.16011400520801544
0.3313080072402954
0.1568470001220703
0.34337401390075684
0.1535789966583252
0.3554390072822571
0.15031200647354126
0.36456599831581116
0.14195400476455688
0.3736940026283264
0.13359500467777252
0.3828209936618805
0.12523700296878815
