0.72878098487854
0.3502199947834015
0.7201420068740845
0.35925400257110596
0.7115030288696289
0.3682880103588104
0.7028639912605286
0.3773230016231537
0.694225013256073
0.38635700941085815
0.6855859756469727
0.39539098739624023
0.6769469976425171
0.4044249951839447
0.6683080196380615
0.41345900297164917
0.6596689820289612
0.42249301075935364
0.6527959704399109
0.4329339861869812
0.6459230184555054
0.44337499141693115
0.6390500068664551
0.4538159966468811
0.6321769952774048
0.46425700187683105
0.6253049969673157
0.474698007106781
0.6184319853782654
0.48513901233673096
0.6115589737892151
0.4955799877643585
0.6046860218048096
0.5060210227966309
0.5976330041885376
0.5163419842720032
0.5905799865722656
0.5266619920730591
0.5835270285606384
0.536981999874115
0.5764740109443665
0.5473020076751709
0.5694209933280945
0.5576220154762268
0.5623679757118225
0.5679420232772827
0.5553150177001953
0.5782619714736938
0.5482620000839233
0.5885819792747498
0.5417839884757996
0.5992730259895325
0.5353059768676758
0.6099629998207092
0.5288280248641968
0.6206539869308472
0.5223510265350342
0.6313440203666687
0.5158730149269104
0.6420350074768066
0.5093950033187866
0.6527259945869446
0.5029169917106628
0.6634160280227661
0.49643900990486145
0.674107015132904
0.4914189875125885
0.685554027557373
0.4864000082015991
0.6970019936561584
0.48137998580932617
0.7084500193595886
0.4763599932193756
0.719897985458374
0.47134000062942505
0.731344997882843
0.4663200080394745
0.7427930235862732
0.46129998564720154
0.7542409896850586
0.456279993057251
0.7656890153884888
0.44505101442337036
0.7711799740791321
0.43382200598716736
0.7766709923744202
0.42259299755096436
0.7821630239486694
0.41136300563812256
0.7876539826393127
0.40013399720191956
0.7931450009346008
0.38890498876571655
0.7986369729042053
0.37767601013183594
0.8041279911994934
0.36644700169563293
0.8096190094947815
0.35416701436042786
0.8119549751281738
0.3418869972229004
0.8142910003662109
0.3296070098876953
0.8166260123252869
0.31732699275016785
0.8189619779586792
0.30504700541496277
0.8212980031967163
0.2927680015563965
0.8236340284347534
0.2804880142211914
0.8259699940681458
0.26820799708366394
0.8283050060272217
0.2727310061454773
0.8366619944572449
