0.8345230221748352
0.849075973033905
0.8463019728660583
0.8448899984359741
0.8580800294876099
0.8407040238380432
0.8698580265045166
0.8365179896354675
0.8816360235214233
0.8323310017585754
0.8934140205383301
0.8281450271606445
0.9051929712295532
0.8239589929580688
0.9169710278511047
0.8197730183601379
0.9287490248680115
0.8155869841575623
0.9164789915084839
0.8131999969482422
0.9042090177536011
0.8108140230178833
0.8919389843940735
0.8084279894828796
0.8796679973602295
0.8060420155525208
0.8673980236053467
0.8036559820175171
0.8551279902458191
0.801268994808197
0.8428580164909363
0.7988830208778381
0.8305879831314087
0.7964969873428345
0.8237619996070862
0.7860249876976013
0.8169370293617249
0.7755529880523682
0.8101109862327576
0.765080988407135
0.8032850027084351
0.7546089887619019
0.796459972858429
0.7441369891166687
0.7896339893341064
0.7336660027503967
0.7828080058097839
0.7231940031051636
0.7759829759597778
0.7127220034599304
0.7634980082511902
0.7133520245552063
0.751013994216919
0.7139809727668762
0.7385299801826477
0.7146109938621521
0.7260460257530212
0.715241014957428
0.71356201171875
0.7158709764480591
0.7010779976844788
0.716500997543335
0.6885939836502075
0.7171300053596497
0.676110029220581
0.7177600264549255
0.6638050079345703
0.7199620008468628
0.6515009999275208
0.7221639752388
0.63919597864151
0.7243660092353821
0.626891016960144
0.7265679836273193
0.6145870089530945
0.7287700176239014
0.6022819876670837
0.7309719920158386
0.5899779796600342
0.7331740260124207
0.5776730179786682
0.7353760004043579
0.569694995880127
0.7449979782104492
0.5617160201072693
0.7546200156211853
0.5537369847297668
0.7642430067062378
0.5457580089569092
0.7738649845123291
0.5377799868583679
0.7834870219230652
0.5298010110855103
0.7931100130081177
0.5218219757080078
0.802731990814209
0.5138440132141113
0.8123549818992615
0.5050579905509949
0.8212460279464722
0.496273010969162
0.8301380276679993
0.48748698830604553
0.8390300273895264
0.47870200872421265
0.8479220271110535
0.4699159860610962
0.8568140268325806
0.4611310064792633
0.8657060265541077
0.45234501361846924
0.8745980262756348
0.44356000423431396
0.8834900259971619
0.431892991065979
0.8879759907722473
0.42022600769996643
0.8924620151519775
0.4085580110549927
0.896947979927063
0.3968909978866577
0.9014350175857544
0.38522401452064514
0.9059209823608398
0.3735570013523102
0.9104070067405701
0.3618890047073364
0.9148929715156555
0.35022199153900146
0.9193789958953857
0.34522199630737305
0.9079229831695557
0.34022200107574463
0.8964669704437256
0.335222989320755
0.8850100040435791
0.3302229940891266
0.873553991317749
0.32522299885749817
0.8620970249176025
0.32022300362586975
0.8506410121917725
0.31522300839424133
0.8391839861869812
0.3102230131626129
0.8277279734611511
0.3052229881286621
0.8162710070610046
0.3002229928970337
0.8048149943351746
0.2952229976654053
0.7933580279350281
0.29022300243377686
0.781902015209198
0.28522300720214844
0.7704449892044067
0.28022301197052
0.7589889764785767
0.2752240002155304
0.7475320100784302
0.270224004983902
0.7360759973526001
0.2717519998550415
0.7236700057983398
0.2732810080051422
0.7112640142440796
0.27480998635292053
0.6988570094108582
0.27633899450302124
0.6864510178565979
0.27786800265312195
0.6740450263023376
0.27939701080322266
0.6616389751434326
0.2809250056743622
0.6492329835891724
0.2824540138244629
0.6368269920349121
0.27921900153160095
0.6247529983520508
0.275983989238739
0.6126779913902283
0.27274900674819946
0.6006039977073669
0.26951301097869873
0.5885300040245056
0.2662779986858368
0.5764560103416443
0.26304298639297485
0.564382016658783
0.2598080039024353
0.5523080229759216
0.25657200813293457
0.5402340292930603
0.25219300389289856
0.5285260081291199
0.24781300127506256
0.5168190002441406
0.24343299865722656
0.5051109790802002
0.23905299603939056
0.49340400099754333
0.23467299342155457
0.4816960096359253
0.23029300570487976
0.46998900175094604
0.22591400146484375
0.458281010389328
0.22153399884700775
0.44657400250434875
0.2167389988899231
0.435029000043869
0.21194499731063843
0.42348501086235046
0.20715099573135376
0.4119409918785095
0.2023569941520691
0.40039700269699097
0.19756199419498444
0.3888530135154724
0.19276799261569977
0.37730899453163147
0.1879740059375763
0.3657650053501129
0.18318000435829163
0.354220986366272
0.17630800604820251
0.3645339906215668
0.1694359928369522
0.3748460114002228
0.1625639945268631
0.3851589858531952
0.155691996216774
0.3954710066318512
0.14881999790668488
0.405784010887146
0.14194799959659576
0.4160960018634796
