0.125573992729187
0.7529069781303406
0.13414399325847626
0.7438070178031921
0.1427139937877655
0.7347080111503601
0.15128399431705475
0.7256079912185669
0.159853994846344
0.7165079712867737
0.16842399537563324
0.7074090242385864
0.17699399590492249
0.6983090043067932
0.18556399643421173
0.689208984375
0.19413399696350098
0.680109977722168
0.1962680071592331
0.6677929759025574
0.19840100407600403
0.655476987361908
0.20053499937057495
0.6431599855422974
0.2026679962873459
0.6308429837226868
0.204802006483078
0.6185269951820374
0.20693500339984894
0.6062099933624268
0.20906899869441986
0.5938940048217773
0.2112019956111908
0.5815770030021667
0.205376997590065
0.5705180168151855
0.19955100119113922
0.5594580173492432
0.19372500479221344
0.5483989715576172
0.18789899349212646
0.537339985370636
0.18207299709320068
0.5262799859046936
0.1762470006942749
0.5152209997177124
0.17042100429534912
0.5041620135307312
0.16459499299526215
0.4931020140647888
0.16715200245380402
0.4808669984340668
0.1697089970111847
0.46863099932670593
0.17226600646972656
0.4563950002193451
0.17482300102710724
0.44416001439094543
0.17737899720668793
0.4319239854812622
0.1799360066652298
0.41968798637390137
0.18249300122261047
0.4074519872665405
0.18504999577999115
0.39521700143814087
0.19478200376033783
0.3873730003833771
0.2045149952173233
0.3795289993286133
0.21424700319766998
0.3716849982738495
0.22397999465465546
0.3638409972190857
0.23371200263500214
0.3559960126876831
0.2434449940919876
0.3481520116329193
0.2531769871711731
0.3403080105781555
0.26291000843048096
0.3324640095233917
0.27487099170684814
0.32883599400520325
0.2868329882621765
0.32520800828933716
0.29879501461982727
0.3215799927711487
0.31075701117515564
0.3179520070552826
0.322719007730484
0.3143230080604553
0.3346810042858124
0.31069499254226685
0.34664300084114075
0.30706700682640076
0.3586049973964691
0.3034389913082123
0.35959699749946594
0.29097801446914673
0.36059001088142395
0.2785179913043976
0.3615820109844208
0.26605701446533203
0.3625749945640564
0.2535969913005829
0.3635669946670532
0.24113599956035614
0.36456000804901123
0.22867600619792938
0.36555200815200806
0.21621499955654144
0.3665449917316437
0.20375500619411469
0.3778960108757019
0.19852100312709808
0.3892480134963989
0.19328700006008148
0.40059900283813477
0.1880519986152649
0.4119510054588318
0.1828179955482483
0.4233019948005676
0.17758400738239288
0.43465301394462585
0.17235000431537628
0.4460049867630005
0.16711600124835968
0.4573560059070587
0.16188199818134308
0.4692949950695038
0.16899999976158142
0.48123300075531006
0.17611700296401978
0.4931719899177551
0.18323500454425812
