0.28788599371910095
0.4038029909133911
0.29077500104904175
0.3916420042514801
0.29366499185562134
0.3794800043106079
0.2965550124645233
0.3673189878463745
0.2994439899921417
0.3551569879055023
0.3023340106010437
0.3429960012435913
0.3052240014076233
0.3308350145816803
0.3081130087375641
0.3186730146408081
0.3110029995441437
0.3065119981765747
0.3158000111579895
0.29496899247169495
0.3205980062484741
0.2834259867668152
0.32539498805999756
0.2718830108642578
0.3301919996738434
0.26034098863601685
0.3349890112876892
0.24879799783229828
0.33978700637817383
0.2372550070285797
0.34458398818969727
0.22571200132369995
0.3493809998035431
0.2141689956188202
0.3520660102367401
0.22637799382209778
0.35475000739097595
0.23858599364757538
0.3574349880218506
0.250793993473053
0.3601189851760864
0.26300299167633057
0.36280301213264465
0.27521100640296936
0.3654879927635193
0.28742000460624695
0.3681719899177551
0.29962798953056335
0.37085700035095215
0.31183600425720215
0.3815680146217346
0.3053930103778839
0.3922789990901947
0.2989490032196045
0.4029900133609772
0.2925049960613251
0.41370099782943726
0.28606200218200684
0.4244129955768585
0.2796179950237274
0.435124009847641
0.2731750011444092
0.4458349943161011
0.26673099398612976
0.45654600858688354
0.2602880001068115
0.4642150104045868
0.2701590061187744
0.47188401222229004
0.2800289988517761
0.4795530140399933
0.289900004863739
0.4872229993343353
0.2997710108757019
0.4948920011520386
0.3096419870853424
0.5025609731674194
0.3195129930973053
0.5102300047874451
0.3293839991092682
0.5178989768028259
0.3392550051212311
0.5234860181808472
0.3504369854927063
0.5290729999542236
0.3616189956665039
0.5346599817276001
0.3728010058403015
0.5402470231056213
0.38398298621177673
0.5458340048789978
0.39516499638557434
0.5514209866523743
0.40634700655937195
0.5570080280303955
0.41752898693084717
0.562595009803772
0.4287109971046448
0.5695040225982666
0.43912699818611145
0.5764139890670776
0.4495440125465393
0.5833240151405334
0.459960013628006
0.5902339816093445
0.47037699818611145
0.5971440076828003
0.4807929992675781
0.6040539741516113
0.491210013628006
0.6109640002250671
0.5016260147094727
0.6178730130195618
0.5120429992675781
0.6265249848365784
0.5210649967193604
0.6351770162582397
0.5300869941711426
0.6438289880752563
0.5391089916229248
0.6524800062179565
0.548130989074707
0.6611319780349731
0.5571529865264893
0.6697840094566345
0.5661749839782715
0.6784359812736511
0.5751969814300537
0.6870869994163513
0.5842189788818359
0.6973080039024353
0.5914160013198853
0.7075279951095581
0.5986130237579346
0.7177479863166809
0.6058099865913391
0.7279679775238037
0.6130070090293884
0.7381889820098877
0.620203971862793
0.7484089732170105
0.6274009943008423
0.7586290240287781
0.6345980167388916
0.7688500285148621
0.6417949795722961
0.7737569808959961
0.6532909870147705
0.7786639928817749
0.664788007736206
0.7835710048675537
0.6762840151786804
0.7884789705276489
0.6877809762954712
0.7933859825134277
0.6992769837379456
0.7982929944992065
0.7107740044593811
0.8032010197639465
0.7222700119018555
0.8081079721450806
0.7337660193443298
0.8091670274734497
0.7462220191955566
0.8102260231971741
0.7586770057678223
0.8112850189208984
0.7711319923400879
0.8123440146446228
0.7835869789123535
0.8134030103683472
0.7960420250892639
0.8144620060920715
0.8084970116615295
0.8155210018157959
0.8209519982337952
0.8165799975395203
0.8334069848060608
0.827049970626831
0.84197598695755
0.8375200033187866
0.8505449891090393
