0.24184399843215942
0.37365400791168213
0.25337401032447815
0.3688240051269531
0.2649030089378357
0.3639949858188629
0.27643200755119324
0.3591659963130951
0.2879619896411896
0.3543359935283661
0.2994909882545471
0.34950700402259827
0.31102100014686584
0.34467801451683044
0.3225499987602234
0.33984801173210144
0.3340800106525421
0.33501899242401123
0.32760098576545715
0.3243289887905121
0.3211219906806946
0.31363898515701294
0.314642995595932
0.3029490113258362
0.30816400051116943
0.29225999116897583
0.30168500542640686
0.2815699875354767
0.2952060103416443
0.2708800137042999
0.2887269854545593
0.2601900100708008
0.28224799036979675
0.24950000643730164
0.293597012758255
0.2442619949579239
0.30494698882102966
0.23902300000190735
0.3162960112094879
0.2337850034236908
0.3276459872722626
0.22854599356651306
0.3389950096607208
0.2233079969882965
0.3503440022468567
0.21806900203227997
0.36169400811195374
0.21283100545406342
0.3730430006980896
0.20759299397468567
0.3692820072174072
0.19567200541496277
0.36552101373672485
0.18375100195407867
0.3617599904537201
0.17182999849319458
0.3579989969730377
0.15990899503231049
0.35423800349235535
0.14798900485038757
0.350477010011673
0.13606800138950348
0.3467159867286682
0.12414699792861938
0.34295499324798584
0.11222600191831589
0.3517720103263855
0.10336600244045258
0.36058899760246277
0.0945046991109848
0.36940500140190125
0.08564379811286926
0.3782219886779785
0.07678300142288208
0.3870390057563782
0.06792210042476654
0.39585599303245544
0.05906130000948906
0.4046730101108551
0.05020039901137352
0.4134890139102936
0.04133950173854828
0.4204919934272766
0.051694098860025406
0.42749398946762085
0.06204869970679283
0.4344959855079651
0.0724031999707222
0.4414989948272705
0.08275780081748962
0.44850099086761475
0.09311229735612869
0.455502986907959
0.10346700251102448
0.4625059962272644
0.11382099986076355
0.46950799226760864
0.12417600303888321
0.47919800877571106
0.13207200169563293
0.4888879954814911
0.13996900618076324
0.4985780119895935
0.14786499738693237
0.5082679986953735
0.15576200187206268
0.5179579854011536
0.1636579930782318
0.5276479721069336
0.17155499756336212
0.5373380184173584
0.17945100367069244
0.5470280051231384
0.18734799325466156
0.559145987033844
0.18427999317646027
0.5712630152702332
0.18121099472045898
0.5833809971809387
0.1781429946422577
0.5954989790916443
0.1750749945640564
0.6076160073280334
0.1720069944858551
0.619733989238739
0.1689389944076538
0.6318510174751282
0.16587099432945251
0.6439689993858337
0.16280299425125122
0.6539279818534851
0.1552480012178421
0.6638860106468201
0.1476929932832718
0.6738449931144714
0.14013800024986267
0.6838030219078064
0.13258300721645355
0.6937609910964966
0.12502799928188324
0.703719973564148
0.11747299879789352
0.7136780023574829
0.10991799831390381
0.7236369848251343
0.10236299782991409
0.7361369729042053
0.10234999656677246
0.7486370205879211
0.10233700275421143
0.7611370086669922
0.1023240014910698
0.7736369967460632
0.10231199860572815
0.7861369848251343
0.10229899734258652
0.7986369729042053
0.10228600353002548
0.8111370205879211
0.10227300226688385
0.8236370086669922
0.1022609993815422
0.8144980072975159
0.11089900135993958
0.8053590059280396
0.11953700333833694
0.796218991279602
0.12817500531673431
0.7870799899101257
0.1368129998445511
