0.8875629901885986
0.7787950038909912
0.8757809996604919
0.7746210098266602
0.8639979958534241
0.7704470157623291
0.8522149920463562
0.766273021697998
0.8404330015182495
0.762099027633667
0.8286499977111816
0.7579249739646912
0.816868007183075
0.7537509799003601
0.8050850033760071
0.7495779991149902
0.7933030128479004
0.7454040050506592
0.7813349962234497
0.7417960166931152
0.7693660259246826
0.7381889820098877
0.7573980093002319
0.7345809936523438
0.7454299926757812
0.730974018573761
0.7334619760513306
0.7273659706115723
0.7214940190315247
0.7237589955329895
0.709526002407074
0.7201510071754456
0.6975579857826233
0.716543972492218
0.6899409890174866
0.7066320180892944
0.682325005531311
0.6967200040817261
0.6747090220451355
0.6868090033531189
0.6670929789543152
0.6768969893455505
0.6594769954681396
0.6669849753379822
0.6518599987030029
0.6570730209350586
0.6442440152168274
0.6471610069274902
0.6366279721260071
0.6372500061988831
0.6264209747314453
0.630033016204834
0.6162149906158447
0.6228169798851013
0.606007993221283
0.6156010031700134
0.5958020091056824
0.6083840131759644
0.5855950117111206
0.6011679768562317
0.57538902759552
0.5939520001411438
0.5651819705963135
0.5867350101470947
0.5549749732017517
0.5795189738273621
0.5436879992485046
0.5741479992866516
0.5324010252952576
0.56877601146698
0.5211139917373657
0.5634049773216248
0.5098270177841187
0.5580340027809143
0.4985400140285492
0.5526630282402039
0.48725199699401855
0.5472919940948486
0.4759649932384491
0.541920006275177
0.46467798948287964
0.5365489721298218
0.45537298917770386
0.528203010559082
0.4460679888725281
0.5198559761047363
0.4367629885673523
0.5115100145339966
0.4274570047855377
0.5031629800796509
0.41815200448036194
0.49481698870658875
0.40884700417518616
0.4864700138568878
0.3995420038700104
0.4781239926815033
0.3902370035648346
0.46977698802948
0.37773698568344116
0.4696919918060303
0.3652369976043701
0.4696060121059418
0.35273799300193787
0.4695200026035309
0.3402380049228668
0.4694350063800812
0.3277379870414734
0.4693489968776703
0.3152390122413635
0.4692640006542206
0.3027389943599701
0.4691779911518097
0.29023900628089905
0.4690920114517212
0.2777389883995056
0.4690069854259491
0.26524001359939575
0.4689210057258606
0.2527399957180023
0.4688360095024109
0.24023999273777008
0.46875
0.22774100303649902
0.4686639904975891
0.21524100005626678
0.4685789942741394
0.20274099707603455
0.4684930145740509
0.1902409940958023
0.4684079885482788
