0.05506740137934685
0.5297200083732605
0.06369660049676895
0.5206760168075562
0.072325699031353
0.5116320252418518
0.08095479756593704
0.5025889873504639
0.08958390355110168
0.4935449957847595
0.09821309894323349
0.4845010042190552
0.10684199631214142
0.47545701265335083
0.1154709979891777
0.4664140045642853
0.12409999966621399
0.45737001299858093
0.1363610029220581
0.4549359977245331
0.14862200617790222
0.4525020122528076
0.16088299453258514
0.45006799697875977
0.17314299941062927
0.4476340115070343
0.1854040026664734
0.44520100951194763
0.1976650059223175
0.4427669942378998
0.20992599427700043
0.4403330087661743
0.22218599915504456
0.43789899349212646
0.22790899872779846
0.44901201128959656
0.23363199830055237
0.46012499928474426
0.23935499787330627
0.47123798727989197
0.24507799744606018
0.48235100507736206
0.2508009970188141
0.49346399307250977
0.256523996591568
0.5045760273933411
0.2622469961643219
0.5156890153884888
0.2679699957370758
0.5268020033836365
0.2804679870605469
0.5270670056343079
0.29296499490737915
0.5273320078849792
0.3054620027542114
0.5275970101356506
0.3179590106010437
0.527862012386322
0.3304559886455536
0.5281270146369934
0.34295400977134705
0.5283920168876648
0.35545098781585693
0.5286570191383362
0.3679479956626892
0.5289220213890076
0.3744490146636963
0.5182449817657471
0.3809489905834198
0.5075680017471313
0.3874500095844269
0.49689099192619324
0.3939499855041504
0.4862149953842163
0.40045100450515747
0.4755379855632782
0.40695199370384216
0.4648610055446625
0.41345199942588806
0.45418500900268555
0.41995298862457275
0.44350799918174744
0.42823800444602966
0.4528670012950897
0.43652400374412537
0.4622269868850708
0.44481000304222107
0.4715859889984131
0.4530949890613556
0.48094600439071655
0.4613809883594513
0.49030500650405884
0.4696660041809082
0.4996640086174011
0.4779520034790039
0.5090240240097046
0.4862380027770996
0.5183830261230469
0.4961310029029846
0.5260229706764221
0.5060250163078308
0.5336629748344421
0.515919029712677
0.5413029789924622
0.5258119702339172
0.5489420294761658
0.5357059836387634
0.556581974029541
0.5455989837646484
0.564221978187561
0.5554929971694946
0.571861982345581
0.5653870105743408
0.5795009732246399
0.5732330083847046
0.5892320275306702
0.5810800194740295
0.5989620089530945
0.5889260172843933
0.60869300365448
0.5967730283737183
0.6184229850769043
0.604619026184082
0.6281539797782898
0.6124659776687622
0.6378840208053589
0.620311975479126
0.6476150155067444
0.6281589865684509
0.6573449969291687
0.6391239762306213
0.6633470058441162
0.6500880122184753
0.6693500280380249
0.6610530018806458
0.6753519773483276
0.672016978263855
0.6813549995422363
0.6829820275306702
0.6873570084571838
0.6939460039138794
0.6933590173721313
0.7049109935760498
0.6993619799613953
0.7158750295639038
0.7053639888763428
0.7280330061912537
0.7082700133323669
0.7401900291442871
0.7111759781837463
0.752348005771637
0.7140820026397705
0.7645059823989868
0.7169870138168335
0.7766630053520203
0.7198929786682129
0.7888209819793701
0.7227990031242371
0.8009780049324036
0.7257050275802612
0.8131359815597534
0.7286109924316406
0.8148429989814758
0.7162280082702637
0.8165510296821594
0.7038450241088867
0.8182579874992371
0.691461980342865
0.8199650049209595
0.679078996181488
0.8216729760169983
0.6666960120201111
0.8233799934387207
0.6543130278587341
0.8250880241394043
0.6419309973716736
0.8267949819564819
0.6295480132102966
0.8365529775619507
0.6217359900474548
0.8463119864463806
0.6139240264892578
0.8560699820518494
0.6061130166053772
0.8658289909362793
0.5983009934425354
0.875586986541748
0.5904889702796936
0.8853449821472168
0.5826770067214966
0.8951039910316467
0.574865996837616
0.9048619866371155
0.5670539736747742
0.8926650285720825
0.5629739761352539
0.8804669976234436
0.5588939785957336
0.8682690262794495
0.554813027381897
0.8560709953308105
0.5507329702377319
0.8438739776611328
0.5466529726982117
0.8316760063171387
0.5425729751586914
