0.7465900182723999
0.06632229685783386
0.7436349987983704
0.07846800237894058
0.740680992603302
0.09061379730701447
0.7377259731292725
0.10276000201702118
0.7347710132598877
0.11490499973297119
0.7318159937858582
0.1270509958267212
0.7288619875907898
0.13919700682163239
0.725907027721405
0.15134300291538239
0.7229520082473755
0.1634880006313324
0.7179740071296692
0.17495399713516235
0.7129960060119629
0.1864199936389923
0.7080180048942566
0.19788600504398346
0.7030400037765503
0.20935200154781342
0.698062002658844
0.22081799805164337
0.6930840015411377
0.23228399455547333
0.6881060004234314
0.24375000596046448
0.6831279993057251
0.25521600246429443
0.6760690212249756
0.2655330002307892
0.6690109968185425
0.27584901452064514
0.661952018737793
0.2861649990081787
0.6548939943313599
0.29648199677467346
0.6478350162506104
0.3067980110645294
0.6407769918441772
0.317113995552063
0.6337180137634277
0.32743099331855774
0.6266599893569946
0.3377470076084137
0.6174209713935852
0.34616801142692566
0.6081830263137817
0.35458800196647644
0.5989450216293335
0.3630090057849884
0.5897070169448853
0.3714289963245392
0.5804679989814758
0.37984898686408997
0.5712299942970276
0.38826999068260193
0.5619919896125793
0.3966900110244751
0.5527529716491699
0.40511101484298706
0.5450500249862671
0.4149549901485443
0.5373470187187195
0.42480000853538513
0.5296440124511719
0.43464401364326477
0.5219410061836243
0.444487988948822
0.5142369866371155
0.45433199405670166
0.5065339803695679
0.4641770124435425
0.49883100390434265
0.47402098774909973
0.49112799763679504
0.48386499285697937
0.47961699962615967
0.488739013671875
0.4681060016155243
0.49361199140548706
0.4565950036048889
0.4984849989414215
0.44508400559425354
0.5033590197563171
0.43357300758361816
0.5082319974899292
0.4220620095729828
0.5131049752235413
0.4105510115623474
0.5179790258407593
0.39904099702835083
0.5228520035743713
0.39329901337623596
0.5117480158805847
0.3875569999217987
0.5006449818611145
0.38181599974632263
0.48954200744628906
0.3760739862918854
0.47843900322914124
0.3703320026397705
0.4673349857330322
0.36459100246429443
0.4562320113182068
0.3588489890098572
0.44512900710105896
0.3531070053577423
0.43402498960494995
0.3451170027256012
0.4244129955768585
0.3371259868144989
0.4147999882698059
0.329135000705719
0.4051879942417145
0.3211449980735779
0.39557498693466187
0.313154011964798
0.38596299290657043
0.30516400933265686
0.3763499855995178
0.29717299342155457
0.3667379915714264
0.28918200731277466
0.35712501406669617
0.27879399061203003
0.3501740097999573
0.2684049904346466
0.3432219922542572
0.2580159902572632
0.3362700045108795
0.24762800335884094
0.3293190002441406
0.23723900318145752
0.32236701250076294
0.2268500030040741
0.31541600823402405
0.21646200120449066
0.308463990688324
0.20607300102710724
0.3015120029449463
0.19580000638961792
0.3086329996585846
0.18552599847316742
0.3157550096511841
0.1752530038356781
0.3228760063648224
0.1649799942970276
0.3299970030784607
0.15470699965953827
0.337117999792099
0.14443400502204895
0.3442389965057373
0.13415999710559845
0.3513599932193756
0.12388700246810913
0.3584820032119751
0.13019199669361115
0.3476540148258209
