0.2387170046567917
0.7597969770431519
0.24333399534225464
0.7481809854507446
0.2479500025510788
0.7365649938583374
0.25256600975990295
0.7249490022659302
0.2571829855442047
0.7133319973945618
0.26179900765419006
0.7017160058021545
0.2664160132408142
0.6901000142097473
0.2710320055484772
0.6784830093383789
0.2756490111351013
0.6668670177459717
0.2661130130290985
0.6587849855422974
0.2565769851207733
0.6507030129432678
0.2470410019159317
0.6426209807395935
0.23750600218772888
0.634539008140564
0.22797000408172607
0.6264569759368896
0.21843400597572327
0.6183750033378601
0.20889799296855927
0.6102929711341858
0.19936199486255646
0.6022109985351562
0.19595099985599518
0.5901859998703003
0.1925390064716339
0.5781599879264832
0.18912799656391144
0.5661349892616272
0.18571700155735016
0.5541089773178101
0.1823049932718277
0.5420839786529541
0.17889399826526642
0.5300580263137817
0.17548200488090515
0.5180330276489258
0.17207099497318268
0.5060070157051086
0.1817760020494461
0.4981299936771393
0.19148199260234833
0.49025198817253113
0.20118699967861176
0.48237499594688416
0.21089300513267517
0.474496990442276
0.2205979973077774
0.46661999821662903
0.23030300438404083
0.4587419927120209
0.24000899493694305
0.4508650004863739
0.24971400201320648
0.44298699498176575
0.25613299012184143
0.43226099014282227
0.2625510096549988
0.4215349853038788
0.2689700126647949
0.4108079969882965
0.2753880023956299
0.400081992149353
0.281807005405426
0.38935598731040955
0.28822600841522217
0.37863001227378845
0.29464399814605713
0.36790400743484497
0.30106300115585327
0.3571769893169403
0.291375994682312
0.34927600622177124
0.28169000148773193
0.3413749933242798
0.27200400829315186
0.3334740102291107
0.2623170018196106
0.32557299733161926
0.2526310086250305
0.3176720142364502
0.24294500052928925
0.30977100133895874
0.23325900733470917
0.3018699884414673
0.2235720008611679
0.2939690053462982
0.21614600718021393
0.2839139997959137
0.20871999859809875
0.2738589942455292
0.20129400491714478
0.26380398869514465
0.1938679963350296
0.2537490129470825
0.18644200265407562
0.243694007396698
0.17901599407196045
0.23363900184631348
0.17159000039100647
0.22358399629592896
0.1641640067100525
0.21352900564670563
0.1562110036611557
0.2038850039243698
0.1482589989900589
0.194241002202034
0.1403059959411621
0.18459700047969818
0.1323540061712265
0.17495299875736237
0.12440100312232971
0.16530899703502655
0.11644899845123291
0.15566499531269073
0.10849600285291672
0.14602099359035492
0.10054399818181992
0.1363770067691803
0.10728300362825394
0.12584799528121948
0.11402100324630737
0.11531999707221985
0.1207600012421608
0.10479199886322021
0.12749899923801422
0.09426429867744446
0.13423700630664825
0.08373620361089706
0.14097599685192108
0.07320810109376907
0.1477150022983551
0.06268010288476944
0.15445299446582794
0.05215200036764145
0.16678600013256073
0.05011089891195297
0.17911800742149353
0.048069700598716736
0.19144999980926514
0.04602859914302826
0.20378200709819794
0.04398750141263008
0.21611499786376953
0.041946299374103546
0.22844700515270233
0.03990520164370537
0.24077899754047394
0.03786399960517883
0.25311100482940674
0.035822898149490356
0.2655250132083893
0.037289198487997055
0.27793899178504944
0.03875559940934181
0.2903519868850708
0.04022189974784851
0.30276599526405334
0.04168820008635521
0.3151800036430359
0.04315450042486191
0.32759299874305725
0.04462080076336861
0.3400070071220398
0.046087201684713364
0.35242098569869995
0.047553498297929764
0.36489200592041016
0.04669959843158722
0.3773620128631592
0.045845698565244675
0.389833003282547
0.04499179869890213
0.4023039937019348
0.044137898832559586
0.414775013923645
0.04328399896621704
0.42724600434303284
0.042430099099874496
0.43971601128578186
0.04157619923353195
0.4521870017051697
0.04072219878435135
0.4552159905433655
0.0528498999774456
0.4582439959049225
0.0649774968624115
0.4612720012664795
0.0771050974726677
0.4643000066280365
0.08923269808292389
0.4673289954662323
0.10136000066995621
0.4703570008277893
0.11348800361156464
0.4733850061893463
0.12561599910259247
0.4764139950275421
0.1377429962158203
0.4787049889564514
0.15003100037574768
0.4809960126876831
0.16232000291347504
0.4832879900932312
0.1746080070734024
0.4855790138244629
0.18689599633216858
0.4878700077533722
0.19918400049209595
0.4901610016822815
0.2114730030298233
0.492453008890152
0.22376100718975067
0.4947440028190613
0.23604899644851685
0.4979029893875122
0.2481430023908615
0.5010629892349243
0.2602370083332062
0.5042219758033752
0.27233099937438965
0.5073819756507874
0.2844249904155731
0.5105410218238831
0.2965199947357178
0.5137010216712952
0.30861398577690125
0.5168600082397461
0.3207080066204071
0.520018994808197
0.3328019976615906
0.5238739848136902
0.34469300508499146
0.5277280211448669
0.35658401250839233
0.5315830111503601
0.3684749901294708
0.5354369878768921
0.3803650140762329
0.5392919778823853
0.3922559916973114
0.543146014213562
0.4041469991207123
0.5470010042190552
0.41603800654411316
0.5508549809455872
0.42792901396751404
0.5529459714889526
0.44025298953056335
0.5550370216369629
0.45257699489593506
0.5571290254592896
0.46490100026130676
0.559220016002655
0.4772239923477173
0.5613110065460205
0.489547997713089
0.563401997089386
0.5018720030784607
0.5654929876327515
0.51419597864151
0.5675839781761169
0.5265200138092041
0.5714409947395325
0.5384100079536438
0.5752969980239868
0.5503000020980835
0.5791530013084412
0.5621910095214844
0.5830090045928955
0.5740810036659241
0.5868650078773499
0.5859709978103638
0.5907220244407654
0.5978620052337646
0.5945780277252197
0.6097519993782043
0.5984339714050293
0.621641993522644
0.6034600138664246
0.6330869793891907
0.608485996723175
0.6445320248603821
0.6135119795799255
0.6559770107269287
0.6185380220413208
0.6674219965934753
0.6235650181770325
0.678866982460022
0.628591001033783
0.6903120279312134
0.6336169838905334
0.70175701379776
0.6386430263519287
0.7132019996643066
0.6476119756698608
0.7042970061302185
0.6565799713134766
0.6953930258750916
0.6655489802360535
0.6864879727363586
0.6745179891586304
0.6775829792022705
0.6834869980812073
0.6686779856681824
0.6924560070037842
0.6597729921340942
