0.7375689744949341
0.27241599559783936
0.7362250089645386
0.28484299778938293
0.7348809838294983
0.2972710132598877
0.7335370182991028
0.3096979856491089
0.7321940064430237
0.32212600111961365
0.7308499813079834
0.3345530033111572
0.7295060157775879
0.3469809889793396
0.7281619906425476
0.35940900444984436
0.7268180251121521
0.37183600664138794
0.7143620252609253
0.36823299527168274
0.7019050121307373
0.3646309971809387
0.6894479990005493
0.3610279858112335
0.6769919991493225
0.3574250042438507
0.6645349860191345
0.3538219928741455
0.6520779728889465
0.3502190113067627
