0.062344301491975784
0.7370839715003967
0.06459169834852219
0.7247880101203918
0.06683900207281113
0.7124919891357422
0.06908629834651947
0.7001950144767761
0.07133369892835617
0.6878989934921265
0.07358100265264511
0.6756029725074768
0.07582840323448181
0.6633070111274719
0.07807569950819016
0.6510099768638611
0.08032310009002686
0.6387140154838562
0.0789417028427124
0.6262900233268738
0.07756040245294571
0.6138669848442078
0.07617899775505066
0.6014440059661865
0.07479769736528397
0.5890200138092041
0.07341630011796951
0.5765969753265381
0.07203499972820282
0.5641729831695557
0.07065369933843613
0.5517500042915344
0.06927230209112167
0.539326012134552
0.07851660251617432
0.5287089943885803
0.08776090294122696
0.5180919766426086
0.09700530022382736
0.5074750185012817
