0.3869200050830841
0.15975800156593323
0.39900898933410645
0.15657900273799896
0.41109800338745117
0.1533990055322647
0.4231869876384735
0.15022000670433044
0.43527600169181824
0.14704099297523499
0.4473649859428406
0.14386199414730072
0.4594539999961853
0.14068199694156647
0.47154301404953003
0.1375029981136322
0.48363199830055237
0.13432399928569794
0.48633599281311035
0.14652800559997559
0.4890410006046295
0.15873099863529205
0.4917460083961487
0.1709350049495697
0.49445000290870667
0.18313899636268616
0.49715501070022583
0.1953430026769638
0.4998599886894226
0.20754699409008026
0.502564013004303
0.2197510004043579
0.5052689909934998
0.23195500671863556
0.5072469711303711
0.24429699778556824
0.5092250108718872
0.2566399872303009
0.5112029910087585
0.2689819931983948
0.5131809711456299
0.28132501244544983
0.515159010887146
0.2936669886112213
0.5171369910240173
0.30601000785827637
0.5191140174865723
0.31835201382637024
0.5210919976234436
0.3306950032711029
0.522707998752594
0.3430899977684021
0.5243229866027832
0.3554849922657013
0.5259389877319336
0.3678799867630005
0.5275539755821228
0.38027599453926086
0.5291690230369568
0.39267098903656006
0.5307850241661072
0.40506601333618164
0.5324000120162964
0.41746100783348083
0.5340149998664856
0.42985600233078003
0.5357949733734131
0.4422290027141571
0.5375750064849854
0.4546020030975342
0.5393549799919128
0.4669739902019501
0.5411339998245239
0.47934699058532715
0.5429139733314514
0.4917199909687042
0.5446940064430237
0.5040919780731201
0.5464739799499512
0.5164650082588196
0.5482529997825623
0.5288379788398743
0.5503990054130554
0.5411520004272461
0.5525439977645874
0.5534669756889343
0.5546900033950806
0.5657809972763062
0.5568349957466125
0.5780959725379944
0.5589810013771057
0.5904099941253662
0.5611259937286377
0.6027250289916992
0.5632719993591309
0.6150389909744263
0.5654169917106628
0.6273540258407593
0.5667210221290588
0.6397849917411804
0.5680239796638489
0.6522169709205627
0.5693280100822449
0.6646490097045898
0.5706310272216797
0.6770809888839722
0.5719349980354309
0.6895130276679993
0.5732380151748657
0.7019450068473816
0.5745419859886169
0.7143759727478027
0.5758460164070129
0.7268080115318298
0.5891680121421814
0.7234730124473572
0.602491021156311
0.7201370000839233
0.6158130168914795
0.7168020009994507
0.6291360259056091
0.7134659886360168
