0.7933899760246277
0.4746690094470978
0.7917150259017944
0.48705700039863586
0.7900400161743164
0.49944400787353516
0.7883650064468384
0.5118309855461121
0.7866899967193604
0.5242180228233337
0.7850160002708435
0.5366060137748718
0.7833409905433655
0.5489929914474487
0.7816659808158875
0.5613800287246704
0.7799909710884094
0.5737680196762085
0.7787259817123413
0.5862029790878296
0.7774620056152344
0.5986390113830566
0.7761980295181274
0.6110749840736389
0.7749329805374146
0.623511016368866
0.7736690044403076
0.6359469890594482
0.7724050283432007
0.6483830213546753
0.7711399793624878
0.6608189940452576
0.7698760032653809
0.6732550263404846
0.7695469856262207
0.6857500076293945
0.7692189812660217
0.6982460021972656
0.7688900232315063
0.7107419967651367
0.7685610055923462
0.7232369780540466
0.768231987953186
0.7357329726219177
0.7679039835929871
0.7482290267944336
0.7675750255584717
0.7607240080833435
0.7672460079193115
0.7732200026512146
0.7747430205345154
0.7626590132713318
0.7822390198707581
0.7520970106124878
0.7897359728813171
0.741536021232605
