0.43851399421691895
0.6631559729576111
0.43398401141166687
0.6748059988021851
0.4294539988040924
0.686456024646759
0.42492300271987915
0.6981059908866882
0.4203929901123047
0.7097569704055786
0.4158630073070526
0.7214069962501526
0.41133299469947815
0.7330570220947266
0.4068030118942261
0.7447069883346558
0.4022729992866516
0.7563580274581909
0.3993549942970276
0.7685120105743408
0.39643698930740356
0.7806670069694519
0.39351901412010193
0.7928209900856018
0.3906010091304779
0.8049759864807129
0.3876830041408539
0.817130982875824
0.38476499915122986
0.8292850255966187
0.38184699416160583
0.8414400219917297
0.3789289891719818
0.8535950183868408
0.3664889931678772
0.8548110127449036
0.3540480136871338
0.8560259938240051
0.341607004404068
0.8572419881820679
0.3291659951210022
0.8584579825401306
0.3167259991168976
0.8596739768981934
0.3042849898338318
0.8608899712562561
0.2918440103530884
0.8621060252189636
0.27940401434898376
0.8633210062980652
0.27308499813079834
0.8525360226631165
0.2667669951915741
0.8417500257492065
0.26044899225234985
0.830964982509613
0.2541300058364868
0.8201789855957031
0.24781200289726257
0.8093940019607544
0.24149399995803833
0.7986080050468445
0.2351749986410141
0.7878220081329346
0.22885699570178986
0.7770370244979858
0.2257539927959442
0.7649279832839966
0.22265000641345978
0.7528200149536133
0.21954700350761414
0.740710973739624
0.2164430022239685
0.7286019921302795
0.21333999931812286
0.7164940237998962
0.21023699641227722
0.704384982585907
0.2071329951286316
0.6922760009765625
0.20403000712394714
0.6801679730415344
0.20223799347877502
0.6677970290184021
0.2004449963569641
0.655426025390625
0.19865299761295319
0.6430550217628479
0.19686099886894226
0.6306840181350708
0.19506900012493134
0.6183140277862549
0.19327600300312042
0.6059430241584778
0.1914840042591095
0.5935720205307007
0.18969200551509857
0.5812010169029236
0.18700699508190155
0.5689929723739624
0.18432100117206573
0.556784987449646
0.1816360056400299
0.5445759892463684
0.17895099520683289
0.532368004322052
0.17626599967479706
0.5201600193977356
0.17358100414276123
0.5079519748687744
0.1708959937095642
0.495743989944458
0.1682099997997284
0.4835349917411804
0.17409799993038177
0.4725089967250824
0.17998699843883514
0.4614830017089844
0.18587499856948853
0.45045599341392517
0.1917629987001419
0.43942999839782715
0.1976509988307953
0.4284040033817291
0.20353899896144867
0.4173769950866699
0.20942699909210205
0.4063510000705719
0.21531499922275543
0.3953250050544739
0.22652700543403625
0.38979798555374146
0.23773899674415588
0.3842720091342926
0.2489510029554367
0.37874600291252136
0.26016300916671753
0.37321901321411133
0.27137500047683716
0.3676930069923401
0.2825869917869568
0.36216700077056885
0.2937990128993988
0.3566409945487976
0.30501100420951843
0.3511140048503876
0.30865898728370667
0.33915799856185913
0.3123059868812561
0.3272019922733307
0.3159539997577667
0.31524598598480225
0.31960099935531616
0.3032900094985962
0.3232490122318268
0.29133400321006775
0.3268960118293762
0.2793779969215393
0.33054399490356445
0.26742199063301086
0.3341909945011139
0.2554660141468048
0.3232960104942322
0.2493399977684021
0.3124000132083893
0.24321399629116058
0.301503986120224
0.23708699643611908
0.2906079888343811
0.23096099495887756
0.2797130048274994
0.22483499348163605
0.2688170075416565
0.21870799362659454
0.2579210102558136
0.21258200705051422
0.2470249980688095
0.2064560055732727
0.2368360012769699
0.21369600296020508
0.2266470044851303
0.22093699872493744
0.21645699441432953
0.2281779944896698
0.20626799762248993
0.23541900515556335
0.19607900083065033
0.24265900254249573
0.18588900566101074
0.2498999983072281
0.17569999396800995
0.25714099407196045
0.16551099717617035
0.2643809914588928
0.15566499531269073
0.2713780105113983
