0.35563400387763977
0.8735560178756714
0.345429003238678
0.8663370013237
0.3352240025997162
0.8591179847717285
0.3250199854373932
0.8518990278244019
0.3148150146007538
0.8446800112724304
0.304610013961792
0.837460994720459
0.2944050133228302
0.8302419781684875
0.2842009961605072
0.8230230212211609
0.2739959955215454
0.8158040046691895
0.27410000562667847
0.8033049702644348
0.27420398592948914
0.7908049821853638
0.2743090093135834
0.7783049941062927
0.27441298961639404
0.7658060193061829
0.2745169997215271
0.753305971622467
0.27462100982666016
0.7408069968223572
0.2747249901294708
0.7283070087432861
0.27483001351356506
0.7158079743385315
0.2786079943180084
0.7038919925689697
0.28238698840141296
0.6919770240783691
0.2861660122871399
0.6800619959831238
0.28994500637054443
0.6681470274925232
0.293724000453949
0.6562319993972778
0.2975029945373535
0.6443169713020325
0.30128198862075806
0.6324020028114319
0.305061012506485
0.6204869747161865
0.30883899331092834
0.6085709929466248
0.3126179873943329
0.5966560244560242
0.3163970112800598
0.5847409963607788
0.32017600536346436
0.5728260278701782
0.3239549994468689
0.5609109997749329
0.32773399353027344
0.5489959716796875
0.331512987613678
0.5370810031890869
0.3352920114994049
0.5251659750938416
0.3254059851169586
0.517516016960144
0.3155199885368347
0.5098649859428406
0.305635005235672
0.5022150278091431
0.2957490086555481
0.4945650100708008
0.2858630120754242
0.4869149923324585
0.2759779989719391
0.4792650043964386
0.2660920023918152
0.4716149866580963
0.2562060058116913
0.4639649987220764
0.25961700081825256
0.4519389867782593
0.26302799582481384
0.4399139881134033
0.26643800735473633
0.42788800597190857
0.2698490023612976
0.41586199402809143
0.2732599973678589
0.4038360118865967
0.27667000889778137
0.3918110132217407
0.28008100390434265
0.3797850012779236
0.28349199891090393
0.36775898933410645
0.2941550016403198
0.3742299973964691
0.3048180043697357
0.3806999921798706
0.3154810070991516
0.3871710002422333
0.3261440098285675
0.39364099502563477
0.3368070125579834
0.40011200308799744
0.3474699854850769
0.4065819978713989
0.3581329882144928
0.4130519926548004
