0.16795200109481812
0.6190760135650635
0.1659799963235855
0.6067330241203308
0.1640080064535141
0.5943899750709534
0.1620360016822815
0.5820459723472595
0.1600639969110489
0.5697029829025269
0.15809200704097748
0.557358980178833
0.15611900389194489
0.5450159907341003
0.15414699912071228
0.5326719880104065
0.15217499434947968
0.5203289985656738
0.15472599864006042
0.5080919861793518
0.15727700293064117
0.4958550035953522
0.15982699394226074
0.48361799120903015
0.1623779982328415
0.4713810086250305
0.16492900252342224
0.4591439962387085
0.167480006814003
0.44690701365470886
0.17002999782562256
0.43467000126838684
0.1725810021162033
0.4224329888820648
0.18042699992656708
0.4127019941806793
0.18827299773693085
0.4029709994792938
0.19611799716949463
0.3932400047779083
0.2039639949798584
0.3835090100765228
0.21180999279022217
0.37377700209617615
0.21965500712394714
0.36404600739479065
0.2275010049343109
0.35431501269340515
0.23534700274467468
0.34458398818969727
0.24631300568580627
0.3385849893093109
0.25727999210357666
0.33258700370788574
0.26824599504470825
0.3265880048274994
0.279213011264801
0.32058900594711304
0.2901790142059326
0.3145900070667267
0.301146000623703
0.30859100818634033
0.3121120035648346
0.302592009305954
0.323078989982605
0.2965939939022064
0.33215001225471497
0.28799399733543396
0.34122198820114136
0.2793929874897003
0.35029301047325134
0.27079299092292786
0.35936400294303894
0.2621929943561554
0.3684360086917877
0.25359299778938293
0.3775070011615753
0.24499300122261047
0.3865779936313629
0.236393004655838
0.3956499993801117
0.22779299318790436
0.40810200572013855
0.22888100147247314
0.4205549955368042
0.22996799647808075
0.43300798535346985
0.23105500638484955
0.4454599916934967
0.23214299976825714
0.45791301131248474
0.23322999477386475
0.4703649878501892
0.23431800305843353
0.48281800746917725
0.23540499806404114
0.4952709972858429
0.23649300634860992
0.4969770014286041
0.24887600541114807
0.4986819922924042
0.261258989572525
0.5003880262374878
0.27364200353622437
0.5020939707756042
0.2860249876976013
0.5037999749183655
0.29840800166130066
0.5055059790611267
0.3107909858226776
0.5072119832038879
0.32317399978637695
0.5089179873466492
0.3355570137500763
0.5092949867248535
0.3480510115623474
0.5096719861030579
0.3605459928512573
0.5100489854812622
0.37303999066352844
0.5104259848594666
0.38553398847579956
0.5108029842376709
0.3980279862880707
0.5111789703369141
0.410522997379303
0.5115560293197632
0.4230169951915741
0.5119330286979675
0.4355109930038452
0.512857973575592
0.4479770064353943
0.5137839913368225
0.46044299006462097
0.5147089958190918
0.47290900349617004
0.5156340003013611
0.48537400364875793
0.5165590047836304
0.4978399872779846
0.5174850225448608
0.5103060007095337
0.5184100270271301
0.5227710008621216
0.5193349719047546
0.5352370142936707
0.5202760100364685
0.5477020144462585
0.5212159752845764
0.5601660013198853
0.5221570134162903
0.5726310014724731
0.5230979919433594
0.5850949883460999
0.5240380167961121
0.5975599884986877
0.5249789953231812
0.6100239753723145
0.5259199738502502
0.6224889755249023
0.5268599987030029
0.6349539756774902
0.5284219980239868
0.6473559737205505
0.5299839973449707
0.6597579717636108
0.5315459966659546
0.6721600294113159
0.5331079959869385
0.6845620274543762
0.5346699953079224
0.6969640254974365
0.5362319946289062
0.7093660235404968
0.5377939939498901
0.7217680215835571
0.539355993270874
0.7341700196266174
0.5411289930343628
0.7465429902076721
0.5429019927978516
0.758916974067688
0.5446739792823792
0.7712910175323486
0.5464469790458679
0.7836639881134033
0.5482199788093567
0.7960379719734192
0.549992024898529
0.8084120154380798
0.5517650246620178
0.8207849860191345
0.5535380244255066
0.8331590294837952
0.5457329750061035
0.8265590071678162
0.537926971912384
0.8199599981307983
