0.47013700008392334
0.49671998620033264
0.4805479943752289
0.5036380290985107
0.4909589886665344
0.5105559825897217
0.5013700127601624
0.5174750089645386
0.5117809772491455
0.5243930220603943
0.5221920013427734
0.5313109755516052
0.5326030254364014
0.5382289886474609
0.5430139899253845
0.5451470017433167
0.5534250140190125
0.5520650148391724
0.5617790222167969
0.5613639950752258
0.5701329708099365
0.5706620216369629
0.5784879922866821
0.5799610018730164
0.5868420004844666
0.5892590284347534
0.595196008682251
0.5985569953918457
0.6035500168800354
0.6078559756278992
0.6119040250778198
0.6171540021896362
0.6202579736709595
0.6264529824256897
0.6319180130958557
0.6309559941291809
0.6435790061950684
0.6354579925537109
0.655239999294281
0.6399610042572021
0.6669009923934937
0.6444640159606934
0.6785609722137451
0.6489670276641846
0.6902220249176025
0.653469979763031
0.7018830180168152
0.6579729914665222
0.7135440111160278
0.6624760031700134
0.7244300246238708
0.6686189770698547
0.7353159785270691
0.6747620105743408
0.7462030053138733
0.6809049844741821
0.7570890188217163
0.6870480179786682
0.7679749727249146
0.6931920051574707
0.7788619995117188
0.699334979057312
0.7897480130195618
0.7054780125617981
0.8006340265274048
0.7116209864616394
0.8129979968070984
0.7134649753570557
0.8253610134124756
0.7153090238571167
0.837723970413208
0.717153012752533
0.8500869870185852
0.7189970016479492
0.8624510169029236
0.7208409905433655
0.874813973903656
0.7226849794387817
0.8871769905090332
0.7245280146598816
0.8995400071144104
0.7263720035552979
0.9118279814720154
0.7259939908981323
0.9241170287132263
0.725616991519928
0.9364050030708313
0.7252389788627625
0.9486929774284363
0.7248610258102417
