0.26572999358177185
0.07139019668102264
0.2761099934577942
0.07835490256547928
0.28648999333381653
0.08531969785690308
0.29686999320983887
0.09228439629077911
0.3072499930858612
0.09924910217523575
0.31762999296188354
0.1062140017747879
0.3280099928379059
0.11317899823188782
0.3383899927139282
0.12014299631118774
0.34876900911331177
0.12710799276828766
0.35811299085617065
0.11880499869585037
0.36745700240135193
0.11050199717283249
0.3768010139465332
0.1021990031003952
0.3861449956893921
0.0938958004117012
0.39548900723457336
0.08559270203113556
0.40483298897743225
0.07728970050811768
0.4141770005226135
0.06898660212755203
0.4235210120677948
0.06068360060453415
0.43387600779533386
0.06768500059843063
0.4442310035228729
0.07468649744987488
0.45458701252937317
0.08168800175189972
0.46494200825691223
0.0886894017457962
0.4752970039844513
0.09569089859724045
0.48565199971199036
0.10269200056791306
0.4960069954395294
0.1096939966082573
0.5063620209693909
0.11669500172138214
0.5176699757575989
0.12202399969100952
0.5289769768714905
0.1273529976606369
0.5402839779853821
0.13268199563026428
0.5515909790992737
0.13801099359989166
0.5628979802131653
0.14334000647068024
0.5742049813270569
0.14866900444030762
0.5855129957199097
0.153998002409935
0.5968199968338013
0.15932700037956238
0.6061530113220215
0.1676419973373413
0.6154860258102417
0.17595699429512024
0.6248199939727783
0.18427200615406036
0.6341530084609985
0.1925870031118393
0.6434860229492188
0.20090200006961823
0.6528199911117554
0.20921699702739716
0.6621530055999756
0.2175319939851761
0.6714860200881958
0.2258470058441162
0.6591820120811462
0.22493299841880798
0.6468769907951355
0.22402000427246094
0.6345729827880859
0.2231059968471527
0.6222689747810364
0.22219300270080566
