0.2693620026111603
0.3222289979457855
0.28033700585365295
0.31624600291252136
0.2913129925727844
0.3102630078792572
0.3022879958152771
0.30428001284599304
0.3132629990577698
0.2982969880104065
0.32423800230026245
0.29231399297714233
0.3352130055427551
0.2863309979438782
0.3461880087852478
0.280348002910614
0.3571630120277405
0.27436500787734985
0.369596004486084
0.27307000756263733
0.3820289969444275
0.2717750072479248
0.3944610059261322
0.2704800069332123
0.4068939983844757
0.26918500661849976
0.4193269908428192
0.26789000630378723
0.4317600131034851
0.2665959894657135
0.4441930055618286
0.265300989151001
0.4566250145435333
0.26400598883628845
0.46905601024627686
0.2653239965438843
0.4814859926700592
0.2666409909725189
0.49391600489616394
0.26795899868011475
0.5063470005989075
0.26927700638771057
0.5187770128250122
0.2705940008163452
0.5312070250511169
0.27191200852394104
0.5436379909515381
0.2732299864292145
0.5560680031776428
0.2745470106601715
0.565904974937439
0.2822610139846802
0.5757409930229187
0.28997400403022766
0.5855780243873596
0.29768699407577515
0.5954139828681946
0.305400013923645
0.6052500009536743
0.3131139874458313
0.6150869727134705
0.32082700729370117
0.6249229907989502
0.32853999733924866
0.6347600221633911
0.33625298738479614
0.6472370028495789
0.3370150029659271
0.6597129702568054
0.3377760052680969
0.6721900105476379
0.3385370075702667
0.6846669912338257
0.3392989933490753
0.6971439719200134
0.3400599956512451
0.709621012210846
0.3408209979534149
0.7220969796180725
0.3415830135345459
0.734574019908905
0.3423439860343933
0.7450529932975769
0.33552899956703186
0.7555320262908936
0.3287140130996704
0.7660109996795654
0.3218989968299866
0.7764890193939209
0.3150840103626251
0.7869679927825928
0.3082689940929413
0.7974470257759094
0.30145400762557983
0.8079259991645813
0.294638991355896
0.8184040188789368
0.28782400488853455
0.8308770060539246
0.2886500060558319
0.8433499932289124
0.28947699069976807
0.8558220267295837
0.2903040051460266
0.8682950139045715
0.291130006313324
0.8807680010795593
0.29195699095726013
0.8932399749755859
0.2927840054035187
0.9057130217552185
0.29361000657081604
0.9181860089302063
0.2944369912147522
0.9131360054016113
0.28300198912620544
0.9080870151519775
0.2715669870376587
0.9030380249023438
0.2601329982280731
0.8979880213737488
0.24869799613952637
0.8929389715194702
0.23726299405097961
0.8878899812698364
0.22582800686359406
0.8828409910202026
0.2143930047750473
0.8777909874916077
0.20295900106430054
0.8874350190162659
0.19655899703502655
0.8970779776573181
0.19015899300575256
0.9067209959030151
0.18376000225543976
0.9163650274276733
0.17735999822616577
