0.16652299463748932
0.20537999272346497
0.17352800071239471
0.21573300659656525
0.18053199350833893
0.22608600556850433
0.18753699958324432
0.23643900454044342
0.19454200565814972
0.2467920035123825
0.20154599845409393
0.2571449875831604
0.20855100452899933
0.2674979865550995
0.21555499732494354
0.2778509855270386
0.22256000339984894
0.28820401430130005
0.2349739968776703
0.2896620035171509
0.24738900363445282
0.2911199927330017
0.25980401039123535
0.2925780117511749
0.2722190022468567
0.29403600096702576
0.28463301062583923
0.2954930067062378
0.29704800248146057
0.2969509959220886
0.3094629943370819
0.29840898513793945
0.32187700271606445
0.29986700415611267
0.33333298563957214
0.30486801266670227
0.3447889983654022
0.3098689913749695
0.3562450110912323
0.31487101316452026
0.36770099401474
0.3198719918727875
0.37915700674057007
0.3248730003833771
0.39061298966407776
0.32987499237060547
0.40206900238990784
0.33487600088119507
0.41352400183677673
0.33987700939178467
0.41569799184799194
0.35218700766563416
0.41787201166152954
0.36449599266052246
0.42004600167274475
0.37680599093437195
0.42221900820732117
0.38911500573158264
0.4243929982185364
0.40142500400543213
0.4265669882297516
0.41373398900032043
0.428739994764328
0.4260439872741699
0.4309140145778656
0.4383539855480194
0.43269699811935425
0.4507260024547577
0.4344789981842041
0.4630979895591736
0.43626099824905396
0.47547000646591187
0.438044011592865
0.48784300684928894
0.43982601165771484
0.5002149939537048
0.4416089951992035
0.5125870108604431
0.44339099526405334
0.5249590277671814
0.4451729953289032
0.5373319983482361
0.4468970000743866
0.5497120022773743
0.4486199915409088
0.5620930194854736
0.4503430128097534
0.5744739770889282
0.45206600427627563
0.5868539810180664
0.45378899574279785
0.5992349982261658
0.45551198720932007
0.6116160154342651
0.4572350084781647
0.6239960193634033
0.45895901322364807
0.6363769769668579
0.4609229862689972
0.6487219929695129
0.4628880023956299
0.6610659956932068
0.4648529887199402
0.6734110116958618
0.4668169915676117
0.6857560276985168
0.4687820076942444
0.6980999708175659
0.4707469940185547
0.710444986820221
0.4727109968662262
0.7227889895439148
0.4746760129928589
0.7351340055465698
0.4860230088233948
0.7306789755821228
0.49737000465393066
0.7262240052223206
0.5087170004844666
0.7217689752578735
0.5200650095939636
0.7173140048980713
0.5314120054244995
0.7128589749336243
