0.5204870104789734
0.440528005361557
0.5257009863853455
0.45188799500465393
0.5309150218963623
0.46324899792671204
0.5361279845237732
0.47461000084877014
0.54134202003479
0.48597100377082825
0.5465549826622009
0.49733200669288635
0.5517690181732178
0.5086929798126221
0.5569829940795898
0.5200530290603638
0.5621960163116455
0.5314139723777771
0.5669620037078857
0.5429700016975403
0.5717269778251648
0.5545259714126587
0.5764920115470886
0.5660820007324219
0.5812579989433289
0.5776379704475403
0.5860229730606079
0.5891939997673035
0.5907880067825317
0.6007500290870667
0.595553994178772
0.6123059988021851
0.6003190279006958
0.6238620281219482
0.6057419776916504
0.6351249814033508
0.6111639738082886
0.646386981010437
0.6165869832038879
0.6576499938964844
0.6220089793205261
0.6689130067825317
0.6274319887161255
0.6801750063896179
0.6328539848327637
0.6914380192756653
0.638276994228363
0.7027000188827515
0.6436989903450012
0.713962972164154
0.6493459939956665
0.7251150012016296
0.6549919843673706
0.7362669706344604
0.6606389880180359
0.747418999671936
0.66628497838974
0.7585710287094116
0.6719310283660889
0.7697229981422424
0.6775779724121094
0.780875027179718
0.6832240223884583
0.7920269966125488
0.6888710260391235
0.8031790256500244
0.6955329775810242
0.813755989074707
0.7021960020065308
0.8243319988250732
0.7088590264320374
0.8349080085754395
0.7155219912528992
0.8454849720001221
0.7221840023994446
0.8560609817504883
0.7288470268249512
0.8666369915008545
0.735509991645813
0.8772130012512207
0.7421730160713196
0.8877900242805481
0.7548800110816956
0.8853099942207336
0.7675870060920715
0.8828309774398804
0.7802950143814087
0.8803520202636719
0.7930020093917847
0.8778719902038574
0.8057090044021606
0.8753929734230042
0.8184159994125366
0.8729140162467957
