0.9046859741210938
0.16903899610042572
0.8976709842681885
0.1793850064277649
0.8906570076942444
0.18973200023174286
0.8836420178413391
0.20007799565792084
0.8766279816627502
0.21042400598526
0.8696140050888062
0.22077099978923798
0.8625990152359009
0.23111699521541595
0.855584979057312
0.24146400392055511
0.8485699892044067
0.2518100142478943
0.8400570154190063
0.26096200942993164
0.8315430283546448
0.2701149880886078
0.8230289816856384
0.27926701307296753
0.814516007900238
0.2884199917316437
0.8060020208358765
0.29757198691368103
0.7974879741668701
0.30672499537467957
0.7889739871025085
0.3158769905567169
0.7804610133171082
0.3250289857387543
0.7685880064964294
0.3289409875869751
0.7567160129547119
0.33285200595855713
0.7448440194129944
0.3367629945278168
0.7329710125923157
0.3406740128993988
0.7210990190505981
0.34458500146865845
0.7092270255088806
0.3484959900379181
0.6973540186882019
0.3524070084095001
0.6854820251464844
0.35631799697875977
0.6729949712753296
0.35575199127197266
0.6605079770088196
0.35518500208854675
0.6480200290679932
0.35461801290512085
0.6355329751968384
0.35405200719833374
0.6230459809303284
0.35348498821258545
0.6105589866638184
0.35291799902915955
0.5980719923973083
0.35235100984573364
0.5855849981307983
0.35178500413894653
0.5742210149765015
0.346576988697052
0.562857985496521
0.34136900305747986
0.5514940023422241
0.3361609876155853
0.5401309728622437
0.3309530019760132
0.528768002986908
0.32574498653411865
0.5174040198326111
0.3205370008945465
0.5060409903526306
0.315328985452652
0.49467700719833374
0.31012099981307983
0.4828520119190216
0.306071013212204
0.4710260033607483
0.30202099680900574
0.459199994802475
0.2979719936847687
0.44737398624420166
0.2939220070838928
0.43554800748825073
0.2898719906806946
0.4237230122089386
0.2858229875564575
0.4118970036506653
0.28177300095558167
0.40007099509239197
0.2777230143547058
0.3891870081424713
0.271575003862381
0.37830400466918945
0.26542800664901733
0.3674199879169464
0.2592799961566925
0.35653600096702576
0.2531319856643677
0.3456520140171051
0.24698400497436523
0.33476901054382324
0.2408369928598404
0.3238849937915802
0.23468899726867676
0.31300100684165955
0.22854100167751312
0.30651500821113586
0.2178560048341751
0.300027996301651
0.20716999471187592
0.2935419976711273
0.1964849978685379
0.28705599904060364
0.1858000010251999
0.2805689871311188
0.1751140058040619
0.2740829885005951
0.16442899405956268
0.2675960063934326
0.15374399721622467
0.26111000776290894
0.14305800199508667
0.2739819884300232
0.1422789990901947
0.28685298562049866
0.14149999618530273
0.2997249960899353
0.14072099328041077
0.31259700655937195
0.13994100689888
0.3254680037498474
0.13916200399398804
