0.5343400239944458
0.8207250237464905
0.5218530297279358
0.8213000297546387
0.509365975856781
0.8218759894371033
0.4968790113925934
0.8224509954452515
0.48439300060272217
0.8230260014533997
0.47190600633621216
0.8236010074615479
0.45941901206970215
0.824176013469696
0.44693198800086975
0.8247519731521606
0.4344460070133209
0.8253269791603088
0.42196500301361084
0.8260200023651123
0.40948399901390076
0.8267139792442322
0.3970029950141907
0.8274070024490356
0.3845230042934418
0.8281009793281555
0.3720420002937317
0.828794002532959
0.3595609962940216
0.8294879794120789
0.3470799922943115
0.8301810026168823
0.3346000015735626
0.8308740258216858
0.3232089877128601
0.8360239863395691
0.3118189871311188
0.841172993183136
0.30042898654937744
0.8463220000267029
0.2890389859676361
0.8514710068702698
0.2776489853858948
0.8566200137138367
0.26625800132751465
0.8617690205574036
0.2548680007457733
0.8669180274009705
0.24347800016403198
0.8720669746398926
0.23820200562477112
0.8607349991798401
0.23292699456214905
0.8494030237197876
0.22765100002288818
0.8380709886550903
0.2223760038614273
0.8267390131950378
0.21709999442100525
0.8154060244560242
0.21182399988174438
0.8040739893913269
0.2065490037202835
0.7927420139312744
0.20127299427986145
0.7814099788665771
0.20137600600719452
0.7689099907875061
0.2014790028333664
0.7564110159873962
0.20158199965953827
0.7439110279083252
0.20168399810791016
0.7314119935035706
0.20178699493408203
0.7189120054244995
0.2018900066614151
0.7064120173454285
0.20199300348758698
0.6939129829406738
0.20209600031375885
0.6814129948616028
0.2051209956407547
0.669284999370575
0.20814700424671173
0.6571570038795471
0.21117199957370758
0.6450279951095581
0.21419699490070343
0.6328999996185303
0.21722300350666046
0.6207720041275024
0.2202479988336563
0.6086429953575134
0.22327400743961334
0.5965149998664856
0.2262990027666092
0.5843870043754578
0.2339410036802292
0.5939930081367493
0.2415820062160492
0.6035990118980408
0.249222993850708
0.6132050156593323
0.256864994764328
0.6228110194206238
0.2645060122013092
0.6324170231819153
