0.2602809965610504
0.5663470029830933
0.2726840078830719
0.5647940039634705
0.285086989402771
0.5632410049438477
0.29749101400375366
0.561689019203186
0.30989399552345276
0.5601360201835632
0.32229700684547424
0.5585830211639404
0.33469998836517334
0.557030975818634
0.3471029996871948
0.5554779767990112
0.3595069944858551
0.5539249777793884
0.3716199994087219
0.5508409738540649
0.38373398780822754
0.5477570295333862
0.39584699273109436
0.5446730256080627
0.40796101093292236
0.5415890216827393
0.4200739860534668
0.5385050177574158
0.4321880042552948
0.5354210138320923
0.4443010091781616
0.5323359966278076
0.45641499757766724
0.5292519927024841
0.4610620141029358
0.5349419713020325
