0.12629100680351257
0.16777299344539642
0.1379680037498474
0.17223399877548218
0.14964500069618225
0.17669500410556793
0.1613219976425171
0.1811559945344925
0.17299799621105194
0.18561699986457825
0.18467499315738678
0.190078005194664
0.1963520050048828
0.19453899562358856
0.20802900195121765
0.19900000095367432
0.2197059988975525
0.20346100628376007
0.21980899572372437
0.21596099436283112
0.21991300582885742
0.22845999896526337
0.2200160026550293
0.2409600019454956
0.22011899948120117
0.25345900654792786
0.22022199630737305
0.2659589946269989
0.2203260064125061
0.27845901250839233
0.22042900323867798
0.2909579873085022
0.22053200006484985
0.30345800518989563
0.23169800639152527
0.3090760111808777
0.2428639978170395
0.31469398736953735
0.2540310025215149
0.3203130066394806
0.2651970088481903
0.32593101263046265
0.27636298537254333
0.3315500020980835
0.28752899169921875
0.33716800808906555
0.29869499802589417
0.3427860140800476
0.3098619878292084
0.34840500354766846
0.3203980028629303
0.34167900681495667
0.330935001373291
0.33495399355888367
0.34147199988365173
0.32822901010513306
0.35200899839401245
0.32150399684906006
0.3625450134277344
0.31477901339530945
0.3730820119380951
0.30805400013923645
0.3836190104484558
0.30132898688316345
0.39415600895881653
0.29460400342941284
0.4021590054035187
0.2894960045814514
0.4101620018482208
0.28438800573349
