0.7750290036201477
0.7802630066871643
0.7626140117645264
0.7788050174713135
0.750199019908905
0.7773470282554626
0.7377849817276001
0.775888979434967
0.7253699898719788
0.7744320034980774
0.7129549980163574
0.7729740142822266
0.7005400061607361
0.7715160250663757
0.6881260275840759
0.7700579762458801
0.6757109761238098
0.7686010003089905
0.6653149724006653
0.7616609930992126
0.6549180150032043
0.7547209858894348
0.6445220112800598
0.7477800250053406
0.6341249942779541
0.7408400177955627
0.6237289905548096
0.7339000105857849
0.613332986831665
0.7269600033760071
0.6029360294342041
0.7200199961662292
0.5925400257110596
0.7130799889564514
0.6008660197257996
0.7037569880485535
0.6091930270195007
0.6944339871406555
0.6175190210342407
0.6851109862327576
0.6258460283279419
0.6757879853248596
0.6341720223426819
0.6664649844169617
0.6424990296363831
0.6571409702301025
0.650825023651123
0.6478180289268494
0.6591519713401794
0.6384950280189514
0.6473829746246338
0.6342819929122925
0.6356139779090881
0.6300699710845947
0.6238459944725037
0.6258569955825806
0.612076997756958
0.6216440200805664
0.6003080010414124
0.6174309849739075
0.5885400176048279
0.6132180094718933
0.5767710208892822
0.6090049743652344
0.5650020241737366
0.6047930121421814
0.5741239786148071
0.5962470173835754
0.5832470059394836
0.5877010226249695
0.592369019985199
0.5791550278663635
0.6014909744262695
0.5706089735031128
0.610614001750946
0.5620629787445068
0.6197360157966614
0.5535169839859009
0.6288579702377319
0.5449709892272949
0.6379809975624084
0.536424994468689
0.6494309902191162
0.5314109921455383
0.6608819961547852
0.5263980031013489
0.6723330020904541
0.5213850140571594
0.6837829947471619
0.51637202501297
0.6952340006828308
0.5113589763641357
0.7066850066184998
0.5063459873199463
0.7181349992752075
0.5013319849967957
0.7295860052108765
0.4963189959526062
0.7193229794502258
0.4891839921474457
0.7090590000152588
0.48204800486564636
0.6987959742546082
0.47491300106048584
0.6885330080986023
0.4677770137786865
0.6782690286636353
0.460642009973526
0.6680060029029846
0.4535070061683655
0.657742977142334
0.4463709890842438
0.6474789977073669
0.43923598527908325
0.6354269981384277
0.43591898679733276
0.6233749985694885
0.43260300159454346
0.6113229990005493
0.42928698658943176
0.5992709994316101
0.4259699881076813
0.5872189998626709
0.42265400290489197
0.5751670002937317
0.4193370044231415
0.5631150007247925
0.4160209894180298
0.5510630011558533
0.4127050042152405
0.552386999130249
0.40027499198913574
0.5537099838256836
0.3878450095653534
0.5550330281257629
0.37541499733924866
0.5563570261001587
0.3629859983921051
0.5576800107955933
0.35055598616600037
0.559004008769989
0.338126003742218
0.5603269934654236
0.3256959915161133
0.5616499781608582
0.3132669925689697
0.5736219882965088
0.316864013671875
0.5855929851531982
0.3204610049724579
0.5975639820098877
0.32405799627304077
0.6095349788665771
0.32765498757362366
0.6215069890022278
0.33125200867652893
0.6334779858589172
0.3348489999771118
0.6454489827156067
0.3384459912776947
0.6574209928512573
0.3420430123806
0.6627609729766846
0.3307409882545471
0.6681010127067566
0.31943899393081665
0.673442006111145
0.3081369996070862
0.6787819862365723
0.2968359887599945
0.6841220259666443
0.28553399443626404
0.6894630193710327
0.27423200011253357
0.69480299949646
0.2629300057888031
0.7001439929008484
0.25162801146507263
0.7116320133209229
0.2565540075302124
0.7231209874153137
0.2614800035953522
0.7346090078353882
0.26640599966049194
0.746097981929779
0.2713310122489929
0.7575860023498535
0.2762570083141327
0.7690749764442444
0.28118300437927246
0.78056401014328
0.28610900044441223
0.7920519709587097
0.2910340130329132
0.8021659851074219
0.2836880087852478
0.812279999256134
0.2763429880142212
0.822393000125885
0.2689970135688782
0.8325070142745972
0.26165100932121277
0.8426210284233093
0.25430500507354736
0.8527349829673767
0.24695900082588196
0.8628479838371277
0.23961299657821655
0.8729619979858398
0.23226700723171234
0.8651970028877258
0.2223930060863495
0.8574320077896118
0.21251900494098663
0.849668025970459
0.20264600217342377
0.8419029712677002
0.1927720010280609
0.8341379761695862
0.18289799988269806
0.8263729810714722
0.1730239987373352
