0.29409900307655334
0.9260889887809753
0.29605498909950256
0.9137420058250427
0.298009991645813
0.9013959765434265
0.2999660074710846
0.8890500068664551
0.3019219934940338
0.8767039775848389
0.3038780093193054
0.8643580079078674
0.30583399534225464
0.8520119786262512
0.30778899788856506
0.8396660089492798
0.30974501371383667
0.8273199796676636
0.29815199971199036
0.8226450085639954
0.2865599989891052
0.817969024181366
0.2749670147895813
0.813293993473053
0.263374000787735
0.8086190223693848
0.25178200006484985
0.8039429783821106
0.24018900096416473
0.7992680072784424
0.22859600186347961
0.7945929765701294
0.2170030027627945
0.7899169921875
0.22047899663448334
0.7779099941253662
0.2239540070295334
0.7659029960632324
0.22743000090122223
0.7538959980010986
0.23090499639511108
0.7418889999389648
0.23438100516796112
0.7298809885978699
0.23785600066184998
0.7178739905357361
0.24133199453353882
0.7058669924736023
0.24480700492858887
0.6938599944114685
0.2548559904098511
0.6864259839057922
0.26490500569343567
0.678991973400116
0.2749539911746979
0.6715570092201233
0.28500300645828247
0.664122998714447
0.2950519919395447
0.6566889882087708
0.3051010072231293
0.6492549777030945
0.3151499927043915
0.641821026802063
0.3251990079879761
0.6343860030174255
0.3234359920024872
0.6220110058784485
0.3216730058193207
0.6096360087394714
0.31991100311279297
0.5972610116004944
0.3181479871273041
0.5848860144615173
0.3163850009441376
0.5725110173225403
0.31462201476097107
0.5601360201835632
0.3128589987754822
0.5477610230445862
0.3110960125923157
0.5353860259056091
0.3032419979572296
0.5256620049476624
0.29538801312446594
0.5159369707107544
0.2875339984893799
0.5062130093574524
0.2796800136566162
0.4964889883995056
0.27182498574256897
0.48676401376724243
0.2639710009098053
0.47703999280929565
0.25611698627471924
0.46731600165367126
0.24826300144195557
0.4575920104980469
0.2524780035018921
0.44582399725914
0.2566930055618286
0.43405601382255554
0.26090800762176514
0.4222880005836487
0.26512300968170166
0.4105199873447418
0.2693380117416382
0.39875200390815735
0.2735530138015747
0.3869839906692505
0.27776798605918884
0.3752169907093048
0.28198400139808655
0.36344900727272034
0.2927300035953522
0.3570629954338074
0.3034760057926178
0.3506779968738556
0.3142220079898834
0.3442929983139038
0.32496801018714905
0.33790698647499084
0.3357140123844147
0.33152198791503906
0.3464600145816803
0.3251360058784485
0.35720598697662354
0.3187510073184967
0.36795198917388916
0.31236499547958374
0.3741849958896637
0.30153098702430725
0.380418986082077
0.29069599509239197
0.38665199279785156
0.2798610031604767
0.3928849995136261
0.2690260112285614
0.39911898970603943
0.25819098949432373
0.40535199642181396
0.24735599756240845
0.4115859866142273
0.23652100563049316
0.41781899333000183
0.22568699717521667
0.4246790111064911
0.23613600432872772
0.43153899908065796
0.24658499658107758
0.43839898705482483
0.2570349872112274
0.4452590048313141
0.26748400926589966
0.45211899280548096
0.2779340147972107
0.4589790105819702
0.28838300704956055
0.4658389985561371
0.2988319993019104
0.47269898653030396
0.30928200483322144
0.48318299651145935
0.3160899877548218
0.49366599321365356
0.3228980004787445
0.5041490197181702
0.32970699667930603
0.514631986618042
0.33651500940322876
0.5251150131225586
0.3433229923248291
0.5355989933013916
0.3501319885253906
0.5460820198059082
0.35694000124931335
0.55656498670578
0.3637480139732361
0.5663390159606934
0.37154000997543335
0.5761129856109619
0.3793320059776306
0.5858870148658752
0.3871240019798279
0.5956609845161438
0.39491599798202515
0.6054360270500183
0.4027090072631836
0.6152099967002869
0.41050100326538086
0.6249840259552002
0.4182929992675781
0.6347579956054688
0.4260849952697754
0.6399070024490356
0.41469499468803406
0.6450570225715637
0.4033049941062927
0.6502060294151306
0.3919140100479126
0.6553549766540527
0.38052400946617126
0.6605049967765808
0.36913400888442993
0.6656540036201477
0.3577440083026886
0.6708030104637146
0.34635400772094727
0.6759529709815979
0.33496400713920593
0.6725119948387146
0.3229469954967499
0.6690710186958313
0.3109300136566162
0.6656299829483032
0.29891300201416016
0.6621890068054199
0.2868959903717041
0.6587479710578918
0.27487900853157043
0.6553069949150085
0.2628610134124756
0.6518660187721252
0.25084400177001953
0.6484259963035583
0.23882700502872467
0.660535991191864
0.2419240027666092
0.6726459860801697
0.2450210005044937
0.6847559809684753
0.24811799824237823
0.6968669891357422
0.25121501088142395
0.7089769840240479
0.25431200861930847
0.7210869789123535
0.2574099898338318
0.7331969738006592
0.2605069875717163
0.745307981967926
0.26360398530960083
0.7540779709815979
0.27250999212265015
0.762848973274231
0.28141599893569946
0.771619975566864
0.2903229892253876
0.7803909778594971
0.2992289960384369
0.7891619801521301
0.3081350028514862
0.7979320287704468
0.3170419931411743
0.8067029714584351
0.32594799995422363
0.8154739737510681
0.33485499024391174
0.8222330212593079
0.34536999464035034
0.8289920091629028
0.35588398575782776
0.8357509970664978
0.36639899015426636
0.8425099849700928
0.37691399455070496
0.8492689728736877
0.38742899894714355
0.8560289740562439
0.39794400334358215
0.8627880215644836
0.40845900774002075
0.8695470094680786
0.41897401213645935
0.8750659823417664
0.43009400367736816
0.8805860280990601
0.4412130117416382
0.886106014251709
0.452333003282547
0.8916249871253967
0.463452011346817
0.8971449732780457
0.47457200288772583
