0.7129309773445129
0.0469416007399559
0.7131400108337402
0.059439901262521744
0.7133499979972839
0.07193809747695923
0.7135589718818665
0.08443640172481537
0.7137690186500549
0.09693460166454315
0.7139779925346375
0.10943300276994705
0.7141879796981812
0.12193100154399872
0.7143970131874084
0.1344289928674698
0.714605987071991
0.14692799746990204
0.7145599722862244
0.15942800045013428
0.7145140171051025
0.17192700505256653
0.7144680023193359
0.18442699313163757
0.7144209742546082
0.1969269961118698
0.7143750190734863
0.20942699909210205
0.7143290042877197
0.2219270020723343
0.7142829895019531
0.23442700505256653
0.7142369747161865
0.24692699313163757
0.7129920125007629
0.2593649923801422
0.7117480039596558
0.27180299162864685
0.7105039954185486
0.2842409908771515
0.7092599868774414
0.29667899012565613
0.7080150246620178
0.30911698937416077
0.7067710161209106
0.3215540051460266
0.7055270075798035
0.33399200439453125
0.7042829990386963
0.3464300036430359
0.7030019760131836
0.3588640093803406
0.7017210125923157
0.37129899859428406
0.700439989566803
0.38373300433158875
0.6991599798202515
0.39616701006889343
0.6978790163993835
0.40860098600387573
0.6965979933738708
0.4210360050201416
0.6953169703483582
0.4334700107574463
0.6940370202064514
0.4459039866924286
0.6928210258483887
0.4583449959754944
0.6916049718856812
0.470784991979599
0.6903899908065796
0.4832260012626648
0.6891739964485168
0.4956670105457306
0.6879580020904541
0.5081080198287964
0.6867430210113525
0.5205479860305786
0.6855270266532898
0.5329890251159668
0.6843109726905823
0.5454300045967102
0.6828489899635315
0.5578439831733704
0.6813859939575195
0.5702580213546753
0.6799229979515076
0.5826719999313354
0.6784610152244568
0.5950869917869568
0.6769980192184448
0.6075009703636169
0.6755359768867493
0.6199150085449219
0.6740729808807373
0.632328987121582
0.6726099848747253
0.644743025302887
0.6710720062255859
0.657148003578186
0.6695330142974854
0.6695529818534851
0.6679949760437012
0.681958019733429
0.6664559841156006
0.694362998008728
0.6649169921875
0.7067679762840271
0.6633790135383606
0.719173014163971
0.66184002161026
0.73157799243927
0.6603010296821594
0.7439829707145691
0.6588109731674194
0.7563930153846741
0.6573209762573242
0.7688040137290955
0.6558300256729126
0.7812150120735168
0.6543400287628174
0.7936260104179382
0.652849018573761
0.8060370087623596
0.6513590216636658
0.818448007106781
0.6498690247535706
0.8308579921722412
0.6483780145645142
0.8432689905166626
0.6426910161972046
0.8346179723739624
