0.16806499660015106
0.06309080123901367
0.16727200150489807
0.07556559890508652
0.16647900640964508
0.08804039657115936
0.1656859964132309
0.10051500052213669
0.1648930013179779
0.11298999935388565
0.16410000622272491
0.1254650056362152
0.16330699622631073
0.13794000446796417
0.16251400113105774
0.15041500329971313
0.16172100603580475
0.1628890037536621
0.17323100566864014
0.16776500642299652
0.18474100530147552
0.17264099419116974
0.1962510049343109
0.17751699686050415
0.2077600061893463
0.18239299952983856
0.2192700058221817
0.18726900219917297
0.2307800054550171
0.19214500486850739
0.24229000508785248
0.1970209926366806
0.25380000472068787
0.20189699530601501
0.24848000705242157
0.21320800483226776
0.24316099286079407
0.2245199978351593
0.23784099519252777
0.23583200573921204
0.23252199590206146
0.2471430003643036
0.22720199823379517
0.2584550082683563
0.22188299894332886
0.2697660028934479
0.21656300127506256
0.2810780107975006
0.21124400198459625
0.29238998889923096
0.2221740037202835
0.29845499992370605
0.23310400545597076
0.30452001094818115
0.24403299391269684
0.31058600544929504
0.2549630105495453
0.31665098667144775
0.26589301228523254
0.32271599769592285
0.2768230140209198
0.32878199219703674
0.28775298595428467
0.33484700322151184
0.2986829876899719
0.34091201424598694
0.3109169900417328
0.3434770107269287
0.32315099239349365
0.3460409939289093
0.3353849947452545
0.3486059904098511
0.3476189970970154
0.35117000341415405
0.35985299944877625
0.35373398661613464
0.3720870018005371
0.3562990128993988
0.38432198762893677
0.3588629961013794
0.39655598998069763
0.36142799258232117
0.40720701217651367
0.354885995388031
0.4178589880466461
0.34834399819374084
0.42851001024246216
0.3418020009994507
0.4391619861125946
0.3352609872817993
0.44981300830841064
0.32871899008750916
0.4604650139808655
0.322176992893219
0.47111600637435913
0.31563499569892883
0.48176801204681396
0.30909401178359985
0.4937390089035034
0.3054960072040558
0.5057100057601929
0.3018980026245117
0.5176810026168823
0.29829999804496765
0.5296519994735718
0.2947019934654236
0.5416229963302612
0.2911039888858795
0.5535939931869507
0.28750699758529663
0.5655649900436401
0.28390899300575256
0.5775359869003296
0.2803109884262085
0.5896639823913574
0.2833369970321655
0.6017929911613464
0.2863619923591614
0.6139209866523743
0.2893880009651184
0.6260489821434021
0.29241400957107544
0.6381779909133911
0.2954390048980713
0.650305986404419
0.2984650135040283
0.6624339818954468
0.30149099230766296
0.6745619773864746
0.3045159876346588
0.6860880255699158
0.3093549907207489
0.697613000869751
0.314193993806839
0.7091389894485474
0.3190320134162903
0.7206640243530273
0.323870986700058
0.7321900129318237
0.32870998978614807
0.7437149882316589
0.33354800939559937
0.7552409768104553
0.33838701248168945
0.7667660117149353
0.34322598576545715
0.7778400182723999
0.3374269902706146
0.7889130115509033
0.3316270112991333
0.7999870181083679
0.3258279860019684
0.8110600113868713
0.32002899050712585
0.8221330046653748
0.3142299950122833
0.8332070112228394
0.3084309995174408
0.8442800045013428
0.30263200402259827
0.8553529977798462
0.29683199524879456
0.8678399920463562
0.2974179983139038
0.880325973033905
0.29800400137901306
0.8928120136260986
0.2985900044441223
0.9052979946136475
0.29917600750923157
0.9177849888801575
0.2997620105743408
0.9302710294723511
0.3003480136394501
0.9427570104598999
0.30093398690223694
0.9552429914474487
0.3015199899673462
0.9438499808311462
0.29638001322746277
0.9324560165405273
0.2912389934062958
0.9210619926452637
0.28609800338745117
0.9096680283546448
0.28095701336860657
0.8982740044593811
0.2758159935474396
0.8868799805641174
0.27067500352859497
0.8754860162734985
0.26553401350975037
0.8640919923782349
0.2603929936885834
0.857122004032135
0.250016987323761
0.850151002407074
0.2396409958600998
0.8431810140609741
0.2292650043964386
0.8362110257148743
0.2188889980316162
0.8292400240898132
0.20851300656795502
0.8222699761390686
0.19813700020313263
0.8152989745140076
0.18776099383831024
0.8083289861679077
0.17738400399684906
0.8022000193595886
0.16649000346660614
0.7960709929466248
0.15559600293636322
0.7899420261383057
0.1447020024061203
0.7838129997253418
0.1338070034980774
0.7776839733123779
0.12291300296783447
0.7715550065040588
0.11201900243759155
0.765425980091095
0.10112400352954865
0.7592970132827759
0.09023000299930573
0.7527530193328857
0.10231799632310867
0.7462090253829956
0.1144070029258728
0.7396649718284607
0.12649500370025635
0.7331200242042542
0.13858400285243988
0.7265759706497192
0.15067200362682343
