0.5459799766540527
0.44657599925994873
0.5363190174102783
0.4545089900493622
0.5266590118408203
0.462442010641098
0.5169990062713623
0.4703750014305115
0.5073390007019043
0.4783079922199249
0.4976789951324463
0.48624101281166077
0.4880189895629883
0.49417299032211304
0.47835901379585266
0.5021060109138489
0.46869799494743347
0.5100389719009399
0.46160900592803955
0.520334005355835
0.45451900362968445
0.5306289792060852
0.44742900133132935
0.5409240126609802
0.4403400123119354
0.5512189865112305
0.4332500100135803
0.5615140199661255
0.4261600077152252
0.5718089938163757
0.4190700054168701
0.5821040272712708
0.4119809865951538
0.592399001121521
0.40887099504470825
0.6045060157775879
0.4057619869709015
0.61661297082901
0.4026530086994171
0.6287199854850769
0.39954298734664917
0.6408270001411438
0.3964340090751648
0.6529350280761719
0.39332500100135803
0.665041983127594
0.3902150094509125
0.6771489977836609
0.3871060013771057
0.6892560124397278
0.3756510019302368
0.6842529773712158
0.3641960024833679
0.6792489886283875
0.352741003036499
0.6742460131645203
0.3412860035896301
0.6692429780960083
0.32983100414276123
0.6642400026321411
0.31837600469589233
0.6592370271682739
0.30692100524902344
0.6542329788208008
0.29546600580215454
0.6492300033569336
0.3037939965724945
0.6401349902153015
0.31212300062179565
0.631039023399353
0.3204520046710968
0.621944010257721
