0.15843600034713745
0.48241299390792847
0.169855996966362
0.4874959886074066
0.18127700686454773
0.49257799983024597
0.19269700348377228
0.4976600110530853
0.20411700010299683
0.5027430057525635
0.21553699672222137
0.5078250169754028
0.22695699334144592
0.5129079818725586
0.23837700486183167
0.517989993095398
0.2497970014810562
0.5230730175971985
0.25983500480651855
0.5156229734420776
0.2698720097541809
0.5081729888916016
0.27990999817848206
0.5007230043411255
0.2899470031261444
0.4932740032672882
0.29998499155044556
0.48582398891448975
0.3100219964981079
0.47837400436401367
0.32006001472473145
0.4709239900112152
0.3300969898700714
0.46347498893737793
0.3360010087490082
0.4524570107460022
0.34190499782562256
0.4414390027523041
0.34780898690223694
0.43042099475860596
0.3537119925022125
0.41940298676490784
0.3596160113811493
0.4083850085735321
0.36552000045776367
0.397367000579834
0.37142398953437805
0.38634899258613586
0.3773280084133148
0.37533101439476013
0.36910200119018555
0.36591899394989014
0.3608759939670563
0.35650700330734253
0.352649986743927
0.3470950126647949
0.3444240093231201
0.3376829922199249
0.33619898557662964
0.3282710015773773
0.32797300815582275
0.3188590109348297
0.3197470009326935
0.3094469904899597
0.3115209937095642
0.3000349998474121
0.32102999091148376
0.291922003030777
0.3305389881134033
0.28380900621414185
0.3400479853153229
0.27569499611854553
0.3495570123195648
0.2675819993019104
0.3590660095214844
0.2594679892063141
0.3685759902000427
0.25135499238967896
0.3780849874019623
0.24324199557304382
0.3875940144062042
0.2351280003786087
0.3989329934120178
0.22986899316310883
0.4102729856967926
0.22460900247097015
0.42161300778388977
0.21934999525547028
0.43295198678970337
0.2140900045633316
0.44429200887680054
0.20882999897003174
0.45563098788261414
0.20357100665569305
0.4669710099697113
0.1983110010623932
0.4783110022544861
0.1930519938468933
0.48035600781440735
0.20538300275802612
0.4824010133743286
0.21771499514579773
0.4844459891319275
0.23004600405693054
0.48649200797080994
0.24237799644470215
0.4885370135307312
0.25470900535583496
0.4905819892883301
0.26704099774360657
0.49262699484825134
0.2793720066547394
0.4946730136871338
0.291703999042511
0.4961859881877899
0.3041119873523712
0.49769899249076843
0.31652000546455383
0.49921301007270813
0.32892799377441406
0.5007259845733643
0.3413360118865967
0.502240002155304
0.3537440001964569
0.5037530064582825
0.36615198850631714
0.505266010761261
0.37856000661849976
0.5067800283432007
0.39096799492836
0.5106279850006104
0.40286099910736084
0.5144749879837036
0.4147549867630005
0.5183230042457581
0.42664799094200134
0.5221710205078125
0.4385409951210022
0.5260189771652222
0.45043399930000305
0.5298659801483154
0.4623270034790039
0.5337139964103699
0.47422000765800476
0.5375620126724243
0.4861130118370056
0.541720986366272
0.49790099263191223
0.5458800196647644
0.5096880197525024
0.5500389933586121
0.5214759707450867
0.5541980266571045
0.5332639813423157
0.5583580136299133
0.5450519919395447
0.562516987323761
0.5568389892578125
0.5666760206222534
0.5686269998550415
0.5708349943161011
0.5804150104522705
0.5753750205039978
0.5920619964599609
0.5799139738082886
0.603708028793335
0.5844539999961853
0.6153550148010254
0.588994026184082
0.6270009875297546
0.5935329794883728
0.6386479735374451
0.5980730056762695
0.6502940058708191
0.6026129722595215
0.6619409918785095
0.607151985168457
0.6735870242118835
0.6103990077972412
0.6856579780578613
0.6136450171470642
0.6977289915084839
0.6168919801712036
0.7098000049591064
0.6201379895210266
0.721871018409729
0.6233839988708496
0.733942985534668
0.6266310214996338
0.7460139989852905
0.629876971244812
0.7580850124359131
0.6331239938735962
0.7701560258865356
0.6358789801597595
0.7823479771614075
0.6386340260505676
0.7945410013198853
0.641389012336731
0.806734025478363
0.6441429853439331
0.8189259767532349
0.6468979716300964
0.8311190009117126
0.6496530175209045
0.8433120250701904
0.6524080038070679
0.8555039763450623
0.6551629900932312
0.86769700050354
0.6636130213737488
0.876908004283905
0.6720629930496216
0.8861200213432312
0.6805130243301392
0.8953310251235962
0.6889619827270508
0.9045429825782776
0.6974120140075684
0.9137539863586426
0.7058619856834412
0.9229660034179688
0.7143120169639587
0.9321770071983337
0.7227619886398315
0.9413890242576599
0.7351030111312866
0.94336998462677
0.7474449872970581
0.9453520178794861
0.7597870230674744
0.9473339915275574
0.7721289992332458
0.9493150115013123
0.7844709753990173
0.9512969851493835
0.7968130111694336
0.9532790184020996
0.8091549873352051
0.9552609920501709
0.8214970231056213
0.9572420120239258
0.8334349989891052
0.9535369873046875
0.8453729748725891
0.949832022190094
0.857312023639679
0.9461269974708557
0.8692499995231628
0.9424219727516174
0.8811879754066467
0.9387170076370239
0.8931270241737366
0.9350119829177856
0.9050650000572205
0.9313070178031921
0.9170029759407043
0.9276019930839539
0.9174209833145142
0.9151089787483215
0.9178379774093628
0.902616024017334
0.9182549715042114
0.8901230096817017
0.9186729788780212
0.8776299953460693
0.9190899729728699
0.865136981010437
0.9195079803466797
0.8526440262794495
0.9199249744415283
0.8401510119438171
0.9203429818153381
0.8276579976081848
