0.9310960173606873
0.7110909819602966
0.9195399880409241
0.7063239812850952
0.9079849720001221
0.701557993888855
0.8964290022850037
0.6967909932136536
0.8848739862442017
0.6920250058174133
0.8733180165290833
0.6872580051422119
0.8617630004882812
0.6824910044670105
0.8502069711685181
0.6777250170707703
0.8386520147323608
0.6729580163955688
0.8263260126113892
0.670877993106842
0.8140000104904175
0.6687970161437988
0.801675021648407
0.6667159795761108
0.7893490195274353
0.6646350026130676
0.77702397108078
0.6625549793243408
0.7646980285644531
0.6604740023612976
0.7523720264434814
0.6583930253982544
0.7400469779968262
0.6563119888305664
0.7279340028762817
0.659400999546051
0.7158219814300537
0.6624900102615356
0.7037100195884705
0.6655780076980591
0.6915969848632812
0.6686670184135437
0.679485023021698
0.6717560291290283
0.6673719882965088
0.6748440265655518
0.6552600264549255
0.6779329776763916
0.6431480050086975
0.6810219883918762
0.6318479776382446
0.6863679885864258
0.6205490231513977
0.6917139887809753
0.609250009059906
0.6970599889755249
0.5979509949684143
0.7024059891700745
0.5866519808769226
0.707751989364624
0.5753530263900757
0.7130979895591736
0.564054012298584
0.7184439897537231
0.5527549982070923
0.7237899899482727
0.5421800017356873
0.7304559946060181
0.5316060185432434
0.7371219992637634
0.5210319757461548
0.7437880039215088
0.5104569792747498
0.7504540085792542
0.4998829960823059
0.7571189999580383
0.48930901288986206
0.7637850046157837
0.47873398661613464
0.770451009273529
0.4681600034236908
0.7771170139312744
0.45953598618507385
0.7861649990081787
0.4509119987487793
0.7952139973640442
0.44228801131248474
0.8042629957199097
0.4336639940738678
0.813310980796814
0.42504099011421204
0.8223599791526794
0.4164170026779175
0.8314089775085449
0.40779298543930054
0.8404579758644104
0.399168998003006
0.8495060205459595
0.3871209919452667
0.8528389930725098
0.37507399916648865
0.8561710119247437
0.3630259931087494
0.859503984451294
0.3509790003299713
0.8628360033035278
0.33893099427223206
0.8661680221557617
0.3268829882144928
0.869500994682312
0.3148359954357147
0.8728330135345459
0.30278798937797546
0.8761659860610962
0.291922003030777
0.8823450207710266
0.2810559868812561
0.8885229825973511
0.2701900005340576
0.8947020173072815
0.25932401418685913
0.9008809924125671
0.24845799803733826
0.9070600271224976
0.23759199678897858
0.9132390022277832
0.2267259955406189
0.9194179773330688
0.21585899591445923
0.9255970120429993
0.20308899879455566
0.9243959784507751
