0.05325090140104294
0.7375360131263733
0.06374269723892212
0.730741024017334
0.0742345005273819
0.7239459753036499
0.08472619950771332
0.7171509861946106
0.0952180027961731
0.7103559970855713
0.1057099997997284
0.703561007976532
0.11620199680328369
0.6967660188674927
0.126692995429039
0.6899710297584534
0.1371850073337555
0.6831759810447693
0.13777999579906464
0.6706900000572205
0.13837499916553497
0.6582040190696716
0.1389700025320053
0.645717978477478
0.13956600427627563
0.6332330107688904
0.14016099274158478
0.6207470297813416
0.14075599610805511
0.608260989189148
0.14135099947452545
0.5957750082015991
0.1419460028409958
0.5832890272140503
0.14599299430847168
0.5714629888534546
0.15004000067710876
0.5596359968185425
0.15408800542354584
0.5478090047836304
0.15813499689102173
0.5359830260276794
0.1621820032596588
0.5241559743881226
0.1662289947271347
0.5123289823532104
0.1702760010957718
0.5005019903182983
0.17432299256324768
0.4886760115623474
0.18524500727653503
0.4825960099697113
0.1961670070886612
0.4765160083770752
0.20708900690078735
0.4704360067844391
0.2180110067129135
0.4643569886684418
0.2289319932460785
0.45827698707580566
0.23985399305820465
0.45219698548316956
0.2507759928703308
0.44611701369285583
0.26169800758361816
0.4400370121002197
0.2536109983921051
0.43050599098205566
0.24552400410175323
0.4209739863872528
0.23743799328804016
0.41144201159477234
0.2293509989976883
0.4019109904766083
0.22126400470733643
0.3923789858818054
0.21317699551582336
0.38284701108932495
0.2050900012254715
0.3733150064945221
0.19700400531291962
0.36378398537635803
0.1931159943342209
0.3519040048122406
0.18922899663448334
0.340023010969162
0.1853410005569458
0.32814300060272217
0.18145400285720825
0.31626299023628235
0.17756600677967072
0.3043830096721649
0.17367899417877197
0.2925029993057251
0.16979099810123444
0.2806229889392853
0.1659040004014969
0.26874300837516785
0.16813799738883972
0.2564440071582794
0.17037199437618256
0.244145005941391
0.17260600626468658
0.23184600472450256
0.17484000325202942
0.21954800188541412
0.17707400023937225
0.2072490006685257
0.1793079972267151
0.19494999945163727
0.18154199421405792
0.18265099823474884
0.18377700448036194
0.1703529953956604
0.19558799266815186
0.16626200079917908
0.20739999413490295
0.16217200458049774
0.21921199560165405
0.1580819934606552
0.23102399706840515
0.1539909988641739
0.24283599853515625
0.14990100264549255
0.25464800000190735
0.14581100642681122
0.26645898818969727
0.1417199969291687
0.27827098965644836
0.13763000071048737
0.29023098945617676
0.133993998169899
0.30219000577926636
0.13035699725151062
0.31414899230003357
0.12672099471092224
0.32610899209976196
0.12308499962091446
0.33806800842285156
0.11944799870252609
0.3500269949436188
0.11581200361251831
0.36198699474334717
0.11217600107192993
0.37394601106643677
0.10853900015354156
0.3864020109176636
0.1095919981598854
0.3988569974899292
0.11064600199460983
0.411312997341156
0.11169900000095367
0.423768013715744
0.11275199800729752
0.4362240135669708
0.11380500346422195
0.44868001341819763
0.1148580014705658
0.46113499999046326
0.11591199785470963
0.47359099984169006
0.11696500331163406
0.47510600090026855
0.1293729990720749
0.47662100195884705
0.14178000390529633
0.47813698649406433
0.15418800711631775
0.4796519875526428
0.16659599542617798
0.4811669886112213
0.1790039986371994
0.482683002948761
0.19141200184822083
0.4841980040073395
0.20381900668144226
0.48571398854255676
0.2162269949913025
0.4865820109844208
0.2286970019340515
0.4874500036239624
0.24116699397563934
0.48831799626350403
0.2536369860172272
0.48918598890304565
0.2661069929599762
0.49005401134490967
0.27857598662376404
0.4909220039844513
0.29104599356651306
0.4917899966239929
0.3035160005092621
0.49265798926353455
0.3159860074520111
0.4936000108718872
0.3284499943256378
0.4945429861545563
0.3409149944782257
0.49548599123954773
0.3533790111541748
0.4964289963245392
0.3658429980278015
0.49737200140953064
0.3783079981803894
0.4983150064945221
0.3907720148563385
0.49925801157951355
0.403236985206604
0.5001999735832214
0.4157010018825531
0.508417010307312
0.42274099588394165
0.5166329741477966
0.4297809898853302
0.524848997592926
0.43682000041007996
