0.43260401487350464
0.5161749720573425
0.43321800231933594
0.528659999370575
0.4338330030441284
0.5411450266838074
0.4344469904899597
0.553629994392395
0.4350610077381134
0.5661150217056274
0.4356760084629059
0.5785999894142151
0.4362899959087372
0.5910850167274475
0.43690499663352966
0.6035699844360352
0.43751901388168335
0.6160539984703064
0.4370110034942627
0.6285439729690552
0.43650299310684204
0.6410340070724487
0.4359950125217438
0.6535230278968811
0.43548598885536194
0.6660130023956299
0.43497800827026367
0.6785029768943787
0.434469997882843
0.690991997718811
0.43396198749542236
0.7034819722175598
0.4334540069103241
0.7159720063209534
0.4319320023059845
0.7283790111541748
0.4304099977016449
0.7407860159873962
0.4288890063762665
0.7531930208206177
0.4273670017719269
0.7656000256538391
0.4258449971675873
0.7780069708824158
0.4243229925632477
0.7904139757156372
0.4228009879589081
0.8028209805488586
0.42127999663352966
0.8152279853820801
0.41860198974609375
0.8274379968643188
0.4159240126609802
0.8396469950675964
0.4132460057735443
0.8518570065498352
0.4105679988861084
0.864067018032074
0.4078899919986725
0.8762770295143127
0.4052119851112366
0.8884869813919067
0.40253400802612305
0.9006959795951843
0.3998570144176483
0.9129059910774231
0.3875569999217987
0.9106749892234802
0.3752579987049103
0.9084450006484985
0.36295801401138306
0.9062139987945557
0.35065901279449463
0.9039829969406128
0.3383600115776062
0.9017519950866699
0.3260599970817566
0.8995220065116882
0.31376099586486816
0.8972910046577454
0.30146199464797974
0.8950600028038025
0.2896609902381897
0.8929200172424316
0.27786099910736084
0.890779972076416
