0.5782319903373718
0.29752400517463684
0.5689250230789185
0.3058669865131378
0.5596169829368591
0.31421101093292236
0.5503090023994446
0.32255399227142334
0.54100102186203
0.3308979868888855
0.5316939949989319
0.33924201130867004
0.5223860144615173
0.347584992647171
0.513077974319458
0.3559289872646332
0.5037699937820435
0.36427199840545654
0.4982059895992279
0.3754650056362152
0.49264100193977356
0.3866580128669739
0.4870760142803192
0.39785099029541016
0.48151201009750366
0.4090439975261688
0.47594699263572693
0.4202379882335663
0.4703820049762726
0.43143099546432495
0.46481800079345703
0.4426240026950836
0.4592530131340027
0.4538170099258423
0.45541998744010925
0.4657149910926819
0.4515880048274994
0.47761300206184387
0.44775599241256714
0.48951101303100586
0.4439229965209961
0.5014089941978455
0.44009101390838623
0.5133069753646851
0.436259001493454
0.5252050161361694
0.43242600560188293
0.537102997303009
0.4285939931869507
0.5490009784698486
0.4229219853878021
0.5601400136947632
0.41725099086761475
0.571278989315033
0.4115790128707886
0.5824189782142639
0.4059079885482788
0.5935580134391785
0.40023601055145264
0.6046969890594482
0.3945640027523041
0.6158360242843628
0.3888930082321167
0.6269760131835938
0.38322100043296814
0.6381149888038635
0.371381014585495
0.6341069936752319
0.35954099893569946
0.6300979852676392
0.3477019965648651
0.6260899901390076
0.33586201071739197
0.6220809817314148
0.32402199506759644
0.6180729866027832
0.3121820092201233
0.6140649914741516
0.30034199357032776
0.6100559830665588
0.2885020077228546
0.6060479879379272
0.2766619920730591
0.6020399928092957
0.26482200622558594
0.5980309844017029
0.2529819905757904
0.5940229892730713
0.24114300310611725
0.5900139808654785
0.2293030023574829
0.5860059857368469
0.21746300160884857
0.5819979906082153
0.20562300086021423
0.5779889822006226
0.1937830001115799
0.573980987071991
0.1896989941596985
0.5621669888496399
0.18561400473117828
0.5503529906272888
0.18152999877929688
0.5385389924049377
0.17744599282741547
0.5267249941825867
0.17336200177669525
0.5149109959602356
0.16927699744701385
0.5030969977378845
0.16519300639629364
0.49128401279449463
0.16110900044441223
0.47947001457214355
0.14953599870204926
0.4874730110168457
0.13796399533748627
0.49547699093818665
0.1263909935951233
0.5034800171852112
0.1148189976811409
0.5114840269088745
0.10324600338935852
0.5194870233535767
0.09167350083589554
0.5274909734725952
