0.35427799820899963
0.2196819931268692
0.34210699796676636
0.2168319970369339
0.3299359977245331
0.2139820009469986
0.317766010761261
0.2111320048570633
0.3055950105190277
0.2082819938659668
0.29342401027679443
0.2054319977760315
0.28125301003456116
0.2025810033082962
0.2690829932689667
0.1997310072183609
0.2569119930267334
0.1968809962272644
0.24746200442314148
0.18869900703430176
0.23801200091838837
0.18051600456237793
0.22856299579143524
0.1723340004682541
0.21911300718784332
0.16415099799633026
0.2096630036830902
0.15596899390220642
0.20021399855613708
0.1477860063314438
0.19076399505138397
0.13960400223731995
0.18131400644779205
0.13142099976539612
0.17144399881362915
0.13909099996089935
0.16157400608062744
0.1467610001564026
0.15170300006866455
0.15443000197410583
0.14183300733566284
0.16210000216960907
0.13196200132369995
0.1697700023651123
0.12209200114011765
0.17744000256061554
0.11222200095653534
0.18511000275611877
0.10235100239515305
0.19277900457382202
0.1001489982008934
0.20508399605751038
0.09794750064611435
0.21738800406455994
0.09574560075998306
0.2296929955482483
0.09354370087385178
0.24199700355529785
0.09134189784526825
0.2543019950389862
0.08913999795913696
0.26660698652267456
0.08693809807300568
0.2789109945297241
0.08473630249500275
0.2912159860134125
0.08250919729471207
0.3036609888076782
0.08028219640254974
0.31610599160194397
