0.3604240119457245
0.8194140195846558
0.3595849871635437
0.8069419860839844
0.3587470054626465
0.7944700121879578
0.3579080104827881
0.7819979786872864
0.3570699989795685
0.7695260047912598
0.3562310039997101
0.7570539712905884
0.3553929924964905
0.7445819973945618
0.3545539975166321
0.7321109771728516
0.3537159860134125
0.719639003276825
0.3586429953575134
0.7081509828567505
0.3635709881782532
0.6966630220413208
0.3684979975223541
0.6851750016212463
0.37342599034309387
0.6736879944801331
0.3783529996871948
0.6621999740600586
0.38328099250793457
0.6507120132446289
0.3882080018520355
0.6392239928245544
0.39313599467277527
0.62773597240448
0.3809730112552643
0.6248509883880615
0.3688110113143921
0.6219660043716431
0.3566479980945587
0.6190810203552246
0.3444859981536865
0.6161959767341614
0.33232301473617554
0.6133120059967041
0.32016101479530334
0.6104270219802856
0.30799800157546997
0.6075419783592224
0.2958360016345978
0.604656994342804
0.28311800956726074
0.601639986038208
