0.27542999386787415
0.5493850111961365
0.27426499128341675
0.561830997467041
0.27309900522232056
0.5742769837379456
0.27193400263786316
0.5867220163345337
0.2707679867744446
0.5991680026054382
0.2696020007133484
0.6116129755973816
0.268436998128891
0.6240590214729309
0.2672710120677948
0.6365039944648743
0.2661049962043762
0.6489499807357788
0.2553580105304718
0.642566978931427
0.244609996676445
0.6361849904060364
0.2338619977235794
0.6298019886016846
0.2231149971485138
0.6234189867973328
0.2123669981956482
0.6170369982719421
0.2016189992427826
0.6106539964675903
0.19087199866771698
0.6042720079421997
0.18012399971485138
0.5978890061378479
0.1726509928703308
0.6079090237617493
0.16517899930477142
0.617929995059967
0.15770600736141205
0.6279500126838684
0.15023399889469147
0.6379709839820862
0.1427610069513321
0.6479910016059875
0.13528800010681152
0.6580119729042053
0.12781600654125214
0.6680319905281067
0.12034299969673157
0.6780530214309692
0.11283399909734726
0.6881229877471924
0.10532499849796295
0.6981930136680603
0.09781520068645477
0.708262026309967
