0.787663996219635
0.7157750129699707
0.7769730091094971
0.7222530245780945
0.7662829756736755
0.7287319898605347
0.7555930018424988
0.7352100014686584
0.7449020147323608
0.7416880130767822
0.7342119812965393
0.748166024684906
0.7235220074653625
0.754643976688385
0.712831974029541
0.76112300157547
0.7021409869194031
0.7676010131835938
0.6958240270614624
0.7561990022659302
0.689507007598877
0.7447980046272278
0.6831899881362915
0.7333970069885254
0.6768730282783508
0.7219949960708618
0.6705560088157654
0.7105939984321594
