0.45697298645973206
0.536408007144928
0.45391198992729187
0.5485280156135559
0.4508509933948517
0.5606470108032227
0.4477899968624115
0.5727670192718506
0.4447300136089325
0.5848860144615173
0.4416689872741699
0.5970050096511841
0.43860799074172974
0.609125018119812
0.43554699420928955
0.6212440133094788
0.43248599767684937
0.6333640217781067
0.43156999349594116
0.645829975605011
0.43065398931503296
0.6582970023155212
0.42973798513412476
0.6707630157470703
0.42882201075553894
0.6832290291786194
0.42790600657463074
0.6956959962844849
0.42698898911476135
0.7081620097160339
0.42607301473617554
0.7206289768218994
0.42515701055526733
0.7330949902534485
0.4221250116825104
0.7452219724655151
0.41909199953079224
0.7573480010032654
0.4160600006580353
0.769474983215332
0.4130280017852783
0.7816010117530823
0.4099949896335602
0.7937279939651489
0.4069629907608032
0.8058549761772156
0.40393000841140747
0.8179810047149658
0.4008980095386505
0.8301079869270325
0.3994919955730438
0.8425279855728149
0.3980860114097595
0.8549489974975586
0.39667999744415283
0.8673700094223022
0.39527401328086853
0.8797900080680847
0.39386698603630066
0.8922110199928284
0.39246100187301636
0.9046319723129272
0.39105498790740967
0.9170519709587097
0.38964900374412537
0.9294729828834534
0.37843701243400574
0.9239469766616821
0.3672249913215637
0.9184200167655945
0.3560130000114441
0.9128929972648621
0.34480100870132446
0.9073669910430908
0.33358898758888245
0.9018399715423584
0.3223769962787628
0.8963140249252319
0.3111650049686432
0.8907870054244995
0.29995301365852356
0.8852609992027283
0.28974100947380066
0.8780519962310791
0.27952900528907776
0.8708440065383911
0.26931700110435486
0.8636350035667419
0.25910499691963196
0.856427013874054
0.24889299273490906
0.8492180109024048
0.23868100345134735
0.8420090079307556
0.22846899926662445
0.8348010182380676
0.21825699508190155
0.8275920152664185
0.2118459939956665
0.8168609738349915
0.20543600618839264
0.8061299920082092
0.1990250051021576
0.795399010181427
0.19261500239372253
0.7846680283546448
0.1862040013074875
0.7739369869232178
0.17979399859905243
0.7632060050964355
0.17338299751281738
0.7524750232696533
0.16697199642658234
0.7417439818382263
0.15885700285434723
0.7316669821739197
