0.03521540015935898
0.7386950254440308
0.047706298530101776
0.7391719818115234
0.06019720062613487
0.7396489977836609
0.07268810272216797
0.7401260137557983
0.08517900109291077
0.7406030297279358
0.09766989946365356
0.7410799860954285
0.11016099900007248
0.7415570020675659
0.12265200167894363
0.7420340180397034
0.1351429969072342
0.742510974407196
0.1467439979314804
0.7378559708595276
0.15834499895572662
0.7332019805908203
0.16994599997997284
0.7285469770431519
0.18154700100421906
0.7238919734954834
0.19314800202846527
0.7192379832267761
0.2047490030527115
0.7145829796791077
0.2163500040769577
0.7099279761314392
0.22795100510120392
0.7052739858627319
0.24002599716186523
0.70204097032547
0.25209999084472656
0.6988080143928528
0.2641749978065491
0.6955749988555908
0.2762500047683716
0.6923419833183289
0.2883239984512329
0.6891090273857117
0.3003990054130554
0.6858760118484497
0.31247401237487793
0.6826429963111877
0.32454898953437805
0.6794099807739258
0.32124900817871094
0.6699709892272949
