0.38384300470352173
0.22607199847698212
0.37513700127601624
0.2171030044555664
0.36643001437187195
0.20813299715518951
0.35772401094436646
0.1991640031337738
0.3490169942378998
0.1901949942111969
0.3403109908103943
0.1812260001897812
0.33160400390625
0.1722559928894043
0.3228980004787445
0.1632869988679886
0.314191997051239
0.15431800484657288
0.3248339891433716
0.1477610021829605
0.33547699451446533
0.14120499789714813
0.3461189866065979
0.13464899361133575
0.35676199197769165
0.12809200584888458
0.3674040138721466
0.1215360015630722
0.37804698944091797
0.11497899889945984
0.3886890113353729
0.10842300206422806
0.3993319869041443
0.10186699777841568
0.4095270037651062
0.09463459998369217
0.4197230041027069
0.0874025970697403
0.42991799116134644
0.08017060160636902
0.44011399149894714
0.07293850183486938
0.45030900835990906
0.06570649892091751
0.46050500869750977
0.058474499732255936
0.4706999957561493
0.05124250054359436
0.48089599609375
0.04401040077209473
0.4831649959087372
0.05630270019173622
0.48543399572372437
0.06859499961137772
0.48770400881767273
0.08088730275630951
0.4899730086326599
0.09317950159311295
0.4922429919242859
0.10547199845314026
0.49451199173927307
0.11776400357484818
0.49678099155426025
0.1300559937953949
0.4990510046482086
0.1423490047454834
0.5031129717826843
0.15417000651359558
0.5071759819984436
0.16599099338054657
0.5112389922142029
0.17781299352645874
0.515300989151001
0.18963399529457092
0.5193639993667603
0.2014549970626831
0.5234270095825195
0.21327699720859528
0.5274890065193176
0.22509799897670746
0.5315520167350769
0.23691999912261963
0.5356659889221191
0.24872300028800964
0.5397800207138062
0.26052701473236084
0.5438950061798096
0.27232998609542847
0.5480089783668518
0.28413400053977966
0.5521230101585388
0.2959370017051697
0.556236982345581
0.3077409863471985
0.5603510141372681
0.3195439875125885
0.5644659996032715
0.3313480019569397
0.5669299960136414
0.3436020016670227
0.5693950057029724
0.3558570146560669
0.5718600153923035
0.3681119978427887
0.5743250250816345
0.3803659975528717
0.5767899751663208
0.3926210105419159
0.5792549848556519
0.4048750102519989
0.5817189812660217
0.4171299934387207
0.5841839909553528
0.4293839931488037
0.5951989889144897
0.4353159964084625
0.6062150001525879
0.44124698638916016
0.6172299981117249
0.4471780061721802
0.6282449960708618
0.4531089961528778
0.6392599940299988
0.4590409994125366
