0.5800420045852661
0.28775298595428467
0.5875139832496643
0.29777398705482483
0.5949860215187073
0.307794988155365
0.6024580001831055
0.31781598925590515
0.6099299788475037
0.3278369903564453
0.6174020171165466
0.3378579914569855
0.6248739957809448
0.34787899255752563
0.632345974445343
0.3578999936580658
0.639818012714386
0.36792099475860596
0.646012008190155
0.37877801060676575
0.6522070169448853
0.38963499665260315
0.6584010124206543
0.40049299597740173
0.6645950078964233
0.4113500118255615
0.6707900166511536
0.4222069978713989
0.6769840121269226
0.4330640137195587
0.6831780076026917
0.4439220130443573
0.6893730163574219
0.4547789990901947
0.6924970149993896
0.46688199043273926
0.6956210136413574
0.478985995054245
0.6987450122833252
0.49108898639678955
0.701869010925293
0.5031920075416565
0.7049930095672607
0.5152950286865234
0.7081180214881897
0.5273990035057068
0.7112420201301575
0.5395020246505737
0.7143660187721252
0.5516049861907959
0.7252020239830017
0.5566110014915466
0.7360389828681946
0.5616160035133362
0.7468760013580322
0.5666220188140869
0.7577120065689087
0.5716270208358765
