0.17404299974441528
0.24236300587654114
0.17956799268722534
0.25357601046562195
0.1850930005311966
0.2647880017757416
0.19061900675296783
0.2760010063648224
0.1961439996957779
0.287212997674942
0.20166899263858795
0.2984260022640228
0.2071940004825592
0.30963900685310364
0.21271899342536926
0.32085099816322327
0.2182449996471405
0.3320640027523041
0.23041099309921265
0.33493301272392273
0.24257700145244598
0.337801992893219
0.2547430098056793
0.34067100286483765
0.26690998673439026
0.3435400128364563
0.2790760099887848
0.34640899300575256
0.29124200344085693
0.3492780029773712
0.30340901017189026
0.35214701294898987
0.3155750036239624
0.3550170063972473
0.3275580108165741
0.3514600098133087
0.3395420014858246
0.3479039967060089
0.3515250086784363
0.3443480134010315
0.36350899934768677
0.3407920002937317
0.37549200654029846
0.3372359871864319
0.38747599720954895
0.33368000388145447
0.39945900440216064
0.33012399077415466
0.41144299507141113
0.32656699419021606
0.4112499952316284
0.3390659987926483
0.4110580086708069
0.3515639901161194
0.41086599230766296
0.36406299471855164
0.41067400574684143
0.3765619993209839
0.4104810059070587
0.38905999064445496
0.4102889895439148
0.4015589952468872
0.41009700298309326
0.4140569865703583
0.40990498661994934
0.4265559911727905
0.4106940031051636
0.4390310049057007
0.4114820063114166
0.45150598883628845
0.41227099299430847
0.4639810025691986
0.4130600094795227
0.4764559864997864
0.41384899616241455
0.48893100023269653
0.4146380126476288
0.5014060139656067
0.41542699933052063
0.5138810276985168
0.4162159860134125
0.5263559818267822
0.4166739881038666
0.5388479828834534
0.4171319901943207
0.5513389706611633
0.417589008808136
0.5638309717178345
0.4180470108985901
0.5763229727745056
0.4185050129890442
0.5888140201568604
0.4189629852771759
0.6013060212135315
0.4194200038909912
0.6137980222702026
0.4198780059814453
0.6262890100479126
0.42048001289367676
0.6387749910354614
0.421081006526947
0.6512600183486938
0.4216820001602173
0.6637459993362427
0.42228299379348755
0.6762310266494751
0.422885000705719
0.6887170076370239
0.42348599433898926
0.7012019753456116
0.4240869879722595
0.7136880159378052
0.42468899488449097
0.7261729836463928
0.42378100752830505
0.7386400103569031
0.42287400364875793
0.7511069774627686
0.4219669997692108
0.7635740041732788
0.4210590124130249
0.7760409712791443
0.4201520085334778
0.7885090112686157
0.41924500465393066
0.8009759783744812
0.41833698749542236
0.8134430050849915
0.41743001341819763
0.8259099721908569
0.4156320095062256
0.8382800221443176
0.41383400559425354
0.8506500124931335
0.4120360016822815
0.8630200028419495
0.41023901104927063
0.8753899931907654
0.4084410071372986
0.8877599835395813
0.40664300322532654
0.9001299738883972
0.4048449993133545
0.9125000238418579
0.40304699540138245
0.9248700141906738
0.40244099497795105
0.9372720122337341
0.40183401107788086
0.9496729969978333
