0.3089050054550171
0.6652010083198547
0.2987329959869385
0.672465980052948
0.28856098651885986
0.679731011390686
0.27838900685310364
0.6869959831237793
0.268216997385025
0.6942600011825562
0.2580449879169464
0.7015249729156494
0.247872993350029
0.7087900042533875
0.23770099878311157
0.7160549759864807
0.22752900421619415
0.7233200073242188
0.22148700058460236
0.734263002872467
0.21544599533081055
0.7452059984207153
0.20940400660037994
0.7561489939689636
0.20336300134658813
0.7670919895172119
0.19732099771499634
0.7780349850654602
0.19128000736236572
0.7889779806137085
0.18523800373077393
0.7999209761619568
0.17919699847698212
0.8108639717102051
0.16869699954986572
0.8040819764137268
0.15819700062274933
0.7972990274429321
0.14769800007343292
0.7905160188674927
0.13719800114631653
0.7837330102920532
0.12669800221920013
0.776951014995575
0.11619800329208374
0.7701680064201355
0.10569900274276733
0.763384997844696
0.0951991006731987
0.7566019892692566
0.08478309959173203
0.7498739957809448
0.07436709851026535
0.7431449890136719
0.06395109742879868
0.7364159822463989
