0.3161669969558716
0.9623749852180481
0.30588701367378235
0.9552620053291321
0.2956080138683319
0.9481499791145325
0.28532901406288147
0.9410380125045776
0.27504900097846985
0.933925986289978
0.2647700011730194
0.9268140196800232
0.2544899880886078
0.9197009801864624
0.24421100318431854
0.9125890135765076
0.23393100500106812
0.905476987361908
0.23054100573062897
0.8934460282325745
0.22714999318122864
0.881413996219635
0.2237599939107895
0.8693829774856567
0.22036899626255035
0.8573520183563232
0.2169789969921112
0.8453199863433838
0.21358799934387207
0.8332890272140503
0.21019800007343292
0.8212569952011108
0.2068070024251938
0.8092259764671326
0.20722900331020355
0.796733021736145
0.20765100419521332
0.7842400074005127
0.20807400345802307
0.7717469930648804
0.20849600434303284
0.759253978729248
0.2089180052280426
0.7467619776725769
0.20934000611305237
0.7342690229415894
0.20976200699806213
0.721776008605957
0.2101839929819107
0.7092829942703247
0.218176007270813
0.6996719837188721
0.22616900503635406
0.6900609731674194
0.23416100442409515
0.6804500222206116
0.24215300381183624
0.6708379983901978
0.25014498829841614
0.6612269878387451
0.2581369876861572
0.6516159772872925
0.2661300003528595
0.6420050263404846
0.2741219997406006
0.632394015789032
0.2727769911289215
0.6199659705162048
0.2714320123195648
0.6075389981269836
0.27008700370788574
0.5951120257377625
0.26874199509620667
0.5826839804649353
0.2673969864845276
0.5702570080757141
0.2660509943962097
0.5578290224075317
0.26470598578453064
0.5454019904136658
0.26336100697517395
0.5329740047454834
0.2693359851837158
0.5219950079917908
0.2753109931945801
0.511014997959137
0.28128498792648315
0.5000349879264832
0.2872599959373474
0.4890559911727905
0.2932339906692505
0.4780760109424591
0.29920899868011475
0.4670960009098053
0.305184006690979
0.45611700415611267
0.3111580014228821
0.44513699412345886
0.30184799432754517
0.43679600954055786
0.29253798723220825
0.4284549951553345
0.2832280099391937
0.42011401057243347
0.2739180028438568
0.4117729961872101
0.2646079957485199
0.4034320116043091
0.255297988653183
0.3950909972190857
0.24598799645900726
0.3867500126361847
0.23667700588703156
0.3784089982509613
0.23117899894714355
0.36718299984931946
0.22568100690841675
0.3559570014476776
0.22018299996852875
0.34473198652267456
0.21468499302864075
0.3335059881210327
0.20918700098991394
0.32227998971939087
0.20368799567222595
0.311053991317749
0.19819000363349915
0.2998279929161072
0.19269199669361115
0.28860199451446533
0.1934249997138977
0.2761240005493164
0.19415900111198425
0.2636449933052063
0.1948920041322708
0.2511669993400574
0.19562600553035736
0.23868800699710846
0.19635899364948273
0.22620999813079834
0.1970919966697693
0.21373100578784943
0.19782599806785583
0.2012529969215393
0.1985590010881424
0.1887740045785904
0.2091130018234253
0.18207499384880066
0.2196660041809082
0.17537599802017212
0.2302190065383911
0.16867700219154358
0.240773007273674
0.16197800636291504
0.2513259947299957
0.1552789956331253
0.26187899708747864
0.14857999980449677
0.27243301272392273
0.14188100397586823
0.28298598527908325
0.1351819932460785
0.2758199870586395
0.12494000047445297
0.268655002117157
0.11469800025224686
0.26148900389671326
0.10445500165224075
0.25432300567626953
0.09421320259571075
0.2471580058336258
0.08397089689970016
0.23999199271202087
0.07372870296239853
0.23282699286937714
0.06348639726638794
0.2256609946489334
0.053244199603796005
0.2333810031414032
0.06307540088891983
0.2411009967327118
0.07290670275688171
0.24882100522518158
0.08273790031671524
0.2565400004386902
0.09256920218467712
0.2642599940299988
0.10239999741315842
0.2719799876213074
0.11223199963569641
0.27970001101493835
0.12206300348043442
0.28742000460624695
0.13189400732517242
0.2986679971218109
0.12644100189208984
0.3099150061607361
0.12098699808120728
0.32116299867630005
0.11553400009870529
0.332410991191864
0.11008100211620331
0.3436580002307892
0.10462699830532074
0.35490599274635315
0.09917400032281876
0.3661539852619171
0.09372060000896454
0.37740200757980347
0.08826729655265808
0.38989898562431335
0.08853980153799057
0.40239599347114563
0.08881229907274246
0.4148930013179779
0.08908479660749435
0.4273900091648102
0.08935730159282684
0.43988698720932007
0.08962979912757874
0.45238399505615234
0.08990229666233063
0.4648810029029846
0.09017480164766312
0.4773780107498169
0.09044729918241501
0.4819689989089966
0.10207399725914001
0.48655998706817627
0.1137000024318695
0.49115198850631714
0.1253259927034378
0.4957430064678192
0.1369519978761673
0.5003340244293213
0.14857900142669678
0.5049260258674622
0.16020500659942627
0.5095170140266418
0.17183099687099457
0.5141080021858215
0.18345700204372406
0.5167070031166077
0.19568400084972382
0.519307017326355
0.20791099965572357
0.5219060182571411
0.22013799846172333
0.5245050191879272
0.23236499726772308
0.5271040201187134
0.24459099769592285
0.5297030210494995
0.2568179965019226
0.5323020219802856
0.26904499530792236
0.5349010229110718
0.2812719941139221
0.5387060046195984
0.2931790053844452
0.542510986328125
0.3050850033760071
0.5463160276412964
0.31699201464653015
0.550121009349823
0.32889899611473083
0.5539259910583496
0.3408060073852539
0.5577309727668762
0.3527129888534546
0.5615360140800476
0.36462000012397766
0.5653409957885742
0.37652599811553955
0.568763017654419
0.38854900002479553
0.5721840262413025
0.40057098865509033
0.5756059885025024
0.4125939905643463
0.5790280103683472
0.4246160089969635
0.5824499726295471
0.4366390109062195
0.5858719944953918
0.4486609995365143
0.5892940163612366
0.46068400144577026
0.5927159786224365
0.47270599007606506
0.5975319743156433
0.4842410087585449
0.6023489832878113
0.4957759976387024
0.6071649789810181
0.5073109865188599
0.6119809746742249
0.5188459753990173
0.6167979836463928
0.5303800106048584
0.6216139793395996
0.5419149994850159
0.6264309883117676
0.5534499883651733
0.6312469840049744
0.5649849772453308
0.6388829946517944
0.5748810172080994
0.6465190052986145
0.5847780108451843
0.6541550159454346
0.5946750044822693
0.6617910265922546
0.6045709848403931
0.6694269776344299
0.614467978477478
0.67706298828125
0.6243640184402466
0.6846989989280701
0.6342610120773315
0.6923350095748901
0.6441569924354553
0.6971110105514526
0.6557090282440186
0.7018880248069763
0.6672599911689758
0.7066640257835388
0.6788120269775391
0.7114400267601013
0.6903629899024963
0.7162160277366638
0.7019150257110596
0.7209920287132263
0.713467001914978
0.7257689833641052
0.7250180244445801
0.7305449843406677
0.7365700006484985
0.7413759827613831
0.7428100109100342
0.7522069811820984
0.7490500211715698
0.7630370259284973
0.7552909851074219
0.7738680243492126
0.7615309953689575
0.784699022769928
0.7677710056304932
0.7955300211906433
0.77401202917099
0.8063610196113586
0.7802519798278809
0.817192018032074
0.7864930033683777
0.8210669755935669
0.7983769774436951
0.8249419927597046
0.8102610111236572
0.8288159966468811
0.8221449851989746
0.8326910138130188
0.8340299725532532
0.8365659713745117
0.8459140062332153
0.8404409885406494
0.8577979803085327
0.8443160057067871
0.8696820139884949
0.8481910228729248
0.8815670013427734
0.8596280217170715
0.8866099715232849
0.8710650205612183
0.8916540145874023
0.8825029730796814
0.896697998046875
0.8939399719238281
0.9017410278320312
0.9053769707679749
0.9067850112915039
0.9168140292167664
0.9118289947509766
0.9282519817352295
0.9168729782104492
0.9396889805793762
0.9219160079956055
0.9401950240135193
0.9093719720840454
0.9406999945640564
0.8968290090560913
0.9412059783935547
0.8842849731445312
0.9417120218276978
0.871740996837616
0.942218005657196
0.8591970205307007
