0.7433760166168213
0.3276430070400238
0.7309529781341553
0.32626500725746155
0.7185289859771729
0.3248870074748993
0.7061049938201904
0.32350900769233704
0.693681001663208
0.3221310079097748
0.6812570095062256
0.3207530081272125
0.6688330173492432
0.31937500834465027
0.6564099788665771
0.317997008562088
0.6439859867095947
0.31661900877952576
0.6563130021095276
0.31454798579216003
0.6686409711837769
0.3124769926071167
0.6809679865837097
0.31040701270103455
0.6932950019836426
0.3083359897136688
0.7056220173835754
0.30626600980758667
0.7179499864578247
0.30419498682022095
0.7302770018577576
0.3021250069141388
0.7426040172576904
0.30005401372909546
0.7550830245018005
0.30078598856925964
0.7675619721412659
0.3015170097351074
0.7800400257110596
0.302249014377594
0.7925189733505249
0.3029800057411194
0.8049970269203186
0.30371201038360596
0.8174759745597839
0.30444300174713135
0.8299540281295776
0.3051750063896179
0.842432975769043
0.3059070110321045
0.8422939777374268
0.29340699315071106
0.8421549797058105
0.2809079885482788
0.8420159816741943
0.26840901374816895
0.8418769836425781
0.2559100091457367
0.8417379856109619
0.24341000616550446
0.8415989875793457
0.2309110015630722
0.8414589762687683
0.21841199696063995
0.8413199782371521
0.2059130072593689
0.8296610116958618
0.21042099595069885
0.8180029988288879
0.21492800116539001
0.8063439726829529
0.21943600475788116
0.7946850061416626
0.22394399344921112
0.7830259799957275
0.22845199704170227
0.7713670134544373
0.23296000063419342
0.7597079873085022
0.23746700584888458
0.7480490207672119
0.24197499454021454
0.7463510036468506
0.22823099792003632
0.7446529865264893
0.2144860029220581
0.7429540157318115
0.2007409930229187
0.7412559986114502
0.1869959980249405
0.7395570278167725
0.17325200140476227
