0.5294849872589111
0.17143100500106812
0.5292689800262451
0.18392899632453918
0.5290520191192627
0.19642700254917145
0.5288360118865967
0.20892499387264252
0.5286200046539307
0.22142300009727478
0.5284029841423035
0.23392100632190704
0.5281869769096375
0.2464199960231781
0.527970016002655
0.25891798734664917
0.527754008769989
0.2714160084724426
0.5284240245819092
0.2838979959487915
0.5290939807891846
0.29638001322746277
0.5297650098800659
0.30886200070381165
0.5304350256919861
0.3213439881801605
0.5311049818992615
0.3338260054588318
0.5317749977111816
0.34630799293518066
0.5324450135231018
0.35879001021385193
0.533115029335022
0.3712719976902008
0.5335059762001038
0.3837659955024719
0.5338969826698303
0.39625999331474304
0.5342879891395569
0.40875399112701416
0.5346779823303223
0.4212479889392853
0.5350689888000488
0.4337410032749176
0.5354599952697754
0.4462350010871887
0.5358499884605408
0.45872899889945984
0.5362409949302673
0.47122299671173096
0.5355460047721863
0.48370400071144104
0.534850001335144
0.49618399143218994
0.534155011177063
0.5086650252342224
0.5334600210189819
0.5211459994316101
0.5327640175819397
0.5336260199546814
0.5320690274238586
0.5461069941520691
0.5313730239868164
0.5585880279541016
0.5306779742240906
0.5710679888725281
0.5300989747047424
0.5835549831390381
0.5295199751853943
0.5960410237312317
0.5289419889450073
0.6085280179977417
0.5283629894256592
0.6210150122642517
0.527783989906311
0.6335009932518005
0.5272049903869629
0.6459879875183105
0.5266259908676147
0.6584740281105042
0.5260480046272278
0.6709610223770142
0.5255990028381348
0.6834530234336853
0.5251500010490417
0.6959450244903564
0.5247009992599487
0.7084370255470276
0.5242519974708557
0.7209290266036987
0.5238029956817627
0.7334210276603699
0.5233539938926697
0.745913028717041
0.5229049921035767
0.7584050297737122
0.5224559903144836
0.7708969712257385
0.5237380266189575
0.7833309769630432
0.5250200033187866
0.7957649827003479
0.5263019800186157
0.8081989884376526
0.5275840163230896
0.8206329941749573
0.5288659930229187
0.833066999912262
0.5301480293273926
0.8455010056495667
0.5314300060272217
0.8579350113868713
0.5327119827270508
0.870369017124176
0.5292689800262451
0.8830829858779907
0.5258259773254395
0.8957970142364502
0.522383987903595
0.9085109829902649
0.5189409852027893
0.9212250113487244
0.5154979825019836
0.9339389801025391
