0.6229689717292786
0.2851099967956543
0.610480010509491
0.28563401103019714
0.5979909896850586
0.2861570119857788
0.585502028465271
0.28668099641799927
0.5730130076408386
0.2872050106525421
0.5605239868164062
0.2877289950847626
0.5480350255966187
0.28825199604034424
0.5355460047721863
0.2887760102748871
0.5230559706687927
0.28929999470710754
0.5120739936828613
0.29526999592781067
0.5010920166969299
0.3012399971485138
0.49011000990867615
0.3072099983692169
0.47912800312042236
0.31317999958992004
0.4681450128555298
0.31915000081062317
0.457163006067276
0.3251200020313263
0.4461809992790222
0.3310900032520294
0.43519899249076843
0.33706000447273254
0.4234269857406616
0.3412629961967468
0.4116550087928772
0.3454670011997223
0.3998830020427704
0.34967100620269775
0.3881109952926636
0.3538750112056732
0.37633898854255676
0.3580780029296875
0.36456701159477234
0.36228200793266296
0.3527950048446655
0.3664860129356384
0.3410229980945587
0.3706899881362915
0.33038899302482605
0.3641200065612793
0.3197540044784546
0.3575510084629059
0.3091199994087219
0.3509809970855713
0.29848501086235046
0.3444119989871979
0.2878510057926178
0.3378419876098633
0.27721598744392395
0.33127298951148987
0.26658201217651367
0.32470300793647766
0.2559469938278198
0.31813400983810425
0.24886900186538696
0.3078309893608093
0.24178999662399292
0.297529011964798
0.23471100628376007
0.28722599148750305
0.22763299942016602
0.2769240140914917
0.22055399417877197
0.2666209936141968
0.21347500383853912
0.25631800293922424
0.20639699697494507
0.2460159957408905
0.19931800663471222
0.23571300506591797
0.18638700246810913
0.23450200259685516
0.17345599830150604
0.23329100012779236
0.16052499413490295
0.23207899928092957
0.14759400486946106
0.23086799681186676
0.13466300070285797
0.22965599596500397
0.1217309981584549
0.22844499349594116
