0.6748729944229126
0.15179799497127533
0.6689929962158203
0.16282899677753448
0.663112998008728
0.17385999858379364
0.6572329998016357
0.1848910003900528
0.6513530015945435
0.19592100381851196
0.6454740166664124
0.20695200562477112
0.6395940184593201
0.21798300743103027
0.6337140202522278
0.22901399433612823
0.6278340220451355
0.2400449961423874
0.6183279752731323
0.24816100299358368
0.6088219881057739
0.25627800822257996
0.5993160009384155
0.26439499855041504
0.5898100137710571
0.2725119888782501
0.5803040266036987
0.2806290090084076
0.5707970261573792
0.2887459993362427
0.561290979385376
0.29686298966407776
0.5517849922180176
0.30498000979423523
0.5394359827041626
0.3069179952144623
0.5270879864692688
0.3088560104370117
0.5147389769554138
0.31079500913619995
0.5023900270462036
0.312732994556427
0.49004098773002625
0.31467100977897644
0.47769200801849365
0.3166089951992035
0.46534401178359985
0.3185479938983917
0.4529950022697449
0.32048600912094116
0.44076699018478394
0.32675901055336
0.4285390079021454
0.3330320119857788
0.41631099581718445
0.33930501341819763
0.4040830135345459
0.34557801485061646
0.39185500144958496
0.3518509864807129
