0.18398399651050568
0.7838950157165527
0.18264399468898773
0.7714669704437256
0.1813039928674698
0.7590389847755432
0.17996400594711304
0.746612012386322
0.1786240041255951
0.7341840267181396
0.17728400230407715
0.7217559814453125
0.1759440004825592
0.7093279957771301
0.17460300028324127
0.6969000101089478
0.17326299846172333
0.6844720244407654
0.16963599622249603
0.6725090146064758
0.16600899398326874
0.6605470180511475
0.16238300502300262
0.6485850214958191
0.15875600278377533
0.6366230249404907
0.15512900054454803
0.6246610283851624
0.15150199830532074
0.6126980185508728
0.14787499606609344
0.6007360219955444
0.14424799382686615
0.5887740254402161
0.14264599978923798
0.5763769745826721
0.1410440057516098
0.563979983329773
0.13944199681282043
0.5515829920768738
0.13784000277519226
0.5391860008239746
0.1362369954586029
0.5267890095710754
0.13463500142097473
0.5143920183181763
0.13303300738334656
0.5019950270652771
0.1314309984445572
0.48959800601005554
0.1280049979686737
0.47757700085639954
0.12457799911499023
0.46555599570274353
0.12115100026130676
0.4535349905490875
0.11772499978542328
0.4415139853954315
0.11429800093173981
0.4294930100440979
0.11087100207805634
0.4174720048904419
0.10744500160217285
0.4054499864578247
0.10401800274848938
0.3934290111064911
0.11248800158500671
0.38423699140548706
0.12095899879932404
0.37504398822784424
0.12942899763584137
0.3658519983291626
0.1378999948501587
0.35666000843048096
0.14636999368667603
0.34746700525283813
0.15484100580215454
0.3382749855518341
0.16331100463867188
0.32908201217651367
0.1717820018529892
0.31988999247550964
0.18175600469112396
0.31235501170158386
0.19172899425029755
0.3048200011253357
0.2017029970884323
0.2972849905490875
0.21167699992656708
0.28975099325180054
0.22165100276470184
0.28221601247787476
0.2316250056028366
0.2746810019016266
0.2415979951620102
0.2671459913253784
0.25157201290130615
0.25961199402809143
0.2527559995651245
0.24716800451278687
0.2539390027523041
0.2347240000963211
0.25512200593948364
0.22227999567985535
0.256305992603302
0.20983600616455078
0.25748899579048157
0.19739200174808502
0.25867199897766113
0.18494799733161926
0.2598559856414795
0.1725039929151535
0.26103898882865906
0.16006100177764893
0.27295300364494324
0.15627700090408325
0.28486600518226624
0.15249399840831757
0.296779990196228
0.14871099591255188
0.3086940050125122
0.1449279934167862
0.320607990026474
0.1411440074443817
0.332520991563797
0.13736100494861603
0.3444350063800812
0.13357800245285034
0.35634899139404297
0.12979499995708466
0.36860400438308716
0.13225600123405457
0.38085898756980896
0.13471800088882446
0.39311400055885315
0.13717900216579437
0.40536999702453613
0.13964100182056427
0.4176250100135803
0.14210200309753418
0.4298799932003021
0.14456400275230408
0.4421350061893463
0.147025004029274
0.4543910026550293
0.14948700368404388
0.4618920087814331
0.15948599576950073
0.4693929851055145
0.16948500275611877
0.47689300775527954
0.1794849932193756
0.48439401388168335
0.18948400020599365
0.49189499020576477
0.1994830071926117
0.4993959963321686
0.20948299765586853
0.50689697265625
0.21948200464248657
0.5143979787826538
0.22948099672794342
0.5232009887695312
0.23835499584674835
0.5320050120353699
0.24722999334335327
0.5408080220222473
0.2561039924621582
0.54961097240448
0.26497799158096313
0.5584149956703186
0.27385199069976807
0.567218005657196
0.282725989818573
0.5760210156440735
0.29159998893737793
0.5848249793052673
0.30047500133514404
0.5904719829559326
0.31162598729133606
0.5961189866065979
0.32277798652648926
0.601764976978302
0.33392998576164246
0.6074119806289673
0.34508201479911804
0.6130589842796326
0.35623401403427124
0.6187059879302979
0.36738499999046326
0.6243529915809631
0.37853699922561646
0.6299999952316284
0.38968899846076965
0.6370970010757446
0.39997899532318115
0.6441940069198608
0.41026899218559265
0.651291012763977
0.42055898904800415
0.6583870053291321
0.43084898591041565
0.6654840111732483
0.44113901257514954
0.6725810170173645
0.45142900943756104
0.6796780228614807
0.46171900629997253
0.6867750287055969
0.47200900316238403
0.6980239748954773
0.47745999693870544
0.7092729806900024
0.48291000723838806
0.7205219864845276
0.4883610010147095
0.7317709922790527
0.4938119947910309
0.7430199980735779
0.4992629885673523
0.754269003868103
0.5047129988670349
0.7655180096626282
0.5101640224456787
0.7767670154571533
0.5156149864196777
0.7855340242385864
0.524524986743927
0.7943009734153748
0.5334349870681763
0.8030679821968079
0.5423449873924255
0.811834990978241
0.5512549877166748
0.8206030130386353
0.5601649880409241
0.8293700218200684
0.5690749883651733
0.8381369709968567
0.5779849886894226
0.8469039797782898
0.5868949890136719
