0.5326279997825623
0.19824400544166565
0.5237799882888794
0.20707400143146515
0.5149329900741577
0.21590399742126465
0.5060849785804749
0.22473399341106415
0.4972369968891144
0.23356400430202484
0.4883899986743927
0.24239400029182434
0.47954198718070984
0.25122401118278503
0.47069400548934937
0.26005399227142334
0.4618470072746277
0.26888400316238403
0.4556719958782196
0.2797529995441437
0.4494979977607727
0.2906210124492645
0.4433229863643646
0.30149000883102417
0.4371489882469177
0.31235799193382263
0.4309749901294708
0.3232269883155823
0.42480000853538513
0.3340960144996643
0.41862601041793823
0.34496399760246277
0.41245099902153015
0.3558329939842224
0.40818700194358826
0.3675830066204071
0.40392300486564636
0.3793329894542694
0.39965999126434326
0.3910839855670929
0.39539599418640137
0.4028339982032776
0.3911319971084595
0.4145840108394623
0.3868680000305176
0.42633500695228577
0.3826040029525757
0.43808498978614807
0.3783400058746338
0.44983500242233276
0.3658829927444458
0.45087501406669617
0.353426992893219
0.4519149959087372
0.3409700095653534
0.4529550075531006
0.3285129964351654
0.4539949893951416
0.3160569965839386
0.455035001039505
0.303600013256073
0.4560750126838684
0.291143000125885
0.4571149945259094
0.2786870002746582
0.4581550061702728
0.2671099901199341
0.4628700017929077
0.25553399324417114
0.4675860106945038
0.2439579963684082
0.47230198979377747
0.23238199949264526
0.47701799869537354
0.22080500423908234
0.4817340075969696
0.2092290073633194
0.4864499866962433
0.19765299558639526
0.49116599559783936
0.18607600033283234
0.4958820044994354
0.17396000027656555
0.49895399808883667
0.16184300184249878
0.5020260214805603
0.149727001786232
0.5050979852676392
0.13761000335216522
0.508171021938324
0.12549400329589844
0.5112429857254028
0.11337699741125107
0.5143150091171265
0.1012599989771843
0.5173879861831665
0.08914390206336975
0.5204600095748901
0.08049450069665909
0.5277109742164612
0.07184509932994843
0.534961998462677
0.06319580227136612
0.5422130227088928
