0.18702100217342377
0.035288598388433456
0.1961439996957779
0.04383439943194389
0.20526599884033203
0.05238020047545433
0.21438899636268616
0.06092600151896477
0.2235109955072403
0.0694717988371849
0.23263399302959442
0.07801759988069534
0.24175600707530975
0.08656340092420578
0.2508780062198639
0.09510920196771622
0.260001003742218
0.10365500301122665
0.26048800349235535
0.11614499986171722
0.26097598671913147
0.12863600254058838
0.2614629864692688
0.14112600684165955
0.26194998621940613
0.1536169946193695
0.26243799924850464
0.16610699892044067
0.26292499899864197
0.17859800159931183
0.2634119987487793
0.191088005900383
0.2639000117778778
0.20357899367809296
0.2733309864997864
0.21178199350833893
0.2827630043029785
0.21998600661754608
0.29219499230384827
0.22818900644779205
0.3016259968280792
0.23639200627803802
0.31105801463127136
0.24459600448608398
0.32048898935317993
0.25279900431632996
0.32992100715637207
0.2610029876232147
0.339352011680603
0.2692059874534607
0.3499790132045746
0.27578800916671753
0.36060601472854614
0.2823689877986908
0.3712329864501953
0.28895100951194763
0.38185998797416687
0.2955319881439209
0.3924869894981384
0.30211400985717773
0.40311399102211
0.3086960017681122
0.41374099254608154
0.31527701020240784
0.4243679940700531
0.3218590021133423
0.4266189932823181
0.33415400981903076
0.42886999249458313
0.34645000100135803
0.43112099170684814
0.3587459921836853
0.43337199091911316
0.3710409998893738
0.4356229901313782
0.38333699107170105
0.4378739893436432
0.3956330120563507
0.4401249885559082
0.4079279899597168
0.4423759877681732
0.42022401094436646
0.44840699434280396
0.4311729967594147
0.4544369876384735
0.4421220123767853
0.46046799421310425
0.4530709981918335
0.466499000787735
0.4640200138092041
0.4725300073623657
0.47496798634529114
0.47856101393699646
0.48591700196266174
0.4845919907093048
0.49686598777770996
0.49062299728393555
0.5078150033950806
0.5023729801177979
0.5035489797592163
0.5141220092773438
0.4992839992046356
0.525871992111206
0.49501800537109375
0.5376219749450684
0.4907520115375519
0.5493710041046143
0.4864859879016876
0.5611209869384766
0.48222100734710693
0.5728710293769836
0.47795501351356506
0.5846199989318848
0.4736889898777008
0.5903090238571167
0.48482000827789307
0.5959969758987427
0.49595099687576294
0.6016849875450134
0.5070809721946716
0.6073729991912842
0.5182120203971863
0.6130620241165161
0.5293430089950562
0.6187499761581421
0.540473997592926
0.6244379878044128
0.5516039729118347
0.6301270127296448
0.5627350211143494
0.6422680020332336
0.5683929920196533
0.6544089913368225
0.5740500092506409
