0.231672003865242
0.6667609810829163
0.23753400146961212
0.6557210087776184
0.24339599907398224
0.6446809768676758
0.24925899505615234
0.6336399912834167
0.25512099266052246
0.6226000189781189
0.2609829902648926
0.6115599870681763
0.2668449878692627
0.6005200147628784
0.2727069854736328
0.5894799828529358
0.2785690128803253
0.5784400105476379
0.2660819888114929
0.5790029764175415
0.2535949945449829
0.5795660018920898
0.2411070019006729
0.5801299810409546
0.2286199927330017
0.5806930065155029
0.2161329984664917
0.5812559723854065
0.2036450058221817
0.5818189978599548
0.1911579966545105
0.5823829770088196
0.1786710023880005
0.5829460024833679
0.17332300543785095
0.5716480016708374
0.16797499358654022
0.5603489875793457
0.16262799501419067
0.5490509867668152
0.15727999806404114
0.5377529859542847
0.1519320011138916
0.526453971862793
0.14658500254154205
0.5151559710502625
0.14123700559139252
0.5038579702377319
0.1358889937400818
0.4925589859485626
0.13443699479103088
0.4801439940929413
0.13298499584197998
0.46772900223731995
0.13153299689292908
0.4553129971027374
0.13007999956607819
0.4428980052471161
0.12862800061702728
0.43048301339149475
0.12717600166797638
0.41806700825691223
0.12572400271892548
0.4056519865989685
0.12427099794149399
0.39323699474334717
0.13112899661064148
0.38278499245643616
0.13798600435256958
0.37233400344848633
0.1448429971933365
0.3618830144405365
0.1517000049352646
0.3514310121536255
0.1585569977760315
0.34097999334335327
0.1654140055179596
0.33052900433540344
0.1722719967365265
0.3200779855251312
0.1791290044784546
0.3096260130405426
0.19152800738811493
0.30803999304771423
0.20392699539661407
0.30645298957824707
0.21632599830627441
0.3048669993877411
0.22872400283813477
0.3032799959182739
0.2411230057477951
0.30169400572776794
0.25352200865745544
0.3001070022583008
0.2659209966659546
0.2985210120677948
0.2783200144767761
0.29693400859832764
0.2741349935531616
0.2851560115814209
0.2699489891529083
0.273377001285553
0.2657639980316162
0.26159900426864624
0.2615779936313629
0.24981999397277832
0.2573930025100708
0.23804199695587158
0.2532069981098175
0.22626399993896484
0.2490220069885254
0.21448500454425812
0.2448360025882721
0.20270699262619019
0.251567006111145
0.1921740025281906
0.25829899311065674
0.18164099752902985
0.26502999663352966
0.17110800743103027
0.2717610001564026
0.1605750024318695
0.2784929871559143
0.15004299581050873
0.28522399067878723
0.13951000571250916
0.29195499420166016
0.1289770007133484
0.2986859977245331
0.11844400316476822
0.310824990272522
0.11546199768781662
0.32296401262283325
0.11247900128364563
0.33510300517082214
0.10949700325727463
0.34724199771881104
0.10651399940252304
0.3593809902667999
0.10353200137615204
0.3715200126171112
0.10054899752140045
0.3836590051651001
0.09756699949502945
0.395797997713089
0.09458450227975845
0.4062710106372833
0.08776020258665085
0.4167439937591553
0.08093590289354324
0.4272159934043884
0.07411149889230728
0.43768900632858276
0.06728719919919968
0.4481619894504547
0.06046289950609207
0.45863500237464905
0.05363849923014641
0.4691070020198822
0.0468141995370388
0.47957998514175415
0.0399898998439312
0.48423001170158386
0.05159280076622963
0.4888800084590912
0.06319569796323776
0.4935300052165985
0.0747985988855362
0.49818000197410583
0.08640149980783463
0.5028300285339355
0.09800440073013306
0.5074800252914429
0.10960700362920761
0.5121300220489502
0.1212100014090538
0.5167800188064575
0.1328130066394806
0.5221719741821289
0.14409099519252777
0.5275629758834839
0.15536800026893616
0.5329539775848389
0.16664600372314453
0.5383449792861938
0.1779240071773529
0.5437359809875488
0.1892009973526001
0.549127995967865
0.20047900080680847
0.55451899766922
0.21175600588321686
0.559909999370575
0.22303399443626404
0.5654850006103516
0.23422199487686157
0.5710610151290894
0.2454099953174591
0.576636016368866
0.25659701228141785
0.582211971282959
0.2677850127220154
0.5877869725227356
0.2789730131626129
0.5933619737625122
0.29016000032424927
0.59893798828125
0.3013480007648468
0.6045129895210266
0.31253600120544434
0.6159279942512512
0.31762900948524475
0.6273429989814758
0.32272300124168396
0.6387580037117004
0.32781699299812317
0.6501740217208862
0.3329100012779236
0.6615890264511108
0.3380039930343628
0.6730039715766907
0.3430970013141632
0.6844189763069153
0.3481909930706024
0.6958339810371399
0.353285014629364
0.7034720182418823
0.363180011510849
0.7111089825630188
0.373075008392334
0.7187470197677612
0.38297098875045776
0.7263839840888977
0.39286598563194275
0.734021008014679
0.4027619957923889
0.7416589856147766
0.4126569926738739
0.7492960095405579
0.4225519895553589
0.7569339871406555
0.43244799971580505
0.7617089748382568
0.4440000057220459
0.7664840221405029
0.45555201172828674
0.7712600231170654
0.4671039879322052
0.7760350108146667
0.47865501046180725
0.7808099985122681
0.4902069866657257
0.7855859994888306
0.5017589926719666
0.7903609871864319
0.5133110284805298
0.7951359748840332
0.5248630046844482
0.8074449896812439
0.5226830244064331
0.8197529911994934
0.520501971244812
0.8320620059967041
0.5183219909667969
0.8443700075149536
0.5161420106887817
0.8566780090332031
0.5139610171318054
0.8689870238304138
0.5117809772491455
0.8812950253486633
0.5096009969711304
0.8936030268669128
0.507420003414154
0.8931580185890198
0.49588000774383545
0.8927130103111267
0.48433899879455566
0.8922680020332336
0.4727979898452759
