0.833262026309967
0.560401976108551
0.8457329869270325
0.5595409870147705
0.8582029938697815
0.55867999792099
0.8706730008125305
0.5578190088272095
0.8831440210342407
0.556958019733429
0.8956140279769897
0.5560969710350037
0.908083975315094
0.5552359819412231
0.9205549955368042
0.5543739795684814
0.9330250024795532
0.5535129904747009
0.9335280060768127
0.5410240292549133
0.9340310096740723
0.5285339951515198
0.9345340132713318
0.516044020652771
0.9350370168685913
0.5035539865493774
0.9355400204658508
0.49106401205062866
0.9360430240631104
0.4785740077495575
0.9365460276603699
0.46608400344848633
0.9370489716529846
0.45359399914741516
0.9335020184516907
0.4416080117225647
0.929955005645752
0.42962199449539185
0.926406979560852
0.4176360070705414
0.9228600263595581
0.40564998984336853
0.9193130135536194
0.39366400241851807
0.9157649874687195
0.3816779851913452
0.9122179746627808
0.36969199776649475
0.9086710214614868
0.3577060103416443
0.8967220187187195
0.35403600335121155
0.884772002696991
0.3503659963607788
0.8728229999542236
0.34669598937034607
0.8608739972114563
0.3430260121822357
0.848924994468689
0.3393569886684418
0.8369759917259216
0.3356870114803314
0.8250269889831543
0.3320170044898987
0.8130769729614258
0.32834699749946594
0.8006179928779602
0.32734400033950806
0.7881579995155334
0.32634100317955017
0.7756980061531067
0.3253369927406311
0.7632390260696411
0.3243339955806732
0.7507789731025696
0.32332998514175415
0.7383189797401428
0.32232698798179626
0.7258599996566772
0.3213239908218384
0.7134000062942505
0.3203200101852417
0.7089229822158813
0.3086490035057068
0.7044469714164734
0.29697901010513306
0.699970006942749
0.28530800342559814
0.6954929828643799
0.27363699674606323
0.6910169720649719
0.2619659900665283
0.6865400075912476
0.2502950131893158
0.6820629835128784
0.23862400650978088
0.6775869727134705
0.22695299983024597
0.6653559803962708
0.224371999502182
0.653124988079071
0.22179099917411804
0.6408950090408325
0.21921099722385406
0.6286640167236328
0.2166299968957901
0.6164330244064331
0.21404899656772614
0.6042029857635498
0.21146799623966217
0.5919719934463501
0.2088869959115982
0.5797410011291504
0.20630599558353424
0.5893530249595642
0.19831399619579315
0.5989639759063721
0.19032199680805206
0.6085749864578247
0.18232999742031097
0.6181870102882385
0.17433799803256989
0.6277980208396912
0.1663459986448288
0.637408971786499
0.1583539992570877
0.6470209956169128
0.15036199986934662
0.6566320061683655
0.14237000048160553
0.6687620282173157
0.14538900554180145
0.6808919906616211
0.14840799570083618
0.6930220127105713
0.1514270007610321
0.7051519751548767
0.15444600582122803
0.7172819972038269
0.15746499598026276
0.7294120192527771
0.16048400104045868
0.7415419816970825
0.1635030061006546
0.7536709904670715
0.16652299463748932
0.7658089995384216
0.16951100528240204
0.7779459953308105
0.17249999940395355
0.7900840044021606
0.17548799514770508
0.8022210001945496
0.17847700417041779
0.8143590092658997
0.1814659982919693
0.8264960050582886
0.18445399403572083
0.8386340141296387
0.18744300305843353
0.8507710099220276
0.19043199717998505
0.8622450232505798
0.18547099828720093
0.8737180233001709
0.1805109977722168
0.8851919770240784
0.17554999887943268
0.8966659903526306
0.17058999836444855
0.9081389904022217
0.16562899947166443
0.9196130037307739
0.1606689989566803
0.931086003780365
0.15570800006389618
0.9425600171089172
0.15074799954891205
0.9351850152015686
0.14065499603748322
0.92781001329422
0.13056300580501556
0.9204350113868713
0.12047000229358673
0.9130600094795227
0.1103769987821579
0.9056850075721741
0.10028500109910965
0.8983100056648254
0.09019230306148529
0.8909350037574768
0.08009979873895645
0.8835600018501282
0.07000719755887985
0.8939549922943115
0.06404510140419006
0.9043499827384949
0.05808290094137192
