0.14096300303936005
0.567671000957489
0.14615100622177124
0.556298017501831
0.15133799612522125
0.5449249744415283
0.15652599930763245
0.5335519909858704
0.16171300411224365
0.5221790075302124
0.16690100729465485
0.5108069777488708
0.17208799719810486
0.4994339942932129
0.17727500200271606
0.48806101083755493
0.18246300518512726
0.4766879975795746
0.19003500044345856
0.46674299240112305
0.19760799407958984
0.4567979872226715
0.20518000423908234
0.4468519985675812
0.21275199949741364
0.43690699338912964
0.22032399475574493
0.4269610047340393
0.22789700329303741
0.41701599955558777
0.2354689985513687
0.40707099437713623
0.2430409938097
0.3971250057220459
0.23626400530338287
0.38662201166152954
0.22948700189590454
0.3761189877986908
0.22270900011062622
0.36561599373817444
0.2159319967031479
0.3551129996776581
0.20915399491786957
0.34460899233818054
0.20237700641155243
0.3341059982776642
0.1956000030040741
0.3236030042171478
0.18882200121879578
0.31310001015663147
0.1963679939508438
0.3031339943408966
0.20391400158405304
0.2931689918041229
0.2114589959383011
0.28320300579071045
0.21900500357151031
0.2732369899749756
0.22654999792575836
0.2632719874382019
0.2340960055589676
0.25330600142478943
0.24164199829101562
0.24334099888801575
0.24918699264526367
0.23337499797344208
0.2604919970035553
0.22804099321365356
0.2717970013618469
0.22270700335502625
0.28310200572013855
0.21737299859523773
0.2944070100784302
0.21203899383544922
0.3057110011577606
0.2067050039768219
0.31701600551605225
0.2013709992170334
0.32832100987434387
0.19603699445724487
0.3396260142326355
0.19070300459861755
0.35197800397872925
0.1887889951467514
0.3643310070037842
0.18687500059604645
0.3766840100288391
0.1849610060453415
0.38903599977493286
0.18304699659347534
0.4013890027999878
0.18113400042057037
0.41374099254608154
0.17922000586986542
0.4260939955711365
0.17730599641799927
0.4384469985961914
0.1753920018672943
0.45016399025917053
0.17974600195884705
0.46188101172447205
0.18410000205039978
0.47359800338745117
0.18845400214195251
0.4853149950504303
0.19280900061130524
0.4970319867134094
0.19716300070285797
0.5087500214576721
0.2015170007944107
0.5204669833183289
0.20587100088596344
0.5321840047836304
0.21022500097751617
0.5378490090370178
0.2213679999113083
0.5435140132904053
0.23251000046730042
0.5491790175437927
0.24365299940109253
0.5548440217971802
0.25479501485824585
0.5605090260505676
0.26593801379203796
0.5661739706993103
0.2770810127258301
0.5718389749526978
0.288222998380661
0.5775039792060852
0.2993659973144531
0.5801849961280823
0.3115749955177307
0.5828670263290405
0.3237839937210083
0.585548996925354
0.3359929919242859
0.5882300138473511
0.3482019901275635
0.5909119844436646
0.36041098833084106
0.5935930013656616
0.37261998653411865
0.5962749719619751
0.38482901453971863
0.5989559888839722
0.3970380127429962
0.6110039949417114
0.40348100662231445
0.6230509877204895
0.40992501378059387
0.6350979804992676
0.4163680076599121
0.6471459865570068
0.42281201481819153
0.6591929793357849
0.42925500869750977
0.671239972114563
0.4356989860534668
