0.1170319989323616
0.8845189809799194
0.11879699677228928
0.8721449971199036
0.12056300044059753
0.8597699999809265
0.12232799828052521
0.8473950028419495
0.12409300357103348
0.8350200057029724
0.12585799396038055
0.8226460218429565
0.12762300670146942
0.8102710247039795
0.1293880045413971
0.7978960275650024
0.13115300238132477
0.7855209708213806
0.1307229995727539
0.7730290293693542
0.13029299676418304
0.7605360150337219
0.12986299395561218
0.7480440139770508
0.12943199276924133
0.7355509996414185
0.12900200486183167
0.7230579853057861
0.1285720020532608
0.710565984249115
0.12814199924468994
0.6980730295181274
0.12771199643611908
0.6855810284614563
0.1309109926223755
0.6734970211982727
0.1341100037097931
0.6614130139350891
0.1373089998960495
0.6493300199508667
0.1405089944601059
0.6372460126876831
0.1437080055475235
0.6251620054244995
0.1469070017337799
0.6130790114402771
0.15010599792003632
0.6009950041770935
0.1533060073852539
0.5889109969139099
0.14812499284744263
0.5775349736213684
0.14294399321079254
0.5661600232124329
0.13776299357414246
0.5547839999198914
0.13258300721645355
0.5434079766273499
0.12740199267864227
0.5320320129394531
0.12222100049257278
0.5206559896469116
0.11704099923372269
0.5092800259590149
0.1118599995970726
0.4979040026664734
0.12219200283288956
0.4908689856529236
0.13252399861812592
0.48383399844169617
0.14285600185394287
0.47679799795150757
0.15318800508975983
0.46976301074028015
0.16352100670337677
0.46272701025009155
0.17385299503803253
0.45569199323654175
0.1841849982738495
0.44865700602531433
0.19451700150966644
0.44162100553512573
0.19630999863147736
0.42925000190734863
0.19810199737548828
0.4168800115585327
0.1998939961194992
0.4045090079307556
0.20168699324131012
0.3921380043029785
0.20347900688648224
0.3797670006752014
0.20527200400829315
0.3673959970474243
0.20706400275230408
0.3550260066986084
0.208856999874115
0.3426550030708313
0.20525899529457092
0.33068400621414185
0.20166200399398804
0.3187119960784912
0.19806499779224396
0.30674099922180176
0.1944669932126999
0.2947700023651123
0.190870001912117
0.28279900550842285
0.18727199733257294
0.2708280086517334
0.18367500603199005
0.25885701179504395
0.18007799983024597
0.2468850016593933
0.18886199593544006
0.23799200356006622
0.19764600694179535
0.22909900546073914
0.20643100142478943
0.22020600736141205
0.21521499752998352
0.21131299436092377
0.2239989936351776
0.20241999626159668
0.2327830046415329
0.1935269981622696
0.24156799912452698
0.1846340000629425
0.25035199522972107
0.17574100196361542
0.26275399327278137
0.17418299615383148
0.27515700459480286
0.17262400686740875
0.28755900263786316
0.17106600105762482
0.29996201395988464
0.16950799524784088
0.31236401200294495
0.16795000433921814
0.32476699352264404
0.16639100015163422
0.33716899156570435
0.16483299434185028
0.34957200288772583
0.16327500343322754
0.36197400093078613
0.1617169976234436
0.3743770122528076
0.16015900671482086
0.3867790102958679
0.15860000252723694
0.399181991815567
0.157041996717453
0.4115839898586273
0.15548400580883026
0.4239870011806488
0.15392599999904633
0.4363889992237091
0.1523669958114624
0.4487920105457306
0.15080900490283966
0.45743000507354736
0.14972400665283203
