0.4913010001182556
0.8358759880065918
0.48096901178359985
0.8429099917411804
0.4706360101699829
0.8499450087547302
0.46030300855636597
0.8569790124893188
0.449970006942749
0.8640130162239075
0.4396370053291321
0.8710479736328125
0.42930400371551514
0.8780819773674011
0.4189710021018982
0.8851159811019897
0.40863800048828125
0.8921509981155396
0.3983150124549866
0.8991990089416504
0.3879919946193695
0.9062479734420776
0.37766900658607483
0.9132969975471497
0.36734598875045776
0.9203450083732605
0.3570230007171631
0.9273939728736877
0.3467000126838684
0.9344429969787598
0.33637699484825134
0.9414920210838318
0.32605400681495667
0.9485399723052979
0.31680700182914734
0.9401299953460693
0.307559996843338
0.9317190051078796
0.2983129918575287
0.9233080148696899
0.28906598687171936
0.9148970246315002
0.2798190116882324
0.9064859747886658
0.2705720067024231
0.8980749845504761
0.26132500171661377
0.8896650075912476
0.25207799673080444
0.8812540173530579
0.24081699550151825
0.8866810202598572
0.22955699265003204
0.8921089768409729
0.21829700469970703
0.8975359797477722
0.20703700184822083
0.9029639959335327
0.19577699899673462
0.9083920121192932
0.1845169961452484
0.9138190150260925
0.17325599491596222
0.9192469716072083
0.1619960069656372
0.9246739745140076
0.1578740030527115
0.9128730297088623
0.15375199913978577
0.9010729789733887
0.14962999522686005
0.8892719745635986
0.14550800621509552
0.8774710297584534
0.1413860023021698
0.8656700253486633
0.13726399838924408
0.8538699746131897
0.13314099609851837
0.8420689702033997
0.12901900708675385
0.8302680253982544
0.12809999287128448
0.8178020119667053
0.12718099355697632
0.8053359985351562
0.12626199424266815
0.7928699851036072
0.12534199655056
0.7804030179977417
0.12442299723625183
0.7679370045661926
0.12350399792194366
0.7554709911346436
0.12258400022983551
0.7430049777030945
0.12166500091552734
0.7305390238761902
0.12023899704217911
0.7181209921836853
0.11881200224161148
0.705702006816864
0.11738499999046326
0.6932839751243591
0.11595799773931503
0.680866003036499
0.1145320013165474
0.6684470176696777
0.11310499906539917
0.6560289859771729
0.11167799681425095
0.6436110138893127
0.1102520003914833
0.6311920285224915
0.11080300062894821
0.6187049746513367
0.11135400086641312
0.6062170267105103
0.11190599948167801
0.5937290191650391
0.11245699971914291
0.5812410116195679
0.1130089983344078
0.5687530040740967
0.11355999857187271
0.5562649965286255
0.11411099880933762
0.5437780022621155
0.11466299742460251
0.5312899947166443
0.12378700077533722
0.5227460265159607
0.13291099667549133
0.5142009854316711
0.14203499257564545
0.5056570172309875
0.15115900337696075
0.4971129894256592
0.16028299927711487
0.4885689914226532
0.16940699517726898
0.4800249934196472
0.1785310059785843
0.47148099541664124
0.1876550018787384
0.46293699741363525
0.17911599576473236
0.4538080096244812
0.1705770045518875
0.44467899203300476
0.16203799843788147
0.4355500042438507
0.15349900722503662
0.42642098665237427
0.14496000111103058
0.4172930121421814
0.13642099499702454
0.40816399455070496
0.1278820037841797
0.3990350067615509
0.11934299767017365
0.38990598917007446
0.12329500168561935
0.37804698944091797
0.12724600732326508
0.3661879897117615
0.1311970055103302
0.354328989982605
0.13514800369739532
0.3424699902534485
0.13909900188446045
0.330610990524292
0.14305099844932556
0.3187510073184967
0.14700199663639069
0.3068920075893402
0.1509529948234558
0.2950330078601837
0.16345000267028809
0.2947410047054291
0.17594599723815918
0.29444798827171326
0.18844300508499146
0.2941559851169586
0.20093899965286255
0.2938629984855652
0.21343599259853363
0.29357099533081055
0.2259330004453659
0.2932780086994171
0.238428995013237
0.2929849922657013
0.2509259879589081
0.29269298911094666
0.26235899329185486
0.28763899207115173
0.27379098534584045
0.2825849950313568
0.28522399067878723
0.27753201127052307
0.296656996011734
0.27247801423072815
0.3080900013446808
0.26742398738861084
0.31952300667762756
0.2623710036277771
0.33095601201057434
0.2573170065879822
0.34238898754119873
0.25226300954818726
0.3539069890975952
0.247407004237175
0.3654249906539917
0.24255000054836273
0.3769429922103882
0.23769399523735046
0.38846099376678467
0.2328380048274994
0.39997899532318115
0.22798100113868713
0.41149699687957764
0.22312499582767487
0.4230149984359741
0.2182690054178238
0.4345329999923706
0.21341200172901154
0.4448300004005432
0.22049899399280548
0.455128014087677
0.22758500277996063
0.4654250144958496
0.2346709966659546
0.47572198510169983
0.24175800383090973
0.48601898550987244
0.2488439977169037
0.4963169991970062
0.25593000650405884
0.5066140294075012
0.2630169987678528
0.516910970211029
0.27010300755500793
0.5291770100593567
0.2725119888782501
0.5414419770240784
0.2749220132827759
0.553708016872406
0.27733099460601807
0.5659739971160889
0.27974000573158264
0.5782390236854553
0.28214898705482483
0.5905050039291382
0.2845590114593506
0.6027699708938599
0.2869679927825928
0.6150360107421875
0.28937700390815735
0.627348005771637
0.29153698682785034
0.6396600008010864
0.29369598627090454
0.6519719958305359
0.2958559989929199
0.6642839908599854
0.2980160117149353
0.6765959858894348
0.3001750111579895
0.6889079809188843
0.3023349940776825
0.7012199759483337
0.3044950067996979
0.7135319709777832
0.3066540062427521
0.7244409918785095
0.30055001378059387
0.7353489995002747
0.29444700479507446
0.746258020401001
0.28834301233291626
0.7571660280227661
0.28223899006843567
0.7680749893188477
0.27613499760627747
0.7789829969406128
0.27003198862075806
0.7898910045623779
0.26392799615859985
0.8008000254631042
0.25782400369644165
0.7927669882774353
0.24824699759483337
0.7847340106964111
0.2386700063943863
0.7767009735107422
0.22909200191497803
0.768667995929718
0.21951499581336975
0.7606350183486938
0.20993800461292267
0.7526029944419861
0.2003609985113144
0.7445700168609619
0.1907840073108673
0.736536979675293
0.18120600283145905
0.7412850260734558
0.16836899518966675
0.7460340261459351
0.15553200244903564
0.7507820129394531
0.14269499480724335
0.7555299997329712
0.12985800206661224
0.7602789998054504
0.11702100187540054
