0.760342001914978
0.2343360036611557
0.7602540254592896
0.24683600664138794
0.7601659893989563
0.259335994720459
0.7600780129432678
0.27183499932289124
0.7599909901618958
0.2843349874019623
0.7599030137062073
0.2968350052833557
0.759814977645874
0.30933400988578796
0.7597270011901855
0.321833997964859
0.7596399784088135
0.33433398604393005
0.7604780197143555
0.34680598974227905
0.7613160014152527
0.35927799344062805
0.7621549963951111
0.37174901366233826
0.7629929780960083
0.38422098755836487
0.7638319730758667
0.39669299125671387
0.7646700143814087
0.40916499495506287
0.7655079960823059
0.42163699865341187
0.7663469910621643
0.43410900235176086
0.7665150165557861
0.4466080069541931
0.7666820287704468
0.4591059982776642
0.7668499946594238
0.47160500288009644
0.7670180201530457
0.4841040074825287
0.7671849727630615
0.49660301208496094
0.7673529982566833
0.5091019868850708
0.7675210237503052
0.5216010212898254
0.767687976360321
0.5340999960899353
0.7678470015525818
0.5465989708900452
0.7680050134658813
0.5590980052947998
0.7681639790534973
0.5715969800949097
0.7683219909667969
0.5840960144996643
0.7684810161590576
0.5965949892997742
0.7686390280723572
0.6090940237045288
0.7687979936599731
0.6215929985046387
0.7689560055732727
0.6340919733047485
0.7708430290222168
0.646448016166687
0.7727289795875549
0.6588050127029419
0.7746149897575378
0.6711620092391968
0.7765020132064819
0.6835190057754517
0.7783880233764648
0.6958760023117065
0.780273973941803
0.7082329988479614
0.7821609973907471
0.7205899953842163
0.78404700756073
0.73294597864151
0.7951819896697998
0.7407709956169128
0.8063169717788696
0.7485960125923157
0.8174520134925842
0.7564200162887573
0.828586995601654
0.7642449736595154
0.8397219777107239
0.772068977355957
