0.2577419877052307
0.9613280296325684
0.2655029892921448
0.9515299797058105
0.27326500415802
0.9417319893836975
0.2810269892215729
0.9319339990615845
0.2887890040874481
0.9221349954605103
0.296550989151001
0.9123370051383972
0.3043130040168762
0.9025390148162842
0.3120740056037903
0.8927410244941711
0.31983599066734314
0.8829429745674133
0.31718701124191284
0.870727002620697
0.31453800201416016
0.8585109710693359
0.31188899278640747
0.8462949991226196
0.3092400133609772
0.8340790271759033
0.3065910041332245
0.8218629956245422
0.3039419949054718
0.8096460103988647
0.3012929856777191
0.7974299788475037
0.2986440062522888
0.7852140069007874
0.29493701457977295
0.7732769846916199
0.2912299931049347
0.761339008808136
0.28752401471138
0.7494009733200073
0.28381699323654175
0.7374629974365234
0.2801100015640259
0.7255250215530396
0.27640300989151
0.7135879993438721
0.27269700169563293
0.7016500234603882
0.26899001002311707
0.6897119879722595
0.28133299946784973
0.687736988067627
0.2936759889125824
0.6857609748840332
0.30601900815963745
0.6837850213050842
0.3183610141277313
0.6818090081214905
0.330704003572464
0.6798340082168579
0.34304699301719666
0.6778579950332642
0.3553900122642517
0.6758819818496704
0.3677330017089844
0.6739069819450378
0.37448498606681824
0.6633870005607605
0.3812359869480133
0.6528670191764832
0.38798800110816956
0.642346978187561
0.3947390019893646
0.6318280100822449
0.4014909863471985
0.6213080286979675
0.40824300050735474
0.6107879877090454
0.4149940013885498
0.6002680063247681
0.42174598574638367
0.5897480249404907
0.41844698786735535
0.6018049716949463
0.4151490032672882
0.6138619780540466
0.4118509888648987
0.625918984413147
0.40855300426483154
0.6379759907722473
0.4052540063858032
0.6500329971313477
0.4019559919834137
0.662090003490448
0.39865800738334656
0.6741470098495483
0.39535999298095703
0.6862040162086487
0.39535200595855713
0.6778460144996643
