0.29190099239349365
0.46437498927116394
0.2824380099773407
0.4562079906463623
0.27297499775886536
0.44804099202156067
0.26351198554039
0.43987300992012024
0.25404998660087585
0.4317060112953186
0.2445870041847229
0.4235379993915558
0.23512400686740875
0.41537100076675415
0.2256609946489334
0.4072040021419525
0.21619899570941925
0.3990359902381897
0.21116599440574646
0.3875940144062042
0.20613299310207367
0.37615200877189636
0.20110000669956207
0.3647100031375885
0.19606700539588928
0.35326799750328064
0.1910340040922165
0.3418259918689728
0.1860010027885437
0.3303839862346649
0.1809689998626709
0.31894201040267944
0.1759359985589981
0.3075000047683716
0.17823700606822968
0.2952139973640442
0.18053799867630005
0.282927006483078
0.18283900618553162
0.2706409990787506
0.185139998793602
0.2583540081977844
0.18744200468063354
0.24606800079345703
0.18974299728870392
0.23378199338912964
0.19204400479793549
0.22149500250816345
0.19434499740600586
0.20920899510383606
0.20387400686740875
0.20111900568008423
0.21340399980545044
0.1930290013551712
0.22293299436569214
0.18493999540805817
0.23246200382709503
0.17685000598430634
0.24199099838733673
0.1687600016593933
0.2515200078487396
0.16066999733448029
0.2610499858856201
0.15257999300956726
0.2705790102481842
0.14449100196361542
0.278779000043869
0.1350560039281845
0.28697898983955383
0.1256220042705536
0.29517999291419983
0.11618799716234207
0.30338001251220703
0.10675399750471115
0.31158000230789185
0.09731929749250412
0.31977999210357666
0.08788499981164932
0.32798099517822266
0.07845070213079453
0.33618101477622986
0.06901650130748749
0.34867098927497864
0.06853040307760239
0.361162006855011
0.06804429739713669
0.37365299463272095
0.06755819916725159
0.3861429989337921
0.06707210093736649
0.3986339867115021
0.06658600270748138
0.41112399101257324
0.06609989702701569
0.4236150085926056
0.06561370193958282
0.43610501289367676
0.06512760370969772
0.43733900785446167
0.07756660133600235
0.4385739862918854
0.09000550210475922
0.4398080110549927
0.10244400054216385
0.4410420060157776
0.11488299816846848
0.4422770142555237
0.1273220032453537
0.4435110092163086
0.13976100087165833
0.4447450041770935
0.15219999849796295
0.4459789991378784
0.16463899612426758
0.44570600986480713
0.17713600397109985
0.44543299078941345
0.18963299691677094
0.44516000151634216
0.2021300047636032
0.4448870122432709
0.2146269977092743
0.4446139931678772
0.22712400555610657
0.4443410038948059
0.23962099850177765
0.4440680146217346
0.25211799144744873
0.44379499554634094
0.264614999294281
0.43921899795532227
0.2555440068244934
