0.7475969791412354
0.05921110138297081
0.7369160056114197
0.06570500135421753
0.7262349724769592
0.07219889760017395
0.7155539989471436
0.07869280129671097
0.7048739790916443
0.08518669754266739
0.6941930055618286
0.0916806012392044
0.6835119724273682
0.09817449748516083
0.6728309988975525
0.10466799885034561
0.6621509790420532
0.11116199940443039
0.6541410088539124
0.12075900286436081
0.6461319923400879
0.13035599887371063
0.638122022151947
0.13995300233364105
0.6301130056381226
0.14955000579357147
0.6221029758453369
0.1591459959745407
0.6140940189361572
0.16874299943447113
0.6060850024223328
0.17834000289440155
0.5980749726295471
0.18793700635433197
0.5880380272865295
0.19538700580596924
0.578000009059906
0.20283600687980652
0.5679619908332825
0.2102860063314438
0.5579249858856201
0.21773600578308105
0.5478870272636414
0.22518500685691833
0.537850022315979
0.2326350063085556
0.5278120040893555
0.24008500576019287
0.5177749991416931
0.24753400683403015
0.5093839764595032
0.25679901242256165
0.500993013381958
0.26606398820877075
0.49260199069976807
0.2753300070762634
0.4842109978199005
0.2845950126647949
0.47582000494003296
0.29385998845100403
0.4674290120601654
0.3031249940395355
0.45903798937797546
0.312389999628067
0.4506469964981079
0.3216550052165985
0.4456630051136017
0.3331179916858673
0.44067901372909546
0.3445819914340973
0.43569499254226685
0.3560450077056885
0.4307110011577606
0.36750900745391846
0.4257270097732544
0.37897199392318726
0.4207429885864258
0.39043501019477844
0.41575899720191956
0.4018990099430084
0.41077500581741333
0.4133619964122772
0.39839398860931396
0.41415199637413025
0.38601401448249817
0.4149410128593445
0.3736329972743988
0.4157310128211975
0.3612529933452606
0.41652101278305054
0.34887200593948364
0.4173099994659424
0.33649200201034546
0.4180999994277954
