0.09436160326004028
0.060094598680734634
0.10661099851131439
0.05760379880666733
0.11885999888181686
0.05511289834976196
0.13110999763011932
0.052622001618146896
0.1433590054512024
0.05013120174407959
0.15560799837112427
0.047640301287174225
0.16785700619220734
0.04514940083026886
0.1801069974899292
0.04265860095620155
0.19235600531101227
0.04016770049929619
0.19559800624847412
0.052240099757909775
0.1988389939069748
0.0643123984336853
0.20208099484443665
0.07638479769229889
0.2053229957818985
0.08845710009336472
0.20856399834156036
0.1005299985408783
0.21180599927902222
0.11260200291872025
0.21504700183868408
0.1246739998459816
0.21828900277614594
0.13674700260162354
0.23017799854278564
0.14060600101947784
0.24206799268722534
0.14446499943733215
0.25395700335502625
0.14832399785518646
0.26584601402282715
0.15218399465084076
0.27773600816726685
0.15604299306869507
0.28962498903274536
0.15990200638771057
0.30151399970054626
0.16376200318336487
0.31340399384498596
0.16762100160121918
0.32590198516845703
0.16745300590991974
0.3384009897708893
0.1672849953174591
0.35089999437332153
0.16711799800395966
0.3633989989757538
0.16695000231266022
0.37589800357818604
0.16678200662136078
0.3883970081806183
0.16661399602890015
0.40089601278305054
0.1664469987154007
0.4133949875831604
0.16627900302410126
0.41350001096725464
0.17877799272537231
0.4136059880256653
0.19127799570560455
0.4137119948863983
0.2037779986858368
0.41381800174713135
0.21627700328826904
0.4139229953289032
0.22877700626850128
0.41402900218963623
0.24127599596977234
0.41413500905036926
0.25377601385116577
0.4142409861087799
0.26627498865127563
0.41409799456596375
0.27877500653266907
0.4139539897441864
0.2912740111351013
0.41381099820137024
0.3037729859352112
0.4136680066585541
0.31627199053764343
0.4135249853134155
0.3287709951400757
0.41338101029396057
0.34126999974250793
0.413237988948822
0.353769987821579
0.41309499740600586
0.36626899242401123
0.4134869873523712
0.37876299023628235
0.41387999057769775
0.3912560045719147
0.4142720103263855
0.4037500023841858
0.41466400027275085
0.4162440001964569
0.4150559902191162
0.428737998008728
0.41544899344444275
0.44123199582099915
0.4158410131931305
0.45372599363327026
0.41623300313949585
0.4662199914455414
0.41700300574302673
0.47869598865509033
0.41777199506759644
0.4911719858646393
0.4185410141944885
0.5036479830741882
0.4193100035190582
0.5161250233650208
0.4200800061225891
0.5286009907722473
0.4208489954471588
0.5410770177841187
0.4216180145740509
0.5535539984703064
0.4223870038986206
0.5660300254821777
0.4235270023345947
0.5784779787063599
0.42466598749160767
0.5909259915351868
0.425805002450943
0.6033740043640137
0.4269450008869171
0.6158220171928406
0.42808398604393005
0.6282699704170227
0.4292230010032654
0.6407179832458496
0.4303629994392395
0.6531659960746765
0.43150201439857483
0.6656140089035034
0.432668000459671
0.6780589818954468
0.4338330030441284
0.6905050277709961
0.4349989891052246
0.7029500007629395
0.4361650049686432
0.715395987033844
0.4373300075531006
0.7278410196304321
0.4384959936141968
0.7402870059013367
0.43966200947761536
0.75273197889328
0.44082701206207275
0.7651780247688293
0.4400700032711029
0.7776550054550171
0.43931299448013306
0.7901319861412048
0.4385559856891632
0.8026090264320374
0.43779900670051575
0.8150860071182251
0.4370419979095459
0.8275629878044128
0.43628498911857605
0.8400400280952454
0.4355280101299286
0.8525170087814331
0.43477100133895874
0.8649939894676208
0.4238699972629547
0.8633790016174316
