0.903564989566803
0.12616300582885742
0.8973299860954285
0.13699699938297272
0.8910940289497375
0.147830992937088
0.884859025478363
0.1586650013923645
0.8786240220069885
0.1694989949464798
0.872389018535614
0.1803320050239563
0.8661530017852783
0.1911659985780716
0.8599179983139038
0.20200000703334808
0.8536829948425293
0.21283400058746338
0.8466209769248962
0.22314800322055817
0.8395599722862244
0.23346300423145294
0.8324990272521973
0.24377700686454773
0.8254370093345642
0.2540909945964813
0.8183760046958923
0.2644059956073761
0.8113139867782593
0.2747200131416321
0.8042529821395874
0.28503501415252686
0.7971919775009155
0.29534900188446045
0.7902119755744934
0.3057189881801605
0.7832319736480713
0.3160879909992218
0.7762519717216492
0.32645800709724426
0.7692720293998718
0.33682799339294434
0.7622929811477661
0.3471980094909668
0.755312979221344
0.35756799578666687
0.7483329772949219
0.36793699860572815
0.7413529753684998
0.3783070147037506
0.7322869896888733
0.386913001537323
0.7232210040092468
0.3955180048942566
0.7141540050506592
0.4041230082511902
0.7050880193710327
0.4127289950847626
0.6960219740867615
0.42133399844169617
0.686955988407135
0.42993998527526855
0.6778889894485474
0.43854498863220215
0.6688230037689209
0.4471510052680969
0.6613839864730835
0.4571959972381592
0.6539450287818909
0.46724098920822144
0.6465049982070923
0.4772860109806061
0.6390659809112549
0.48733100295066833
0.6316270232200623
0.4973770081996918
0.6241869926452637
0.5074219703674316
0.6167479753494263
0.5174670219421387
0.6093090176582336
0.5275120139122009
0.5995609760284424
0.535336971282959
0.5898119807243347
0.5431619882583618
0.5800639986991882
0.5509859919548035
0.5703160166740417
0.5588110089302063
0.5605679750442505
0.566635012626648
0.550819993019104
0.5744600296020508
0.5410720109939575
0.5822839736938477
0.531324028968811
0.5901089906692505
0.5207380056381226
0.5967559814453125
0.5101519823074341
0.6034039855003357
0.499565988779068
0.6100509762763977
0.4889799952507019
0.6166989803314209
0.4783940017223358
0.6233459711074829
0.4678080081939697
0.6299939751625061
0.45722299814224243
0.6366410255432129
0.44663700461387634
0.6432890295982361
0.4352029860019684
0.6483399868011475
0.4237689971923828
0.6533910036087036
0.41233500838279724
0.6584420204162598
0.4009009897708893
0.6634929776191711
0.3894670009613037
0.6685439944267273
0.37803301215171814
0.6735950112342834
0.3665980100631714
0.6786460280418396
0.3551639914512634
0.683696985244751
0.3426710069179535
0.6840919852256775
0.3301770091056824
0.684486985206604
0.31768301129341125
0.6848819851875305
0.30518901348114014
0.6852759718894958
0.2926959991455078
0.6856709718704224
0.2802020013332367
0.6860659718513489
0.2677080035209656
0.6864609718322754
0.25521400570869446
0.6868559718132019
0.2553600072860718
0.6743559837341309
0.2555060088634491
0.661857008934021
0.2556520104408264
0.6493579745292664
0.25579801201820374
0.6368589997291565
0.25594401359558105
0.6243600249290466
0.256089985370636
0.611860990524292
0.2562359869480133
0.5993620157241821
0.2563819885253906
0.5868620276451111
0.25310200452804565
0.5748010277748108
0.2498210072517395
0.5627390146255493
0.24653999507427216
0.5506770014762878
0.243259996175766
0.5386149883270264
0.23997899889945984
0.5265529751777649
0.2366980016231537
0.5144919753074646
0.23341800272464752
0.5024300217628479
0.23013700544834137
0.4903680086135864
0.2282389998435974
0.4780130088329315
0.22634099423885345
0.4656580090522766
0.2244430035352707
0.4533030092716217
0.22254599630832672
0.4409480094909668
0.22064800560474396
0.4285930097103119
0.21875
0.4162369966506958
0.21685199439525604
0.4038819968700409
0.21495400369167328
0.391526997089386
0.21173200011253357
0.3794499933719635
0.20850899815559387
0.3673720061779022
0.20528599619865417
0.35529500246047974
0.20206299424171448
0.34321799874305725
0.19884000718593597
0.33114001154899597
0.19561700522899628
0.3190630078315735
0.19239500164985657
0.3069849908351898
0.18917199969291687
0.29490798711776733
0.18594899773597717
0.28283101320266724
0.18272599577903748
0.27075299620628357
0.17950299382209778
0.2586759924888611
0.17628100514411926
0.2465990036725998
0.17305800318717957
0.23452100157737732
0.16983500123023987
0.22244399785995483
0.16661199927330017
0.21036599576473236
0.16338899731636047
0.19828900694847107
