0.2605000138282776
0.19834700226783752
0.27295100688934326
0.19724300503730774
0.28540199995040894
0.19613799452781677
0.2978529930114746
0.195033997297287
0.3103039860725403
0.1939300000667572
0.32275500893592834
0.19282600283622742
0.335206001996994
0.19172200560569763
0.3476580083370209
0.19061699509620667
0.36010900139808655
0.18951299786567688
0.3685930073261261
0.19869300723075867
0.37707799673080444
0.20787200331687927
0.385562002658844
0.21705099940299988
0.39404699206352234
0.22623099386692047
0.40253201127052307
0.23541000485420227
0.41101598739624023
0.24458999931812286
0.41950100660324097
0.25376901030540466
0.4279850125312805
0.26294898986816406
0.4291769862174988
0.27539199590682983
0.43036898970603943
0.2878350019454956
0.4315609931945801
0.3002780079841614
0.4327529966831207
0.31272101402282715
0.4339450001716614
0.32516399025917053
0.435137003660202
0.3376069962978363
0.4363290071487427
0.3500500023365021
0.4375210106372833
0.36249300837516785
0.43779098987579346
0.37498998641967773
0.438060998916626
0.38748699426651
0.4383310079574585
0.3999840021133423
0.43860098719596863
0.41248100996017456
0.43887099623680115
0.42497798800468445
0.43914100527763367
0.4374749958515167
0.439411997795105
0.449972003698349
0.4396820068359375
0.46246999502182007
0.4408259987831116
0.4749169945716858
0.4419710040092468
0.4873639941215515
0.4431160092353821
0.4998120069503784
0.44426101446151733
0.5122590065002441
0.4454050064086914
0.524707019329071
0.44655001163482666
0.5371540188789368
0.4476949870586395
0.5496019721031189
0.4488399922847748
0.5620489716529846
0.45466700196266174
0.5731080174446106
0.4604949951171875
0.5841659903526306
0.46632200479507446
0.5952249765396118
0.4721499979496002
0.6062830090522766
0.4779770076274872
0.6173419952392578
0.48380500078201294
0.6284000277519226
0.4896320104598999
0.6394590139389038
0.49546000361442566
0.6505169868469238
0.5003340244293213
0.6620280146598816
0.5052070021629333
0.6735389828681946
0.5100809931755066
0.6850489974021912
0.5149539709091187
0.6965600252151489
0.5198280215263367
0.7080709934234619
0.5247009992599487
0.7195820212364197
0.529574990272522
0.7310929894447327
0.5344480276107788
0.7426040172576904
0.5389019846916199
0.7542830109596252
0.5433549880981445
0.7659630179405212
0.5478079915046692
0.7776430249214172
0.552262008190155
0.7893229722976685
0.5567150115966797
0.801002025604248
0.5611680150032043
0.8126819729804993
0.5656219720840454
0.8243619799613953
0.5700749754905701
0.8360419869422913
0.5753419995307922
0.8473780155181885
0.5806090235710144
0.8587139844894409
0.5858759880065918
0.8700510263442993
0.591143012046814
0.8813869953155518
0.596409022808075
0.892723023891449
0.6016759872436523
0.9040589928627014
0.6069430112838745
0.9153950214385986
0.6122099757194519
0.9267320036888123
0.6193349957466125
0.9166430234909058
0.6264610290527344
0.9065539836883545
0.6335859894752502
0.8964660167694092
0.6407120227813721
0.8863769769668579
