0.658964991569519
0.3218640089035034
0.6608160138130188
0.33422601222991943
0.662667989730835
0.34658798575401306
0.6645190119743347
0.3589499890804291
0.6663709878921509
0.3713130056858063
0.6682230234146118
0.3836750090122223
0.6700739860534668
0.3960370123386383
0.6719260215759277
0.40839898586273193
0.6737769842147827
0.42076098918914795
0.6752870082855225
0.43316900730133057
0.6767979860305786
0.445578008890152
0.6783080101013184
0.4579859972000122
0.6798179745674133
0.4703949987888336
0.6813290119171143
0.48280298709869385
0.6828389763832092
0.49521198868751526
0.684349000453949
0.5076199769973755
0.6858599781990051
0.5200279951095581
0.6930760145187378
0.5305439829826355
0.7002919912338257
0.5410590171813965
0.7075080275535583
0.5515750050544739
