0.8372960090637207
0.8618580102920532
0.8248479962348938
0.8630009889602661
0.8124009966850281
0.8641449809074402
0.7999529838562012
0.8652889728546143
0.7875059843063354
0.8664330244064331
0.7750579714775085
0.867576003074646
0.7626100182533264
0.8687199950218201
0.7501630187034607
0.8698639869689941
0.7377150058746338
0.8710070252418518
0.7255449891090393
0.8681550025939941
0.7133749723434448
0.8653020262718201
0.7012050151824951
0.8624500036239624
0.6890349984169006
0.8595970273017883
0.6768649816513062
0.8567450046539307
0.6646940112113953
0.8538920283317566
0.6525239944458008
0.8510389924049377
0.6403539776802063
0.8481870293617249
0.6517260074615479
0.8429980278015137
0.6630989909172058
0.8378099799156189
0.6744710206985474
0.8326219916343689
0.6858429908752441
0.8274329900741577
0.6972159743309021
0.8222450017929077
0.7085880041122437
0.8170560002326965
0.7199599742889404
0.8118680119514465
0.7313330173492432
0.8066790103912354
0.7297869920730591
0.7942749857902527
0.7282419800758362
0.7818710207939148
0.7266970276832581
0.7694669961929321
0.725151002407074
0.7570629715919495
0.7236059904098511
0.7446590065956116
0.7220600247383118
0.7322549819946289
0.7205150127410889
0.719851016998291
0.718970000743866
0.7074469923973083
0.7066569924354553
0.7052900195121765
0.6943449974060059
0.7031329870223999
0.6820319890975952
0.7009760141372681
0.6697199940681458
0.698818027973175
0.6574069857597351
0.6966609954833984
0.6450949907302856
0.6945040225982666
0.632781982421875
0.69234699010849
0.6204699873924255
0.6901900172233582
0.6079710125923157
0.6899999976158142
0.5954729914665222
0.6898090243339539
0.5829740166664124
0.6896190047264099
0.5704749822616577
0.689428985118866
0.557977020740509
0.6892380118370056
0.5454779863357544
0.6890479922294617
0.5329800248146057
0.6888570189476013
0.5204809904098511
0.6886669993400574
0.5089600086212158
0.683817982673645
0.4974389970302582
0.6789699792861938
0.48591700196266174
0.6741210222244263
0.4743959903717041
0.6692730188369751
0.46287399530410767
0.6644240021705627
0.4513530135154724
0.6595759987831116
0.43983200192451477
0.6547269821166992
0.42831000685691833
0.649878978729248
0.4165329933166504
0.6456890106201172
0.40475600957870483
0.6414989829063416
0.39298000931739807
0.6373090147972107
0.3812029957771301
0.6331189870834351
0.36942601203918457
0.6289299726486206
0.3576489984989166
0.6247400045394897
0.34587201476097107
0.6205499768257141
0.3340950012207031
0.6163600087165833
0.32190799713134766
0.6191409826278687
0.3097209930419922
0.6219210028648376
0.2975350022315979
0.624701976776123
0.28534799814224243
0.6274830102920532
0.27316099405288696
0.6302629709243774
0.2609739899635315
0.6330440044403076
0.2487879991531372
0.635824978351593
0.23660099506378174
0.638604998588562
0.23086300492286682
0.6274999976158142
0.2251259982585907
0.6163939833641052
0.21938900649547577
0.6052889823913574
0.21365100145339966
0.5941830277442932
0.20791399478912354
0.5830780267715454
0.20217600464820862
0.5719720125198364
0.1964389979839325
0.5608670115470886
0.19070200622081757
0.5497609972953796
0.1863590031862259
0.5629339814186096
0.1820169985294342
0.5761070251464844
