0.8736420273780823
0.2614940106868744
0.8664829730987549
0.27174100279808044
0.8593239784240723
0.2819879949092865
0.8521649837493896
0.29223498702049255
0.845005989074707
0.302482008934021
0.8378469944000244
0.31272900104522705
0.8306879997253418
0.3229759931564331
0.8235290050506592
0.33322298526763916
0.8163700103759766
0.3434700071811676
0.8065549731254578
0.35120999813079834
0.7967389822006226
0.3589499890804291
0.7869240045547485
0.3666900098323822
0.7771080136299133
0.37442898750305176
0.7672929763793945
0.3821690082550049
0.7574769854545593
0.3899089992046356
0.7476620078086853
0.39764899015426636
0.7378460168838501
0.4053890109062195
0.7314720153808594
0.39463600516319275
0.7250980138778687
0.383882999420166
0.7187240123748779
0.37313100695610046
0.7123500108718872
0.36237800121307373
0.7059760093688965
0.351624995470047
0.6996020078659058
0.34087300300598145
0.693228006362915
0.3301199972629547
0.6868529915809631
0.319366991519928
0.6754590272903442
0.324506014585495
0.6640639901161194
0.3296459913253784
0.6526690125465393
0.33478501439094543
0.6412749886512756
0.33992400765419006
0.6298800110816956
0.3450630009174347
0.6184849739074707
0.3502019941806793
0.6070910096168518
0.35534098744392395
0.595695972442627
0.36048001050949097
0.5832020044326782
0.3601030111312866
0.5707070231437683
0.3597249984741211
0.5582129955291748
0.35934698581695557
0.5457190275192261
0.3589699864387512
0.5332239866256714
0.3585920035839081
0.5207300186157227
0.35821399092674255
0.5082359910011292
0.3578369915485382
0.49574100971221924
0.35745900869369507
0.4846450090408325
0.3632130026817322
0.4735479950904846
0.36896800994873047
0.4624510109424591
0.3747220039367676
0.4513539969921112
0.3804759979248047
0.4402579963207245
0.386231005191803
0.429161012172699
0.3919849991798401
0.4180639982223511
0.3977389931678772
0.40696701407432556
0.4034929871559143
0.40397000312805176
0.41562899947166443
0.40097299218177795
0.42776399850845337
0.39797499775886536
0.4398989975452423
0.39497798681259155
0.45203500986099243
0.39198100566864014
0.46417000889778137
0.38898399472236633
0.4763050079345703
0.38598600029945374
0.48844099044799805
0.38298898935317993
0.5005760192871094
0.37049999833106995
0.5011109709739685
0.35801199078559875
0.5016459822654724
0.34552299976348877
0.5021809935569763
0.3330349922180176
0.5027170181274414
0.3205460011959076
0.5032520294189453
0.3080579936504364
0.5037869811058044
0.2955690026283264
0.5043219923973083
0.2830809950828552
0.5048570036888123
0.2716419994831085
0.49981600046157837
0.2602039873600006
0.4947749972343445
0.2487650066614151
0.4897339940071106
0.2373269945383072
0.4846929907798767
0.22588799893856049
0.4796519875526428
0.21445000171661377
0.4746110141277313
0.20301200449466705
0.46957001090049744
0.19157299399375916
0.46452900767326355
0.1862969994544983
0.45319700241088867
0.18102000653743744
0.4418649971485138
0.1757429987192154
0.4305340051651001
0.17046700417995453
0.4192019999027252
0.16518999636173248
0.40786999464035034
0.15991300344467163
0.39653900265693665
0.15463699400424957
0.38520699739456177
0.14936000108718872
0.3738749921321869
0.14630800485610962
0.36175400018692017
0.14325499534606934
0.34963199496269226
0.14020299911499023
0.33750998973846436
0.13715000450611115
0.32538899779319763
0.13409799337387085
0.3132669925689697
0.13104499876499176
0.301146000623703
0.12799300253391266
0.2890239953994751
0.12494000047445297
0.2769030034542084
0.11327999830245972
0.2732599973678589
