0.44243699312210083
0.3418799936771393
0.4400019943714142
0.3541409969329834
0.43756699562072754
0.36640098690986633
0.4351319968700409
0.37866199016571045
0.43269699811935425
0.39092200994491577
0.4302609860897064
0.4031830132007599
0.4278259873390198
0.4154430031776428
0.42539098858833313
0.42770400643348694
0.4229559898376465
0.4399639964103699
0.4215790033340454
0.4523879885673523
0.42020198702812195
0.4648120105266571
0.4188239872455597
0.4772360026836395
0.4174470007419586
0.48965999484062195
0.41607001423835754
0.5020840167999268
0.4146929979324341
0.5145080089569092
0.413316011428833
0.5269309878349304
0.41193801164627075
0.5393549799919128
0.4102630019187927
0.5517429709434509
0.4085870087146759
0.5641300082206726
0.4069119989871979
0.5765169858932495
0.40523600578308105
0.5889040231704712
0.403560996055603
0.6012910008430481
0.4018850028514862
0.6136789917945862
0.4002099931240082
0.6260660290718079
0.39853501319885254
0.6384530067443848
0.386245995759964
0.6407420039176941
0.3739570081233978
0.6430320143699646
0.36166900396347046
0.6453210115432739
0.3493799865245819
0.6476110219955444
0.33709201216697693
0.6499000191688538
0.3248029947280884
0.6521900296211243
0.312514990568161
0.6544790267944336
0.30022600293159485
0.6567689776420593
0.2885980010032654
0.6521810293197632
0.2769710123538971
0.6475939750671387
0.2653430104255676
0.6430069804191589
0.25371500849723816
0.638418972492218
0.2420870065689087
0.6338319778442383
0.23045900464057922
0.6292440295219421
0.21883200109004974
0.6246569752693176
0.20720399916172028
0.6200699806213379
0.19952599704265594
0.6102049946784973
0.1918479949235916
0.6003410220146179
0.18416999280452728
0.5904769897460938
0.17649300396442413
0.5806130170822144
0.1688150018453598
0.5707489848136902
0.16113699972629547
0.5608839988708496
0.15345899760723114
0.5510200262069702
0.1457819938659668
0.541155993938446
0.1571200042963028
0.535893976688385
0.1684579998254776
0.5306320190429688
0.1797969937324524
0.5253700017929077
0.1911350041627884
0.5201069712638855
0.20247399806976318
0.5148450136184692
0.213811993598938
0.5095829963684082
0.225150004029274
0.5043209791183472
0.23648899793624878
0.4990589916706085
0.24131399393081665
0.4875270128250122
0.24613900482654572
0.4759959876537323
0.2509649991989136
0.4644649922847748
0.25578999519348145
0.45293399691581726
0.2606149911880493
0.44140300154685974
0.26544100046157837
0.4298720061779022
0.27026599645614624
0.4183410108089447
0.2750909924507141
0.4068099856376648
0.26413801312446594
0.40078601241111755
0.2531850039958954
0.3947629928588867
0.24223199486732483
0.3887389898300171
0.23127900063991547
0.38271600008010864
0.2203260064125061
0.3766930103302002
0.20937299728393555
0.37066900730133057
0.19842000305652618
0.36464598774909973
0.1874680072069168
0.3586220145225525
0.19175900518894196
0.3468819856643677
0.1960500031709671
0.33514198660850525
0.20034100115299225
0.32340100407600403
0.2046319991350174
0.3116610050201416
0.20892299711704254
0.299919992685318
0.2132139950990677
0.28817999362945557
0.21750600636005402
0.27643999457359314
0.22179700434207916
0.2646990120410919
0.23066000640392303
0.2558850049972534
0.2395240068435669
0.24707099795341492
0.24838800728321075
0.2382570058107376
0.25725099444389343
0.2294429987668991
0.2661150097846985
0.2206290066242218
0.27497801184654236
0.2118149995803833
0.283841997385025
0.20300200581550598
0.2927060127258301
0.19418799877166748
0.302033007144928
0.18586499989032745
0.3113600015640259
0.17754299938678741
0.3206869959831238
0.16922099888324738
0.3300139904022217
0.16089899837970734
0.33934101462364197
0.1525769978761673
0.34866800904273987
0.14425499737262726
0.35799500346183777
0.13593299686908722
0.36732199788093567
0.12761099636554718
0.37713098526000977
0.11986400187015533
0.38694098591804504
0.1121160015463829
0.39675000309944153
0.10436899960041046
0.4065600037574768
0.09662120044231415
0.4163689911365509
0.08887369930744171
0.4261789917945862
0.08112619817256927
0.43598800897598267
0.07337869703769684
0.44579800963401794
0.065631203353405
0.4499950110912323
0.07740530371665955
0.45419299602508545
0.08917950093746185
0.458391010761261
0.10095400363206863
0.46258801221847534
0.11272799968719482
0.4667859971523285
0.12450200319290161
0.47098299860954285
0.1362760066986084
0.4751810133457184
0.148049995303154
0.47937801480293274
0.15982399880886078
0.4849050045013428
0.1710360050201416
0.490431010723114
0.18224899470806122
0.49595698714256287
0.19346100091934204
0.5014830231666565
0.20467300713062286
0.5070090293884277
0.2158849984407425
0.5125359892845154
0.22709700465202332
0.5180619955062866
0.23830899596214294
0.5235880017280579
0.24952100217342377
0.5350760221481323
0.25444701313972473
0.5465649962425232
0.2593730092048645
0.5580530166625977
0.26429998874664307
0.5695419907569885
0.2692260146141052
0.581030011177063
0.274152010679245
0.5925179719924927
0.27907800674438477
0.6040070056915283
0.28400400280952454
0.6154950261116028
0.2889299988746643
0.6249520182609558
0.29710501432418823
0.6344090104103088
0.3052789866924286
0.6438649892807007
0.31345298886299133
0.6533219814300537
0.32162800431251526
0.6627789735794067
0.329802006483078
0.6722360253334045
0.33797600865364075
0.6816920042037964
0.3461509943008423
0.6911489963531494
0.35432499647140503
0.7022899985313416
0.3486559987068176
0.7134310007095337
0.3429880142211914
0.7245720028877258
0.3373189866542816
0.7357119917869568
0.3316510021686554
0.7468529939651489
0.325982004404068
0.7579939961433411
0.3203139901161194
0.7691349983215332
0.314644992351532
0.7802760004997253
0.30897700786590576
0.7920290231704712
0.3132320046424866
0.8037819862365723
0.31748801469802856
0.8155350089073181
0.32174399495124817
0.8272889852523804
0.325998991727829
0.8390420079231262
0.33025500178337097
0.8507949709892273
0.33451101183891296
0.8625479936599731
0.33876699209213257
0.8743020296096802
0.3430219888687134
0.8773530125617981
0.3551439940929413
0.880403995513916
0.3672659993171692
0.8834549784660339
0.3793880045413971
0.8865060210227966
0.391510009765625
0.8895570039749146
0.4036319851875305
0.8926079869270325
0.4157539904117584
0.8956590294837952
0.42787599563598633
0.8987100124359131
0.43999800086021423
0.896058976650238
0.45345601439476013
0.893409013748169
0.4669150114059448
0.8907579779624939
0.48037299513816833
0.8881080150604248
0.49383100867271423
0.8854569792747498
0.5072900056838989
0.8828060030937195
0.5207480192184448
