0.10059899836778641
0.41386500000953674
0.10718599706888199
0.40324100852012634
0.11377199739217758
0.39261698722839355
0.12035900354385376
0.38199299573898315
0.12694500386714935
0.37136900424957275
0.13353200256824493
0.36074501276016235
0.14011800289154053
0.35012099146842957
0.1467050015926361
0.33949699997901917
0.1532910019159317
0.32887300848960876
0.14217400550842285
0.32315900921821594
0.13105599582195282
0.3174450099468231
0.11993899941444397
0.3117299973964691
0.10882099717855453
0.3060159981250763
0.09770359843969345
0.30030199885368347
0.0865861028432846
0.29458799958229065
0.07546859979629517
0.2888740003108978
0.06435109674930573
0.283160001039505
