0.27191999554634094
0.9377020001411438
0.2726750075817108
0.9252240061759949
0.2734299898147583
0.9127470254898071
0.2741850018501282
0.9002699851989746
0.27494001388549805
0.8877930045127869
0.27569499611854553
0.8753160238265991
0.2764500081539154
0.8628389835357666
0.2772049903869629
0.8503609895706177
0.27796000242233276
0.8378840088844299
0.27764400839805603
0.8253880143165588
0.2773280143737793
0.8128920197486877
0.2770119905471802
0.8003960251808167
0.27669599652290344
0.7878999710083008
0.2763809859752655
0.7754039764404297
0.27606499195098877
0.7629079818725586
0.27574899792671204
0.7504119873046875
0.2754330039024353
0.7379159927368164
0.2805970013141632
0.7265329957008362
0.2857609987258911
0.7151489853858948
0.290924996137619
0.7037659883499146
0.2960889935493469
0.6923819780349731
0.30125299096107483
0.6809989809989929
0.30641698837280273
0.6696149706840515
0.31158098578453064
0.6582319736480713
0.31674501299858093
0.6468480229377747
0.3084299862384796
0.6375150084495544
0.3001149892807007
0.6281819939613342
0.29179900884628296
0.618848979473114
0.28348401188850403
0.6095160245895386
0.2751689851284027
0.6001830101013184
0.2668539881706238
0.5908499956130981
0.25853899121284485
0.5815160274505615
0.2502230107784271
0.5721830129623413
0.25389400124549866
0.560234010219574
0.2575649917125702
0.5482860207557678
0.26123499870300293
0.5363370180130005
0.26490598917007446
0.5243880152702332
0.2685770094394684
0.5124390125274658
0.27224698662757874
0.5004900097846985
0.27591800689697266
0.48854100704193115
0.2795889973640442
0.4765920042991638
0.2852360010147095
0.4654400050640106
0.29088300466537476
0.4542889893054962
0.29653000831604004
0.443136990070343
0.3021770119667053
0.4319849908351898
0.3078239858150482
0.4208340048789978
0.3134709894657135
0.4096820056438446
0.3191179931163788
0.3985300064086914
0.32476499676704407
0.3873780071735382
0.3251340091228485
0.3748840093612671
0.32550299167633057
0.3623889982700348
0.325872004032135
0.34989500045776367
0.32624098658561707
0.33739998936653137
0.3266099989414215
0.32490599155426025
0.32697901129722595
0.31241101026535034
0.327347993850708
0.2999170124530792
0.32771599292755127
0.2874220013618469
0.325547993183136
0.27511200308799744
0.3233790099620819
0.26280099153518677
0.3212110102176666
0.2504909932613373
0.31904199719429016
0.2381799966096878
0.3168739974498749
0.22586999833583832
0.3147050142288208
0.21355900168418884
0.3125370144844055
0.20124900341033936
0.31036800146102905
0.18893800675868988
0.3161599934101105
0.17786100506782532
0.3219510018825531
0.16678300499916077
0.3277429938316345
0.1557060033082962
0.33353400230407715
0.14462900161743164
0.3393250107765198
0.1335510015487671
0.3451170027256012
0.12247399985790253
0.3509080111980438
0.11139599978923798
0.35670000314712524
0.10031899809837341
0.3691900074481964
0.09983240067958832
0.38168099522590637
0.09934569895267487
0.39417099952697754
0.09885910153388977
0.4066619873046875
0.09837249666452408
0.41915199160575867
0.09788589924573898
0.431643009185791
0.09739930182695389
0.4441330134868622
0.09691260010004044
0.45662400126457214
0.09642600268125534
0.46560001373291016
0.10512500256299973
0.47457700967788696
0.11382400244474411
0.4835529923439026
0.1225230023264885
0.4925299882888794
0.13122199475765228
0.501505970954895
0.13992099463939667
0.5104830265045166
0.14861999452114105
0.5194590091705322
0.15731899440288544
0.528436005115509
0.16601799428462982
0.539106011390686
0.17252899706363678
0.549776017665863
0.17904099822044373
0.56044602394104
0.18555200099945068
0.5711169838905334
0.19206300377845764
0.5817869901657104
0.1985740065574646
0.5924569964408875
0.20508599281311035
0.6031270027160645
0.2115969955921173
0.6137980222702026
0.21810799837112427
0.6260539889335632
0.22056299448013306
0.6383110284805298
0.22301800549030304
0.6505669951438904
0.22547300159931183
0.6628239750862122
0.22792699933052063
0.6750800013542175
0.23038199543952942
0.6873369812965393
0.2328370064496994
0.6995940208435059
0.2352920025587082
0.7118499875068665
0.23774699866771698
0.7214409708976746
0.22972999513149261
0.7310310006141663
0.22171300649642944
0.7406219840049744
0.21369600296020508
0.7502120137214661
0.2056789994239807
0.7598029971122742
0.19766199588775635
0.7693930268287659
0.18964500725269318
0.778984010219574
0.1816280037164688
0.7885749936103821
0.17361100018024445
0.8010730147361755
0.17380499839782715
0.8135719895362854
0.17399899661540985
0.8260700106620789
0.17419299483299255
0.8385689854621887
0.17438699305057526
0.8510670065879822
0.17458100616931915
0.863565981388092
0.17477500438690186
0.8760640025138855
0.17496900260448456
0.8885629773139954
0.17516300082206726
0.8933870196342468
0.16363200545310974
0.8982120156288147
0.15209999680519104
0.9030359983444214
0.14056900143623352
0.9078609943389893
0.129038006067276
0.9126859903335571
0.1175059974193573
0.9175099730491638
0.10597500205039978
0.9223350286483765
0.09444359689950943
0.9271600246429443
0.08291219919919968
0.9370089769363403
0.08011949807405472
