0.5865769982337952
0.715162992477417
0.5779209733009338
0.7061449885368347
0.5692650079727173
0.6971269845962524
0.560608983039856
0.6881089806556702
0.5519530177116394
0.6790909767150879
0.5432969927787781
0.6700729727745056
0.5346419811248779
0.6610550284385681
0.5259860157966614
0.6520370244979858
0.5173299908638
0.6430190205574036
0.509518027305603
0.6332610249519348
0.5017060041427612
0.6235020160675049
0.4938940107822418
0.6137440204620361
0.48608100414276123
0.6039860248565674
0.4782690107822418
0.5942280292510986
0.4704569876194
0.5844699740409851
0.4626449942588806
0.5747119784355164
0.4548330008983612
0.5649539828300476
0.44481199979782104
0.5724250078201294
0.4347899854183197
0.5798969864845276
0.42476901412010193
0.5873680114746094
0.41474801301956177
0.5948399901390076
0.4047259986400604
0.6023110151290894
0.39470499753952026
0.6097829937934875
0.3846839964389801
0.6172540187835693
0.37466299533843994
0.6247259974479675
0.36566299200057983
0.6160510182380676
0.3566629886627197
0.607375979423523
0.3476639986038208
0.598701000213623
0.3386639952659607
0.5900260210037231
0.3296639919281006
0.5813509821891785
0.32066500186920166
0.5726749897003174
0.31166499853134155
0.5640000104904175
0.3026660084724426
0.5553249716758728
0.3005009889602661
0.5430139899253845
0.298335999250412
0.5307030081748962
0.29617100954055786
0.518392026424408
0.29400599002838135
0.5060809850692749
0.2918410003185272
0.4937700033187866
0.2896769940853119
0.48145899176597595
0.28751200437545776
0.46914801001548767
0.28534701466560364
0.4568359851837158
0.27286601066589355
0.4561469852924347
0.26038500666618347
0.45545798540115356
0.2479040026664734
0.45476898550987244
0.2354229986667633
0.4540799856185913
0.22294199466705322
0.4533909857273102
0.21046100556850433
0.45270198583602905
0.19798000156879425
0.4520129859447479
0.18549899756908417
0.4513239860534668
0.17794199287891388
0.4413670003414154
0.17038500308990479
0.431410014629364
0.1628279983997345
0.42145299911499023
0.1552709937095642
0.41149601340293884
0.14771400392055511
0.40153899788856506
0.14015699923038483
0.39158201217651367
0.13259999454021454
0.3816249966621399
0.12504300475120544
0.3716680109500885
0.12347199767827988
0.359266996383667
0.1219009980559349
0.34686601161956787
0.12032999843358994
0.33446499705314636
0.11875800043344498
0.32206401228904724
0.1171870008111
0.30966299772262573
0.11561600118875504
0.2972620129585266
0.11404500156641006
0.2848620116710663
0.1124740019440651
0.2724609971046448
0.11725100129842758
0.2609100043773651
0.12202899903059006
0.24935899674892426
0.12680600583553314
0.2378080040216446
0.13158300518989563
0.22625699639320374
0.1363610029220581
0.21470500528812408
0.1411380022764206
0.20315399765968323
0.14591500163078308
0.19160300493240356
0.15069299936294556
0.1800519973039627
0.15792599320411682
0.16985799372196198
0.16515900194644928
0.15966300666332245
0.17239199578762054
0.14946800470352173
0.179625004529953
0.139273002743721
0.18685799837112427
0.1290780007839203
0.19409100711345673
0.11888399720191956
0.201324000954628
0.10868900269269943
0.20855699479579926
0.09849400073289871
0.21407699584960938
0.09071269631385803
