0.08449819684028625
0.6954330205917358
0.09533079713582993
0.689195990562439
0.10616300255060196
0.6829590201377869
0.11699599772691727
0.6767209768295288
0.12782800197601318
0.6704840064048767
0.1386609971523285
0.6642460227012634
0.149494007229805
0.6580089926719666
0.1603260040283203
0.6517710089683533
0.17115899920463562
0.6455339789390564
0.18262700736522675
0.6405609846115112
0.19409500062465668
0.6355869770050049
0.2055629938840866
0.6306139826774597
0.21703100204467773
0.6256409883499146
0.22849899530410767
0.6206679940223694
0.2399670034646988
0.615693986415863
0.2514350116252899
0.6107209920883179
0.26290300488471985
0.6057479977607727
0.2611280083656311
0.593375027179718
0.25935301184654236
0.5810009837150574
0.2575779855251312
0.5686280131340027
0.25580400228500366
0.5562540292739868
0.2540290057659149
0.5438809990882874
0.25225400924682617
0.5315080285072327
0.2504790127277374
0.519133985042572
0.2487040013074875
0.5067610144615173
0.23906099796295166
0.49880701303482056
0.22941899299621582
0.4908530116081238
0.2197760045528412
0.4828979969024658
0.21013399958610535
0.47494399547576904
0.20049099624156952
0.46698999404907227
0.1908479928970337
0.4590350091457367
0.18120600283145905
0.4510810077190399
0.17156299948692322
0.44312700629234314
0.17576800286769867
0.43135499954223633
0.17997199296951294
0.4195829927921295
0.1841759979724884
0.4078119993209839
0.18838100135326385
0.3960399925708771
0.19258500635623932
0.38426798582077026
0.19678999483585358
0.37249600887298584
0.20099399983882904
0.3607249855995178
0.2051980048418045
0.3489530086517334
0.21169699728488922
0.3382749855518341
0.21819500625133514
0.3275969922542572
0.22469300031661987
0.3169189989566803
0.2311909943819046
0.3062399923801422
0.2376900017261505
0.2955619990825653
0.24418799579143524
0.2848840057849884
0.25068598985671997
0.2742060124874115
0.2571839988231659
0.2635279893875122
0.26579999923706055
0.2544710040092468
0.2744159996509552
0.24541500210762024
0.28303098678588867
0.23635800182819366
0.2916469871997833
0.22730199992656708
0.300262987613678
0.2182449996471405
0.30887800455093384
0.20918899774551392
0.3174940049648285
0.20013199746608734
0.32611000537872314
0.19107599556446075
0.3225319981575012
0.17909899353981018
0.3189550042152405
0.16712099313735962
0.31537801027297974
0.15514400601387024
0.3118009865283966
0.14316700398921967
0.30822399258613586
0.1311900019645691
0.3046469986438751
0.11921200156211853
0.3010689914226532
0.10723499953746796
0.29749199748039246
0.09525799751281738
0.30965399742126465
0.09237200021743774
0.321817010641098
0.0894860029220581
0.3339790105819702
0.08659999817609787
0.3461410105228424
0.08371400088071823
0.3583039939403534
0.08082800358533859
0.3704659938812256
0.07794199883937836
0.3826279938220978
0.07505589723587036
0.39478999376296997
0.07216989994049072
0.40664100646972656
0.07614549994468689
0.41849198937416077
0.08012109994888306
0.43034300208091736
0.08409679681062698
0.44219401478767395
0.08807239681482315
0.45404499769210815
0.09204799681901932
0.46589601039886475
0.09602359682321548
0.47774699330329895
0.09999919682741165
0.48959800601005554
0.10397499799728394
0.49125200510025024
0.11636500060558319
0.49290600419044495
0.12875500321388245
0.49456000328063965
0.1411450058221817
0.49621400237083435
0.15353499352931976
0.49786800146102905
0.16592499613761902
0.49952200055122375
0.17831499874591827
0.5011759996414185
0.19070500135421753
0.5028300285339355
0.20309600234031677
0.5042269825935364
0.21551699936389923
0.505623996257782
0.22793899476528168
0.5070210099220276
0.24036100506782532
0.5084189772605896
0.2527819871902466
0.5098159909248352
0.2652040123939514
0.5112130045890808
0.27762600779533386
0.5126100182533264
0.2900469899177551
0.5140079855918884
0.3024689853191376
0.5159080028533936
0.3148230016231537
0.5178089737892151
0.3271780014038086
0.5197100043296814
0.3395330011844635
0.5216109752655029
0.3518869876861572
0.5235120058059692
0.36424198746681213
0.5254129767417908
0.37659698724746704
0.5273140072822571
0.38895100355148315
0.5292149782180786
0.40130600333213806
0.5323410034179688
0.4134089946746826
0.5354670286178589
0.4255110025405884
0.5385929942131042
0.43761399388313293
0.5417190194129944
0.4497169852256775
0.5448449850082397
0.46182000637054443
0.5479720234870911
0.4739220142364502
0.5510979890823364
0.48602500557899475
0.5542240142822266
0.4981279969215393
0.5565279722213745
0.5104140043258667
0.5588330030441284
0.5226989984512329
0.5611370205879211
0.5349850058555603
0.5634409785270691
0.5472710132598877
0.565746009349823
0.5595570206642151
0.5680500268936157
0.5718430280685425
0.5703539848327637
0.5841280221939087
0.5726590156555176
0.5964140295982361
0.5760899782180786
0.6084340214729309
0.5795199871063232
0.6204540133476257
0.582951009273529
0.6324740052223206
0.5863819718360901
0.6444939970970154
0.5898129940032959
0.6565139889717102
0.5932440161705017
0.668533980846405
0.5966740250587463
0.6805539727210999
0.6001049876213074
0.6925740242004395
0.6120870113372803
0.6919839978218079
0.624068021774292
0.6913949847221375
0.6360499858856201
0.6908050179481506
0.6480309963226318
0.690214991569519
0.6600130200386047
0.6896259784698486
