0.23071099817752838
0.6264140009880066
0.23129400610923767
0.6139280200004578
0.23187699913978577
0.6014419794082642
0.23245899379253387
0.5889549851417542
0.23304200172424316
0.5764690041542053
0.23362499475479126
0.5639820098876953
0.23420800268650055
0.5514960289001465
0.23478999733924866
0.5390099883079529
0.23537300527095795
0.5265229940414429
0.2366819977760315
0.5140920281410217
0.23799100518226624
0.5016610026359558
0.2392989993095398
0.4892289936542511
0.24060800671577454
0.47679799795150757
0.2419160008430481
0.46436700224876404
0.24322499334812164
0.4519349932670593
0.24453400075435638
0.4395039975643158
0.24584199488162994
0.42707300186157227
0.23440399765968323
0.4220309853553772
0.2229669988155365
0.41698798537254333
0.21152900159358978
0.41194599866867065
0.20009100437164307
0.406904011964798
0.18865300714969635
0.4018619954586029
0.17721499502658844
0.3968200087547302
0.16577699780464172
0.39177799224853516
0.154339000582695
0.3867360055446625
0.16178299486637115
0.376693993806839
0.1692270040512085
0.3666520118713379
0.17667099833488464
0.3566100001335144
0.1841149926185608
0.3465690016746521
0.19155900180339813
0.3365269899368286
0.19900299608707428
0.3264850080013275
0.20644700527191162
0.31644299626350403
0.21389099955558777
0.3064019978046417
0.20353400707244873
0.29940199851989746
0.1931779980659485
0.2924030125141144
0.18282100558280945
0.2854030132293701
0.1724649965763092
0.27840399742126465
0.16210800409317017
0.27140501141548157
0.15175199508666992
0.2644050121307373
0.14139500260353088
0.25740599632263184
0.13103799521923065
0.25040701031684875
0.12919799983501434
0.23804299533367157
0.12735800445079803
0.22567899525165558
0.12551799416542053
0.2133149951696396
0.12367700040340424
0.2009509950876236
0.12183699756860733
0.1885879933834076
0.11999700218439102
0.1762239933013916
0.11815600097179413
0.1638599932193756
0.11631599813699722
0.15149599313735962
0.12866799533367157
0.14958100020885468
0.1410209983587265
0.14766600728034973
0.15337300300598145
0.1457509994506836
0.16572600603103638
0.14383700489997864
0.17807799577713013
0.1419219970703125
0.19043099880218506
0.14000700414180756
0.20278300344944
0.13809199631214142
0.21513600647449493
0.13617700338363647
0.2226089984178543
0.1261570006608963
0.23008300364017487
0.11613699793815613
0.23755599558353424
0.10611700266599655
0.2450300008058548
0.09609770029783249
0.25250300765037537
0.08607789874076843
0.2599770128726959
0.07605809718370438
0.2674500048160553
0.06603830307722092
0.27492401003837585
0.05601850152015686
0.2861340045928955
0.061548300087451935
0.29734501242637634
0.06707809865474701
0.308555006980896
0.07260780036449432
0.31976500153541565
0.0781375989317894
0.3309760093688965
0.08366739749908447
0.34218600392341614
0.08919709920883179
0.3533959984779358
0.09472689777612686
0.3646070063114166
0.10025700181722641
0.37703800201416016
0.10156799852848053
0.3894689977169037
0.10287900269031525
0.4018999934196472
0.10418999940156937
0.41433098912239075
0.10550100356340408
0.42676201462745667
0.10681299865245819
0.4391930103302002
0.10812400281429291
0.4516240060329437
0.10943499952554703
0.46405500173568726
0.11074600368738174
0.4693149924278259
0.12208499759435654
0.474575012922287
0.13342499732971191
0.47983500361442566
0.1447640061378479
0.48509499430656433
0.15610399842262268
0.4903550148010254
0.16744300723075867
0.49561500549316406
0.17878299951553345
0.5008749961853027
0.19012199342250824
0.5061349868774414
0.20146100223064423
0.5124009847640991
0.21227799355983734
0.5186660289764404
0.22309400141239166
0.5249320268630981
0.2339099943637848
0.5311980247497559
0.2447260022163391
0.5374640226364136
0.25554201006889343
0.5437290072441101
0.26635900139808655
0.5499950051307678
0.27717500925064087
0.5562610030174255
0.2879909873008728
0.5663549900054932
0.28254199028015137
0.5764480233192444
0.2770940065383911
0.586542010307312
0.2716450095176697
0.5966349840164185
0.26619601249694824
