0.8334640264511108
0.6274200081825256
0.8218669891357422
0.6320840120315552
0.8102689981460571
0.6367480158805847
0.7986720204353333
0.6414120197296143
0.7870749831199646
0.6460760235786438
0.7754780054092407
0.6507400274276733
0.7638800144195557
0.6554039716720581
0.752282977104187
0.6600679755210876
0.7406859993934631
0.6647319793701172
0.7296820282936096
0.670661985874176
0.7186779975891113
0.6765919923782349
0.7076740264892578
0.6825209856033325
0.6966699957847595
0.6884509921073914
0.685666024684906
0.6943809986114502
0.6746619939804077
0.700311005115509
0.6636580228805542
0.7062399983406067
0.6526539921760559
0.7121700048446655
0.6427170038223267
0.7197539806365967
0.6327800154685974
0.7273370027542114
0.6228430271148682
0.7349200248718262
0.6129059791564941
0.7425040006637573
0.6029689908027649
0.7500870227813721
0.5930320024490356
0.7576709985733032
0.5830960273742676
0.765254020690918
0.5731589794158936
0.7728379964828491
0.5612670183181763
0.7733129858970642
0.5493760108947754
0.7737879753112793
0.5374839901924133
0.7742630243301392
