0.4857949912548065
0.5463600158691406
0.48113900423049927
0.5579609870910645
0.4764840006828308
0.5695610046386719
0.47182801365852356
0.5811619758605957
0.4671719968318939
0.5927619934082031
0.46251699328422546
0.6043630242347717
0.4578610062599182
0.6159639954566956
0.4532049894332886
0.627564013004303
0.4485499858856201
0.6391649842262268
0.44205498695373535
0.6498450040817261
0.4355599880218506
0.6605250239372253
0.4290649890899658
0.6712049841880798
0.42256999015808105
0.6818860173225403
0.4160749912261963
0.6925659775733948
0.4095799922943115
0.703245997428894
0.40308499336242676
0.7139260172843933
0.396589994430542
0.7246059775352478
0.3844909965991974
0.7214630246162415
0.37239301204681396
0.7183200120925903
0.36029499769210815
0.715175986289978
0.34819599986076355
0.7120329737663269
0.33609798550605774
0.7088900208473206
0.32399898767471313
0.7057470083236694
0.3119010031223297
0.7026039958000183
0.2998029887676239
0.6994609832763672
0.2934829890727997
0.6886759996414185
0.28716400265693665
0.6778910160064697
0.2808440029621124
0.6671059727668762
0.274524986743927
0.6563209891319275
0.26820600032806396
0.6455360054969788
0.26188600063323975
0.63475102186203
0.2555670142173767
0.6239659786224365
0.2492469996213913
0.6131809949874878
0.24635399878025055
0.6010209918022156
0.24345999956130981
0.5888599753379822
0.24056699872016907
0.57669997215271
0.23767299950122833
0.5645390152931213
0.23477999866008759
0.5523790121078491
0.23188699781894684
0.5402179956436157
0.2289929986000061
0.5280579924583435
0.22609999775886536
0.5158969759941101
0.2207379937171936
0.5046049952507019
0.21537700295448303
0.4933139979839325
0.21001499891281128
0.4820219874382019
0.20465299487113953
0.4707300066947937
0.19929200410842896
0.4594379961490631
0.1939300000667572
0.4481469988822937
0.18856899440288544
0.4368549883365631
0.18320700526237488
0.4255630075931549
0.19166299700737
0.41635701060295105
0.2001190036535263
0.407151997089386
0.20857499539852142
0.39794600009918213
0.21703100204467773
0.38874000310897827
0.22548800706863403
0.3795349895954132
0.23394399881362915
0.37032899260520935
0.24240000545978546
0.3611229956150055
0.2508560121059418
0.3519180119037628
0.2506510019302368
0.33941900730133057
0.25044700503349304
0.3269209861755371
0.25024300813674927
0.31442299485206604
0.2500379979610443
0.3019239902496338
0.24983400106430054
0.2894259989261627
0.24963000416755676
0.27692800760269165
0.2494249939918518
0.2644290030002594
0.24922099709510803
0.25193101167678833
0.2604460120201111
0.24643099308013916
0.27167099714279175
0.24093200266361237
0.2828960120677948
0.2354319989681244
0.29412201046943665
0.2299319952726364
0.3053469955921173
0.22443300485610962
0.31657201051712036
0.21893300116062164
0.327796995639801
0.21343299746513367
0.3390220105648041
0.20793400704860687
0.351485013961792
0.2069759964942932
0.3639490008354187
0.20601800084114075
0.3764120042324066
0.20506000518798828
0.38887500762939453
0.20410199463367462
0.40133801102638245
0.20314499735832214
0.41380199790000916
0.20218700170516968
0.42626500129699707
0.2012290060520172
0.438728004693985
0.20027099549770355
0.44531598687171936
0.21089400351047516
0.4519050121307373
0.22151599824428558
0.4584929943084717
0.2321390062570572
0.46508198976516724
0.2427619993686676
0.471670001745224
0.2533850073814392
0.47825899720191956
0.26400700211524963
0.4848470091819763
0.27463001012802124
0.4914349913597107
0.28525298833847046
0.5018429756164551
0.2921760082244873
0.5122510194778442
0.29910001158714294
0.5226579904556274
0.3060230016708374
0.5330659747123718
0.31294599175453186
0.5434730052947998
0.3198690116405487
0.5538809895515442
0.32679298520088196
0.5642889738082886
0.3337160050868988
0.5746960043907166
0.34063899517059326
0.5844320058822632
0.3381490111351013
