0.7467650175094604
0.3923049867153168
0.7390660047531128
0.40215298533439636
0.7313669919967651
0.41200000047683716
0.7236679792404175
0.42184799909591675
0.7159690260887146
0.43169599771499634
0.7082700133323669
0.44154301285743713
0.7005720138549805
0.4513910114765167
0.6928730010986328
0.4612390100955963
0.6851739883422852
0.4710859954357147
0.6764140129089355
0.4800029993057251
0.6676539778709412
0.48892098665237427
0.6588940024375916
0.49783799052238464
0.6501349806785583
0.506754994392395
0.6413750052452087
0.5156720280647278
0.6326149702072144
0.524590015411377
0.6238549947738647
0.5335069894790649
0.6150959730148315
0.5424240231513977
0.6062229871749878
0.5512290000915527
0.597350001335144
0.5600339770317078
0.5884770154953003
0.5688380002975464
0.579604983329773
0.5776429772377014
0.5707319974899292
0.5864480137825012
0.5618590116500854
0.5952529907226562
0.5529860258102417
0.6040570139884949
0.5441129803657532
0.6128619909286499
0.5350940227508545
0.62151700258255
0.5260739922523499
0.630171000957489
0.5170549750328064
0.638824999332428
0.5080350041389465
0.6474800109863281
0.4990159869194031
0.6561340093612671
0.489996999502182
0.6647890210151672
0.48097699880599976
0.6734430193901062
0.4719580113887787
0.6820970177650452
0.46393200755119324
0.6916800141334534
0.4559060037136078
0.7012630105018616
0.44787999987602234
0.710847020149231
0.4398539960384369
0.7204300165176392
0.43182799220085144
0.7300130128860474
0.423801988363266
0.7395960092544556
0.41577601432800293
0.7491790056228638
0.4077500104904175
0.758762001991272
0.3968620002269745
0.7649019956588745
0.3859750032424927
0.7710430026054382
0.3750869929790497
0.777184009552002
0.3641990125179291
0.7833240032196045
0.3533119857311249
0.7894650101661682
0.3424240052700043
0.7956060171127319
0.3315359950065613
0.8017460107803345
0.3206480145454407
0.8078870177268982
0.30956700444221497
0.8021020293235779
0.29848599433898926
0.796317994594574
0.28740599751472473
0.7905330061912537
0.276324987411499
0.7847489714622498
0.2652440071105957
0.7789639830589294
0.25416299700737
0.7731789946556091
0.24308200180530548
0.76739501953125
0.23200100660324097
0.7616099715232849
0.23044100403785706
0.7492079734802246
0.22888100147247314
0.7368050217628479
0.22732099890708923
0.7244030237197876
0.22576099634170532
0.7120010256767273
0.2242009937763214
0.699599027633667
0.2226410061120987
0.6871960163116455
0.22108100354671478
0.6747940182685852
0.21952100098133087
0.6623920202255249
0.23194000124931335
0.6638100147247314
0.24435900151729584
0.6652290225028992
0.2567789852619171
0.6666479706764221
0.2691980004310608
0.6680669784545898
0.2816169857978821
0.6694849729537964
0.29403600096702576
0.6709039807319641
0.3064559996128082
0.6723229885101318
0.3188750147819519
0.6737419962882996
