0.7298849821090698
0.23736600577831268
0.7265689969062805
0.2494180053472519
0.72325199842453
0.2614699900150299
0.7199349999427795
0.2735219895839691
0.716618001461029
0.2855739891529083
0.7133010029792786
0.29762598872184753
0.7099850177764893
0.30967798829078674
0.7066680192947388
0.32172998785972595
0.7033510208129883
0.33378198742866516
0.7004309892654419
0.34593600034713745
0.6975110173225403
0.35809001326560974
0.6945909857749939
0.37024399638175964
0.6916720271110535
0.3823989927768707
0.6887519955635071
0.394553005695343
0.6858320236206055
0.4067069888114929
0.6829119920730591
0.4188610017299652
0.6799920201301575
0.4310150146484375
0.6748679876327515
0.4424169957637787
0.6697440147399902
0.4538179934024811
0.6646199822425842
0.46522000432014465
0.6594949960708618
0.47662100195884705
0.6543710231781006
0.48802199959754944
0.6492469906806946
0.499424010515213
0.6441230177879333
0.510824978351593
0.6389979720115662
0.5222269892692566
0.6373819708824158
0.5346220135688782
0.635765016078949
0.547016978263855
0.6341480016708374
0.5594120025634766
0.632532000541687
0.5718070268630981
0.6309149861335754
0.584201991558075
0.6292979717254639
0.5965970158576965
0.6276819705963135
0.6089919805526733
0.6260650157928467
0.6213870048522949
0.6245890259742737
0.6337990164756775
0.6231139898300171
0.6462119817733765
0.6216380000114441
0.658623993396759
0.6201620101928711
0.6710370182991028
0.6186869740486145
0.6834499835968018
0.6172109842300415
0.6958619952201843
0.6157349944114685
0.7082750201225281
0.6142600178718567
0.7206869721412659
0.611624002456665
0.7092049717903137
0.6089879870414734
0.6977220177650452
