0.4049359858036041
0.5869550108909607
0.4047189950942993
0.5994529724121094
0.4045029878616333
0.6119509935379028
0.4042870104312897
0.6244490146636963
0.40407100319862366
0.636946976184845
0.40385499596595764
0.6494449973106384
0.4036389887332916
0.6619439721107483
0.403423011302948
0.6744419932365417
0.4032059907913208
0.6869400143623352
0.4028699994087219
0.6994349956512451
0.40253400802612305
0.7119309902191162
0.4021979868412018
0.7244259715080261
0.4018619954586029
0.736922025680542
0.40152600407600403
0.7494170069694519
0.40119001269340515
0.761913001537323
0.4008539915084839
0.7744079828262329
0.400518000125885
0.786903977394104
0.39990100264549255
0.7993879914283752
0.3992840051651001
0.8118730187416077
0.39866700768470764
0.8243579864501953
0.398050993680954
0.8368430137634277
0.3974339962005615
0.849327027797699
0.39681699872016907
0.8618119955062866
0.3962010145187378
0.874297022819519
0.39558398723602295
0.8867819905281067
0.38520199060440063
0.879647970199585
0.3748199939727783
0.8725150227546692
0.364437997341156
0.8653820157051086
0.3540560007095337
0.8582479953765869
0.3436740040779114
0.8511149883270264
0.33329200744628906
0.8439819812774658
