0.10739199817180634
0.8293870091438293
0.1191440001130104
0.8251270055770874
0.13089600205421448
0.8208670020103455
0.14264699816703796
0.8166059851646423
0.15439899265766144
0.8123459815979004
0.16615000367164612
0.8080859780311584
0.1779019981622696
0.8038259744644165
0.18965399265289307
0.7995659708976746
0.20140500366687775
0.7953050136566162
0.20480799674987793
0.7832769751548767
0.20821000635623932
0.771248996257782
0.2116129994392395
0.7592210173606873
0.2150149941444397
0.7471929788589478
0.2184170037508011
0.735164999961853
0.22181999683380127
0.7231370210647583
0.22522200644016266
0.7111089825630188
0.22862499952316284
0.6990810036659241
0.2237520068883896
0.6875699758529663
0.21887899935245514
0.6760590076446533
0.21400700509548187
0.6645479798316956
0.20913399755954742
0.6530359983444214
0.20426100492477417
0.6415249705314636
0.1993889957666397
0.6300140023231506
0.19451600313186646
0.6185029745101929
0.189643993973732
0.6069920063018799
0.1995919942855835
0.5994229912757874
0.209539994597435
0.5918539762496948
0.2194879949092865
0.5842850208282471
0.229435995221138
0.5767170190811157
0.2393839955329895
0.5691480040550232
0.249331995844841
0.5615789890289307
0.2592799961566925
0.5540099740028381
0.2692280113697052
0.5464410185813904
0.27455100417137146
0.5351309776306152
0.2798739969730377
0.5238209962844849
0.285196989774704
0.5125110149383545
0.29051899909973145
0.5012009739875793
0.2958419919013977
0.489890992641449
0.30116501450538635
0.4785810112953186
0.3064880073070526
0.46727100014686584
0.31181100010871887
0.4559609889984131
0.3032520115375519
0.44685098528862
0.2946940064430237
0.4377399981021881
0.2861349880695343
0.428629994392395
0.2775759994983673
0.41951999068260193
0.2690170109272003
0.41040900349617004
0.2604590058326721
0.40129899978637695
0.25189998745918274
0.39218899607658386
0.24334099888801575
0.383078008890152
0.24384300410747528
0.3705889880657196
0.24434499442577362
0.3580990135669708
0.24484699964523315
0.34560900926589966
0.2453490048646927
0.3331190049648285
0.24585099518299103
0.3206290006637573
0.24635300040245056
0.30813899636268616
0.2468540072441101
0.295648992061615
0.24735599756240845
0.2831589877605438
0.25736498832702637
0.27566999197006226
0.2673729956150055
0.26818200945854187
0.2773819863796234
0.2606930136680603
0.28738999366760254
0.25320398807525635
0.29739800095558167
0.24571500718593597
0.3074069917201996
0.2382259964942932
0.3174149990081787
0.23073799908161163
0.32742398977279663
0.22324900329113007
0.32819798588752747
0.21077300608158112
0.3289720118045807
0.19829699397087097
0.3297460079193115
0.18582099676132202
0.33052000403404236
0.17334499955177307
0.3312940001487732
0.16086900234222412
0.33206799626350403
0.14839300513267517
0.33284199237823486
0.13591699302196503
0.3336159884929657
0.12344100326299667
0.3344390094280243
0.112574003636837
0.3352630138397217
0.10170699656009674
0.3360860049724579
0.09084069728851318
