0.33968400955200195
0.08186809718608856
0.32783201336860657
0.08584149926900864
0.31598100066185
0.08981499820947647
0.3041290044784546
0.09378840029239655
0.2922770082950592
0.09776180237531662
0.2804259955883026
0.10173500329256058
0.2685739994049072
0.1057090014219284
0.25672200322151184
0.10968200117349625
0.24487100541591644
0.11365599930286407
0.23969100415706635
0.1250319927930832
0.23451200127601624
0.1364089995622635
0.22933299839496613
0.1477849930524826
0.22415399551391602
0.1591619998216629
0.21897399425506592
0.17053799331188202
0.213795006275177
0.18191500008106232
0.2086160033941269
0.19329099357128143
0.20343700051307678
0.20466800034046173
0.21471300721168518
0.19927500188350677
0.22598999738693237
0.19388200342655182
0.23726700246334076
0.18848900496959686
0.24854399263858795
0.1830960065126419
0.25982099771499634
0.17770299315452576
0.27109700441360474
0.1723099946975708
0.28237399458885193
0.16691699624061584
0.2936510145664215
0.1615239977836609
0.2949100136756897
0.17396000027656555
0.2961699962615967
0.1863970011472702
0.29742899537086487
0.19883300364017487
0.29868799448013306
0.21127000451087952
0.29994699358940125
0.22370600700378418
0.3012070059776306
0.23614199459552765
0.3024660050868988
0.2485789954662323
0.303725004196167
0.26101499795913696
0.31130900979042053
0.2709519863128662
0.31889399886131287
0.28088799118995667
0.3264780044555664
0.2908239960670471
0.33406201004981995
0.3007600009441376
0.3416459858417511
0.3106969892978668
0.34922999143600464
0.3206329941749573
0.35681501030921936
0.33056899905204773
0.3643989861011505
0.340505987405777
0.3719800114631653
0.3504439890384674
0.37956100702285767
0.360383003950119
0.38714200258255005
0.37032198905944824
0.39472299814224243
0.38026100397109985
0.4023039937019348
0.3901990056037903
0.4098849892616272
0.4001379907131195
0.41746601462364197
0.4100770056247711
0.42504701018333435
0.42001599073410034
0.4343940019607544
0.42231500148773193
