0.056178901344537735
0.11262000352144241
0.06510999798774719
0.1213650032877922
0.07404109835624695
0.1301109939813614
0.08297230303287506
0.13885599374771118
0.09190340340137482
0.14760200679302216
0.10083500295877457
0.15634700655937195
0.10976599901914597
0.16509300470352173
0.11869700253009796
0.1738390028476715
0.12762799859046936
0.1825840026140213
0.13949500024318695
0.18650999665260315
0.15136300027370453
0.19043700397014618
0.16323000192642212
0.19436299800872803
0.1750970035791397
0.19829000532627106
0.1869650036096573
0.2022159993648529
0.19883200526237488
0.20614199340343475
0.21069900691509247
0.21006900072097778
0.22256700694561005
0.21399499475955963
0.2185869961977005
0.22584499418735504
0.21460799872875214
0.23769399523735046
0.21062900125980377
0.24954399466514587
0.20664900541305542
0.2613939940929413
0.20266999304294586
0.2732430100440979
0.1986909955739975
0.2850930094718933
0.19471099972724915
0.2969430088996887
0.19073200225830078
0.30879199504852295
0.18795199692249298
0.3209800124168396
0.18517300486564636
0.3331669867038727
0.18239299952983856
0.34535399079322815
0.17961399257183075
0.3575409948825836
0.17683400213718414
0.3697279989719391
0.17405499517917633
0.38191500306129456
0.17127500474452972
0.39410200715065
0.1684959977865219
0.4062890112400055
0.17102999985218048
0.4185290038585663
0.17356400191783905
0.43077000975608826
0.17609800398349762
0.44301000237464905
0.1786320060491562
0.455251008272171
0.18116599321365356
0.4674910008907318
0.18369999527931213
0.4797309935092926
0.1862349957227707
0.4919719994068146
0.18876899778842926
0.5042120218276978
0.18139900267124176
0.5143089890480042
0.17402899265289307
0.5244050025939941
0.16665899753570557
0.5345010161399841
0.15928900241851807
0.5445970296859741
0.15192000567913055
0.5546939969062805
0.14454999566078186
0.5647900104522705
0.13718000054359436
0.5748860239982605
0.12981000542640686
0.5849829912185669
0.13826300203800201
0.5941920280456543
0.14671500027179718
0.6034010052680969
0.15516799688339233
0.6126090288162231
0.1636199951171875
0.6218180060386658
0.17207300662994385
0.6310269832611084
0.180525004863739
0.6402360200881958
0.18897800147533417
0.6494449973106384
0.19742999970912933
0.658653974533081
0.20979100465774536
0.6605129837989807
0.2221519947052002
0.6623719930648804
0.23451299965381622
0.66423100233078
0.24687400460243225
0.6660900115966797
0.2592349946498871
0.6679490208625793
0.2715960144996643
0.6698079705238342
0.28395700454711914
0.6716669797897339
0.296317994594574
0.6735270023345947
0.3076789975166321
0.6787390112876892
0.3190400004386902
0.6839519739151001
0.3304019868373871
0.6891649961471558
0.3417629897594452
0.6943780183792114
0.3531239926815033
0.6995909810066223
0.3644849956035614
0.704804003238678
0.3758459985256195
0.7100170254707336
0.3872070014476776
0.7152299880981445
0.3996630012989044
0.71418297290802
0.4121200144290924
0.7131360173225403
0.4245760142803192
0.712090015411377
0.437032014131546
0.7110430002212524
0.4494880139827728
0.7099969983100891
0.46194401383399963
0.7089499831199646
0.47440001368522644
0.7079030275344849
0.48685601353645325
0.7068570256233215
0.4968259930610657
0.7060189843177795
