0.7534270286560059
0.0986647978425026
0.7531830072402954
0.11116199940443039
0.7529399991035461
0.12365999817848206
0.7526969909667969
0.13615800440311432
0.7524530291557312
0.1486549973487854
0.7522100210189819
0.16115300357341766
0.7519659996032715
0.17365099489688873
0.7517229914665222
0.186148002743721
0.751479983329773
0.19864599406719208
0.7513989806175232
0.21114599704742432
0.7513189911842346
0.22364500164985657
0.751239001750946
0.2361450046300888
0.7511590123176575
0.24864499270915985
0.7510790228843689
0.2611449956893921
0.7509980201721191
0.27364400029182434
0.7509179711341858
0.2861439883708954
0.7508379817008972
0.2986440062522888
0.7502220273017883
0.31112900376319885
0.7496070265769958
0.3236129879951477
0.7489910125732422
0.33609798550605774
0.7483749985694885
0.34858301281929016
0.747759997844696
0.3610680103302002
0.7471439838409424
0.37355300784111023
0.7465280294418335
0.38603800535202026
0.745913028717041
0.3985219895839691
0.7497469782829285
0.4104200005531311
0.7535799741744995
0.4223180115222931
0.7574139833450317
0.4342150092124939
0.761247992515564
0.4461129903793335
0.765080988407135
0.4580099880695343
0.7689149975776672
0.4699079990386963
0.7727490067481995
0.4818060100078583
0.7765830159187317
0.4937030076980591
0.78022700548172
0.5056599974632263
0.7838720083236694
0.5176169872283936
0.7875159978866577
0.5295739769935608
0.7911610007286072
0.5415310263633728
0.7948060035705566
0.55348801612854
0.7984499931335449
0.5654439926147461
0.8020949959754944
0.5774009823799133
0.8057389855384827
0.5893579721450806
0.8061680197715759
0.6018509864807129
0.8065980076789856
0.614342987537384
0.8070269823074341
0.6268360018730164
0.8074560165405273
0.6393290162086487
0.8078849911689758
0.6518210172653198
0.8083140254020691
0.6643139719963074
0.8087430000305176
0.6768069863319397
0.8091719746589661
0.6892989873886108
0.8118469715118408
0.7015100121498108
0.8145210146903992
0.7137200236320496
0.8171960115432739
0.7259309887886047
0.8198699951171875
0.7381410002708435
0.8225439786911011
0.7503520250320435
0.8252189755439758
0.7625629901885986
0.8278930187225342
0.7747730016708374
0.8305680155754089
0.7869840264320374
0.8433240056037903
0.7919039726257324
0.8560810089111328
0.7968239784240723
0.8688380122184753
0.8017439842224121
0.8815950155258179
0.806663990020752
0.8943520188331604
0.8115839958190918
0.9071080088615417
0.8165040016174316
