0.21351400017738342
0.22754499316215515
0.22565500438213348
0.23051899671554565
0.23779599368572235
0.23349300026893616
0.2499369978904724
0.23646700382232666
0.2620779871940613
0.23944100737571716
0.27421900629997253
0.24241499602794647
0.2863599956035614
0.24538899958133698
0.29850101470947266
0.24836300313472748
0.3106420040130615
0.25133800506591797
0.31175100803375244
0.2388869971036911
0.31286001205444336
0.22643600404262543
0.3139689862728119
0.21398499608039856
0.3150779902935028
0.20153500139713287
0.3161869943141937
0.189083993434906
0.31729599833488464
0.17663300037384033
0.3184039890766144
0.16418300569057465
0.3195129930973053
0.15173199772834778
0.3297779858112335
0.14459900557994843
0.34004300832748413
0.13746599853038788
0.35030800104141235
0.13033300638198853
0.3605729937553406
0.12319900095462799
0.3708379864692688
0.11606600135564804
0.3811030089855194
0.10893300175666809
0.39136800169944763
0.10180000215768814
0.40163299441337585
0.09466709941625595
0.4094589948654175
0.10441400110721588
0.4172840118408203
0.11416199803352356
0.42511001229286194
0.12390899658203125
0.4329349994659424
0.13365599513053894
0.440760999917984
0.1434040069580078
0.44858598709106445
0.1531510055065155
0.4564119875431061
0.16289900243282318
0.4642370045185089
0.17264600098133087
0.47331300377845764
0.1812410056591034
0.48238900303840637
0.18983599543571472
0.4914650022983551
0.19843100011348724
0.5005409717559814
0.20702600479125977
0.5096169710159302
0.2156209945678711
0.5186929702758789
0.22421599924564362
0.5277699828147888
0.23281200230121613
0.5368459820747375
0.24140700697898865
0.5463029742240906
0.2495809942483902
0.5557600259780884
0.25775501132011414
0.5652160048484802
0.2659290134906769
0.5746729969978333
0.27410298585891724
0.5841299891471863
0.28227698802948
0.5935869812965393
0.2904509902000427
0.6030439734458923
0.29862499237060547
0.6125010251998901
0.3067989945411682
0.6228039860725403
0.31387799978256226
0.633105993270874
0.3209570050239563
0.643409013748169
0.32803499698638916
0.6537119746208191
0.3351140022277832
0.6640139818191528
0.34219300746917725
0.6743170022964478
0.3492709994316101
0.6846190094947815
0.35635000467300415
0.6949219703674316
0.3634290099143982
0.7054749727249146
0.37012800574302673
0.7160279750823975
0.3768270015716553
0.7265809774398804
0.3835259974002838
0.7371349930763245
0.39022499322891235
0.7476879954338074
0.3969239890575409
0.7582409977912903
0.4036239981651306
0.7687950134277344
0.41032299399375916
0.7793480157852173
0.4170219898223877
0.7913900017738342
0.4203749895095825
0.8034319877624512
0.42372798919677734
0.8154730200767517
0.42708098888397217
0.8275150060653687
0.430433988571167
0.8395569920539856
0.433788001537323
0.8515989780426025
0.4371410012245178
0.8636410236358643
0.44049400091171265
0.8756830096244812
0.44384700059890747
0.8766059875488281
0.4575749933719635
0.8775290250778198
0.47130298614501953
0.8784520030021667
0.48502999544143677
0.8793749809265137
0.4987579882144928
0.8802980184555054
0.5124859809875488
0.8812209963798523
0.5262140035629272
