0.8003860116004944
0.8252819776535034
0.7878869771957397
0.8253840208053589
0.7753869891166687
0.8254870176315308
0.7628880143165588
0.8255900144577026
0.7503880262374878
0.8256919980049133
0.737887978553772
0.8257949948310852
0.7253890037536621
0.8258979916572571
0.7128890156745911
0.826000988483429
0.7003899812698364
0.8261029720306396
0.6878899931907654
0.8260800242424011
0.6753900051116943
0.8260570168495178
0.6628900170326233
0.8260340094566345
0.6503900289535522
0.82600998878479
0.6378899812698364
0.8259869813919067
0.6253899931907654
0.8259639739990234
0.6128900051116943
0.8259400129318237
0.6003900170326233
0.8259170055389404
0.5907480120658875
0.8179619908332825
0.5811060070991516
0.8100069761276245
0.5714640021324158
0.8020520210266113
0.5618219971656799
0.7940980195999146
0.5521799921989441
0.7861430048942566
0.5425369739532471
0.7781879901885986
0.532895028591156
0.7702329754829407
0.5232530236244202
0.7622780203819275
0.5115399956703186
0.7666429877281189
0.49982699751853943
0.7710080146789551
0.48811399936676025
0.7753739953041077
0.4764010012149811
0.7797390222549438
0.4646880030632019
0.7841039896011353
0.45297500491142273
0.7884690165519714
0.44126200675964355
0.7928339838981628
0.4295490086078644
0.7972000241279602
0.41705599427223206
0.7967910170555115
0.4045630097389221
0.7963820099830627
0.392069011926651
0.795973002910614
0.3795759975910187
0.7955639958381653
0.36708301305770874
0.7951560020446777
0.35458898544311523
0.794746994972229
0.3420960009098053
0.7943379878997803
0.329602986574173
0.7939289808273315
0.32264599204063416
0.7835440039634705
0.3156900107860565
0.7731580138206482
0.3087329864501953
0.7627729773521423
0.3017770051956177
0.7523869872093201
0.29482099413871765
0.742002010345459
0.28786399960517883
0.7316160202026367
0.2809079885482788
0.7212309837341309
0.27395099401474
0.7108449935913086
0.2871670126914978
0.7157080173492432
0.3003830015659332
0.720570981502533
0.31359899044036865
0.7254340052604675
