0.4589270055294037
0.15395499765872955
0.45462799072265625
0.165692999958992
0.4503290057182312
0.17743000388145447
0.44602900743484497
0.18916800618171692
0.44172999262809753
0.2009049952030182
0.4374310076236725
0.21264199912548065
0.43313199281692505
0.2243800014257431
0.4288330078125
0.23611700534820557
0.42453300952911377
0.24785499274730682
0.4204770028591156
0.2596780061721802
0.41642099618911743
0.27150198817253113
0.41236498951911926
0.2833249866962433
0.4083079993724823
0.2951489984989166
0.40425199270248413
0.30697301030158997
0.40019598603248596
0.3187960088253021
0.3961400091648102
0.3306199908256531
0.39208298921585083
0.34244298934936523
0.3808850049972534
0.33689001202583313
0.3696860074996948
0.33133700489997864
0.35848701000213623
0.32578301429748535
0.34728899598121643
0.32023000717163086
0.33608999848365784
0.31467700004577637
0.32489100098609924
0.3091239929199219
0.31369200348854065
0.3035700023174286
0.30249398946762085
0.2980169951915741
0.2906219959259033
0.3019300103187561
0.2787500023841858
0.3058440089225769
0.26687899231910706
0.3097569942474365
0.2550069987773895
0.31367000937461853
0.243135005235672
0.31758299469947815
0.23126399517059326
0.32149600982666016
0.21939200162887573
0.32541000843048096
0.207519993185997
0.3293229937553406
0.2056719958782196
0.31696000695228577
0.2038230001926422
0.30459800362586975
0.2019750028848648
0.29223498702049255
0.20012600719928741
0.2798730134963989
0.19827799499034882
0.26750999689102173
0.19642899930477142
0.2551470100879669
0.19458100199699402
0.2427850067615509
0.1927330046892166
0.2304220050573349
0.19096499681472778
0.21859900653362274
0.18919700384140015
0.2067759931087494
0.18742899596691132
0.19495299458503723
0.18566100299358368
0.18312899768352509
