0.4686810076236725
0.5527529716491699
0.4619610011577606
0.5632929801940918
0.45524099469184875
0.5738329887390137
0.4485209882259369
0.5843729972839355
0.4418010115623474
0.5949130058288574
0.43508100509643555
0.6054530143737793
0.4283609986305237
0.6159930229187012
0.4216409921646118
0.6265329718589783
0.41492199897766113
0.6370729804039001
0.411734014749527
0.6491600275039673
0.4085470139980316
0.6612470149993896
0.40536001324653625
0.673334002494812
0.4021719992160797
0.6854209899902344
0.39898499846458435
0.6975070238113403
0.395797997713089
0.7095940113067627
0.39261001348495483
0.7216809988021851
0.3894230127334595
0.7337679862976074
0.37788501381874084
0.7385759949684143
0.36634698510169983
0.7433840036392212
0.3548080027103424
0.7481930255889893
0.3432700037956238
0.7530009746551514
0.33173200488090515
0.7578089833259583
0.3201940059661865
0.7626180052757263
0.3086560070514679
0.7674260139465332
0.2971169948577881
0.7722340226173401
0.28686800599098206
0.7650780081748962
0.2766200006008148
0.7579219937324524
0.2663710117340088
0.7507659792900085
0.25612199306488037
0.7436100244522095
0.24587300419807434
0.7364529967308044
0.23562400043010712
0.7292969822883606
0.2253749966621399
0.7221410274505615
0.21512599289417267
0.7149850130081177
0.20328299701213837
0.7189819812774658
0.19143900275230408
0.7229790091514587
0.1795949935913086
0.7269759774208069
0.1677519977092743
0.730974018573761
0.15590800344944
0.7349709868431091
0.14406399428844452
0.738968014717102
0.13222099840641022
0.7429649829864502
0.12037699669599533
0.7469620108604431
0.11441300064325333
0.7359769940376282
0.10844899713993073
0.7249919772148132
0.10248400270938873
0.7140060067176819
0.09651999920606613
0.7030209898948669
0.09055580198764801
0.692035973072052
0.08459150046110153
0.6810500025749207
0.07862730324268341
0.6700649857521057
0.07266300171613693
0.6590800285339355
0.07625970244407654
0.6471080183982849
0.07985640317201614
0.6351370215415955
0.08345299959182739
0.6231650114059448
0.087049700319767
0.6111940145492554
0.0906464010477066
0.5992230176925659
0.09424310177564621
0.5872510075569153
0.09783980250358582
0.5752800107002258
0.10143599659204483
0.5633090138435364
0.10037299990653992
0.5508540272712708
0.09930989891290665
0.5383989810943604
0.09824659675359726
0.5259450078010559
0.09718330204486847
0.5134900212287903
0.09611999988555908
0.5010349750518799
0.0950566977262497
0.48857998847961426
0.09399349987506866
0.4761259853839874
0.09293019771575928
0.4636709988117218
0.1049790009856224
0.4603419899940491
0.11702799797058105
0.4570139944553375
0.1290760040283203
0.4536849856376648
0.14112499356269836
0.45035699009895325
0.1531739979982376
0.4470280110836029
0.16522200405597687
0.44369998574256897
0.17727099359035492
0.44037100672721863
0.18931999802589417
0.4370430111885071
0.20007599890232086
0.4306749999523163
0.21083299815654755
0.42430800199508667
0.22158999741077423
0.4179399907588959
0.23234599828720093
0.41157299280166626
0.2431029975414276
0.40520599484443665
0.2538599967956543
0.39883801341056824
0.2646160125732422
0.39247098565101624
0.27537301182746887
0.3861030042171478
0.2852709889411926
0.37846899032592773
0.29516899585723877
0.37083500623703003
0.30506598949432373
0.36320000886917114
0.3149639964103699
0.35556599497795105
0.324862003326416
0.34793201088905334
0.33476001024246216
0.34029701352119446
0.3446579873561859
0.33266299962997437
0.35455599427223206
0.3250289857387543
0.36585700511932373
0.31968700885772705
0.377157986164093
0.31434500217437744
0.3884589970111847
0.30900299549102783
0.39976000785827637
0.3036609888076782
0.41106098890304565
0.298319011926651
0.42236199975013733
0.2929770052433014
0.433663010597229
0.2876349985599518
0.4449639916419983
0.2822929918766022
0.4562860131263733
0.28758999705314636
0.4676089882850647
0.29288700222969055
0.4789310097694397
0.29818400740623474
0.4902530014514923
0.30347999930381775
0.5015760064125061
0.30877700448036194
0.5128980278968811
0.31407400965690613
0.5242199897766113
0.3193710148334503
0.5355420112609863
0.3246670067310333
0.5435320138931274
0.33428099751472473
0.5515220165252686
0.34389400482177734
0.5595120191574097
0.35350701212882996
0.5675010085105896
0.3631199896335602
0.5754910111427307
0.372734010219574
0.5834810137748718
0.3823469877243042
0.5914700031280518
0.3919599950313568
0.5994600057601929
0.4015739858150482
0.6073489785194397
0.41126900911331177
0.6152390241622925
0.4209649860858917
0.6231279969215393
0.43066099286079407
0.6310170292854309
0.4403569996356964
0.6389070153236389
0.45005300641059875
0.6467959880828857
0.4597479999065399
0.6546850204467773
0.46944400668144226
0.6625750064849854
0.4791400134563446
0.6492000222206116
0.48159098625183105
0.635824978351593
0.4840419888496399
0.6224510073661804
0.48649200797080994
