0.04820850118994713
0.05045679956674576
0.049144499003887177
0.06292170286178589
0.05008060112595558
0.07538659870624542
0.05101659893989563
0.08785150200128555
0.051952701061964035
0.10031600296497345
0.05288869887590408
0.11278100311756134
0.05382470041513443
0.12524600327014923
0.05476079881191254
0.13771100342273712
0.05569680035114288
0.150176003575325
0.0666164979338646
0.15625999867916107
0.0775362029671669
0.16234299540519714
0.08845590054988861
0.1684270054101944
0.09937570244073868
0.17451000213623047
0.11029499769210815
0.18059399724006653
0.12121500074863434
0.1866769939661026
0.13213500380516052
0.19276100397109985
0.1430550068616867
0.1988449990749359
0.15252900123596191
0.20699800550937653
0.1620039939880371
0.21515199542045593
0.1714790016412735
0.22330500185489655
0.1809529960155487
0.23145900666713715
0.1904280036687851
0.23961199820041656
0.1999029964208603
0.24776600301265717
0.2093770056962967
0.2559190094470978
0.2188519984483719
0.2640730142593384
0.21240800619125366
0.27478399872779846
0.20596399903297424
0.28549399971961975
0.19951899349689484
0.2962050139904022
0.1930750012397766
0.3069159984588623
0.1866309940814972
0.3176270127296448
0.18018600344657898
0.32833799719810486
0.17374199628829956
0.33904799818992615
0.16729800403118134
0.3497590124607086
0.16401399672031403
0.3618200123310089
0.1607300043106079
0.3738810122013092
0.1574449986219406
0.3859420120716095
0.1541610062122345
0.3980030119419098
0.1508769989013672
0.4100629985332489
0.14759300649166107
0.4221239984035492
0.14430899918079376
0.4341849982738495
0.14102500677108765
0.4462459981441498
0.14307700097560883
0.4585759937763214
0.14512899518013
0.4709070026874542
0.14718100428581238
0.48323699831962585
0.14923299849033356
0.49556800723075867
0.15128499269485474
0.5078979730606079
0.1533370018005371
0.5202289819717407
0.1553889960050583
0.5325589776039124
0.15744100511074066
0.544888973236084
0.16714100539684296
0.5527740120887756
0.17684000730514526
0.5606579780578613
0.18653999269008636
0.568543016910553
0.19623999297618866
0.5764279961585999
0.20593999326229095
0.5843120217323303
0.21563899517059326
0.5921970009803772
0.22533899545669556
0.6000810265541077
0.23503899574279785
0.6079660058021545
0.24115300178527832
0.6129360198974609
