0.6356639862060547
0.3984929919242859
0.6294770240783691
0.4093550145626068
0.623291015625
0.42021599411964417
0.6171039938926697
0.4310779869556427
0.6109169721603394
0.4419400095939636
0.604731023311615
0.452800989151001
0.5985440015792847
0.4636630117893219
0.5923569798469543
0.47452500462532043
0.5861709713935852
0.4853860139846802
0.5803800225257874
0.4964640140533447
0.5745880007743835
0.5075410008430481
0.5687969923019409
0.5186190009117126
0.5630059838294983
0.529695987701416
0.5572149753570557
0.5407739877700806
0.5514230132102966
0.5518509745597839
0.545632004737854
0.5629289746284485
0.5398409962654114
0.5740060210227966
0.5339459776878357
0.5850290060043335
0.5280519723892212
0.5960519909858704
0.5221570134162903
0.6070749759674072
0.5162619948387146
0.6180980205535889
0.5103679895401001
0.6291210055351257
0.5044729709625244
0.6401439905166626
0.4985789954662323
0.6511669754981995
0.492684006690979
0.6621890068054199
0.48774999380111694
0.6736739873886108
0.48281601071357727
0.6851590275764465
0.4778819978237152
0.6966440081596375
0.47294801473617554
0.7081289887428284
0.4680140018463135
0.7196140289306641
0.4630799889564514
0.731099009513855
0.45814600586891174
0.7425839900970459
0.4532119929790497
0.7540689706802368
0.44648200273513794
0.7646030187606812
0.4397520124912262
0.7751370072364807
0.43302199244499207
0.7856699824333191
0.4262920022010803
0.7962039709091187
0.4195620119571686
0.806738018989563
0.41283199191093445
0.8172709941864014
0.4061020016670227
0.8278049826622009
0.39937201142311096
0.8383380174636841
0.3890799880027771
0.8312439918518066
0.3787879943847656
0.824150025844574
0.36849600076675415
0.8170560002326965
0.35820499062538147
0.8099610209465027
0.34791299700737
0.8028669953346252
0.3376210033893585
0.7957730293273926
0.32732900977134705
0.788677990436554
0.31703799962997437
0.7815840244293213
0.3083589971065521
0.7725880146026611
0.2996799945831299
0.7635909914970398
0.2910020053386688
0.7545949816703796
0.2823230028152466
0.7455989718437195
0.2736450135707855
0.7366030216217041
0.2649660110473633
0.7276059985160828
0.25628799200057983
0.7186099886894226
0.2476090043783188
0.7096139788627625
0.2379480004310608
0.7016819715499878
0.2282869964838028
0.6937509775161743
0.218626007437706
0.6858189702033997
0.208964005112648
0.6778870224952698
0.19930300116539001
0.6699550151824951
0.18964199721813202
0.6620240211486816
0.17998099327087402
0.654092013835907
0.17032000422477722
0.6461600065231323
0.15877099335193634
0.6413779854774475
0.14722199738025665
0.6365950107574463
0.13567300140857697
0.6318119764328003
0.12412399798631668
0.6270300149917603
0.112575002014637
0.6222469806671143
0.10102599859237671
0.6174650192260742
0.08947759866714478
0.6126819849014282
0.07792869955301285
0.607899010181427
