0.3385330140590668
0.47981199622154236
0.32806599140167236
0.47297900915145874
0.31759798526763916
0.4661470055580139
0.30713000893592834
0.4593150019645691
0.29666298627853394
0.45248299837112427
0.2861950099468231
0.44565001130104065
0.2757279872894287
0.4388180077075958
0.2652600109577179
0.431986004114151
0.2547929883003235
0.425152987241745
0.26609599590301514
0.4198159873485565
0.2773990035057068
0.41447898745536804
0.28870299458503723
0.40914198756217957
0.3000060021877289
0.4038049876689911
0.31130900979042053
0.3984679877758026
0.3226119875907898
0.39313098788261414
0.3339160084724426
0.38779398798942566
0.3452189862728119
0.3824560046195984
0.34930598735809326
0.3706440031528473
0.3533940017223358
0.358830988407135
0.3574810028076172
0.3470180034637451
0.36156800389289856
0.33520498871803284
0.3656559884548187
0.32339200377464294
0.3697429895401001
0.31157898902893066
0.37382999062538147
0.29976600408554077
0.37791699171066284
0.2879529893398285
0.3829079866409302
0.27649301290512085
0.3878990113735199
0.2650330066680908
0.39289000630378723
0.2535719871520996
0.39788100123405457
0.24211199581623077
0.4028719961643219
0.23065100610256195
0.40786299109458923
0.21919099986553192
0.41285398602485657
0.2077309936285019
0.4178450107574463
0.19627000391483307
0.42605099081993103
0.20569999516010284
0.43425700068473816
0.21512900292873383
0.4424630105495453
0.2245579957962036
0.45066899061203003
0.23398800194263458
0.45887500047683716
0.24341699481010437
0.4670810103416443
0.25284600257873535
0.47528699040412903
0.26227501034736633
0.48349300026893616
0.2717050015926361
0.4924289882183075
0.2625199854373932
0.50136399269104
0.2533339858055115
0.5102999806404114
0.24414899945259094
0.5192350149154663
0.23496399819850922
0.5281710028648376
0.2257789969444275
0.537106990814209
0.21659399569034576
