0.809594988822937
0.12394899874925613
0.8021600246429443
0.13399800658226013
0.7947250008583069
0.14404599368572235
0.7872899770736694
0.15409499406814575
0.7798550128936768
0.16414299607276917
0.7724199891090393
0.17419199645519257
0.7649850249290466
0.18423999845981598
0.7575510144233704
0.19428899884223938
0.7501159906387329
0.2043370008468628
0.7450330257415771
0.21575699746608734
0.7399510145187378
0.22717800736427307
0.7348690032958984
0.23859800398349762
0.7297859787940979
0.25001800060272217
0.7247040271759033
0.2614380121231079
0.719622015953064
0.27285799384117126
0.7145389914512634
0.284278005361557
0.7094569802284241
0.29569900035858154
0.7010890245437622
0.3049840033054352
0.6927199959754944
0.3142690062522888
0.6843519806861877
0.32355499267578125
0.6759830117225647
0.3328399956226349
0.6676149964332581
0.3421260118484497
0.659246027469635
0.35141101479530334
0.6508780121803284
0.3606959879398346
0.6425089836120605
0.3699820041656494
0.6359019875526428
0.3805930018424988
0.6292949914932251
0.39120399951934814
0.6226879954338074
0.4018149971961975
0.6160809993743896
0.4124259948730469
0.6094729900360107
0.42303699254989624
0.602865993976593
0.4336479902267456
0.5962589979171753
0.44425898790359497
0.5896520018577576
0.45486998558044434
0.5848209857940674
0.46639901399612427
0.579990029335022
0.4779280126094818
0.5751590132713318
0.48945701122283936
0.5703279972076416
0.5009850263595581
0.5654969811439514
0.5125139951705933
0.560666024684906
0.5240430235862732
0.5558350086212158
0.5355709791183472
0.5510029792785645
0.5471000075340271
0.5439280271530151
0.5574049949645996
0.536853015422821
0.5677099823951721
0.529778003692627
0.5780150294303894
0.5227029919624329
0.5883200168609619
0.5156270265579224
0.5986250042915344
0.5085520148277283
0.6089299917221069
0.5014770030975342
0.619234025478363
0.4944019913673401
0.6295390129089355
0.4917770028114319
0.6417610049247742
0.4891529977321625
0.6539819836616516
0.4865280091762543
0.6662039756774902
0.48390400409698486
0.6784250140190125
0.4812789857387543
0.6906459927558899
0.47865399718284607
0.7028679847717285
0.47602999210357666
0.7150890231132507
0.47340500354766846
0.7273100018501282
0.4612109959125519
0.7247599959373474
