0.5311930179595947
0.12408699840307236
0.5406370162963867
0.13227500021457672
0.5500820279121399
0.14046399295330048
0.5595260262489319
0.14865200221538544
0.5689709782600403
0.1568399965763092
0.5784159898757935
0.16502900421619415
0.5878599882125854
0.17321699857711792
0.5973049998283386
0.1814049929380417
0.6067489981651306
0.18959400057792664
0.6190469861030579
0.19183200597763062
0.6313449740409851
0.1940709948539734
0.6436430215835571
0.19630999863147736
0.6559410095214844
0.19854800403118134
0.6682389974594116
0.2007869929075241
0.6805369853973389
0.20302599668502808
0.6928349733352661
0.20526500046253204
0.7051330208778381
0.20750300586223602
0.7165409922599792
0.21261200308799744
0.7279490232467651
0.21772000193595886
0.7393580079078674
0.22282899916172028
0.7507659792900085
0.2279379963874817
0.7621750235557556
0.23304599523544312
0.7735829949378967
0.23815500736236572
0.784991979598999
0.24326300621032715
0.7964000105857849
0.24837200343608856
0.8065569996833801
0.24108700454235077
0.8167150020599365
0.233801007270813
0.8268719911575317
0.226515993475914
0.8370299935340881
0.2192309945821762
0.8471869826316833
0.21194599568843842
0.8573449850082397
0.20465999841690063
0.867501974105835
0.19737499952316284
0.8776599764823914
0.19009000062942505
0.8842729926109314
0.17948199808597565
0.8908849954605103
0.16887399554252625
0.8974980115890503
0.15826700627803802
0.9041110277175903
0.14765900373458862
0.9107229709625244
0.1370519995689392
0.9173359870910645
0.1264439970254898
0.9239490032196045
0.115836001932621
0.9305620193481445
0.10522899776697159
0.9293760061264038
0.09289810061454773
0.9281899929046631
0.08056759834289551
0.9270039796829224
0.06823720037937164
0.9258180260658264
0.05590670183300972
