0.3359149992465973
0.7209110260009766
0.32406800985336304
0.724901020526886
0.3122220039367676
0.7288910150527954
0.3003759980201721
0.7328810095787048
0.28852999210357666
0.7368720173835754
0.2766839861869812
0.7408620119094849
0.26483801007270813
0.7448520064353943
0.25299200415611267
0.7488420009613037
0.2411459982395172
0.7528319954872131
0.23344799876213074
0.7429839968681335
0.22574900090694427
0.733135998249054
0.2180510014295578
0.7232879996299744
0.21035200357437134
0.7134400010108948
0.20265400409698486
0.7035920023918152
0.1949550062417984
0.6937440037727356
0.18725700676441193
0.683896005153656
0.17955799400806427
0.6740480065345764
0.18707600235939026
0.6640620231628418
0.19459399580955505
0.654075026512146
0.20211200416088104
0.6440889835357666
0.20963099598884583
0.634103000164032
0.21714900434017181
0.6241160035133362
0.2246669977903366
0.6141300201416016
0.2321850061416626
0.6041430234909058
0.2397029995918274
0.5941569805145264
0.24433599412441254
0.5825470089912415
0.24896900355815887
0.570937991142273
0.253601998090744
0.559328019618988
0.25823500752449036
0.5477179884910583
0.2628679871559143
0.5361080169677734
0.26750099658966064
0.5244989991188049
0.272134006023407
0.51288902759552
0.27676698565483093
0.5012789964675903
0.2861480116844177
0.4930190145969391
0.2955299913883209
0.4847579896450043
0.3049109876155853
0.476498007774353
0.3142929971218109
0.4682370126247406
0.3236750066280365
0.45997700095176697
0.3330560028553009
0.45171600580215454
0.3424380123615265
0.4434550106525421
0.3518190085887909
0.4351949989795685
0.34958699345588684
0.42289599776268005
0.3473550081253052
0.4105969965457916
0.3451229929924011
0.3982970118522644
0.34289100766181946
0.385998010635376
0.3406589925289154
0.37369900941848755
0.33842700719833374
0.3614000082015991
0.3361949920654297
0.3491010069847107
0.333963006734848
0.33680200576782227
0.33742401003837585
0.3247910141944885
0.3408850133419037
0.3127790093421936
0.3443470001220703
0.3007679879665375
0.34780800342559814
0.28875699639320374
0.351269006729126
0.27674600481987
0.3547300100326538
0.2647339999675751
0.35819101333618164
0.25272300839424133
0.3616519868373871
0.2407120019197464
0.35603299736976624
0.22954599559307098
0.3504140079021454
0.21838000416755676
0.34479400515556335
0.20721499621868134
0.3391749858856201
0.19604900479316711
0.33355599641799927
0.1848829984664917
0.32793599367141724
0.17371800541877747
0.3223170042037964
0.16255199909210205
0.31669700145721436
0.15138599276542664
0.31157299876213074
0.14120399951934814
0.3064489960670471
0.13102200627326965
0.3013240098953247
0.12083899974822998
0.2962000072002411
0.11065699905157089
