0.28578099608421326
0.09287670254707336
0.2938460111618042
0.10242699831724167
0.30191099643707275
0.1119770035147667
0.3099760115146637
0.12152799963951111
0.31804099678993225
0.13107800483703613
0.326104998588562
0.14062799513339996
0.33417001366615295
0.150178000330925
0.3422349989414215
0.15972900390625
0.35030001401901245
0.16927899420261383
0.35762301087379456
0.15914799273014069
0.3649449944496155
0.14901800453662872
0.3722679913043976
0.13888700306415558
0.3795909881591797
0.12875699996948242
0.3869140148162842
0.11862599849700928
0.3942370116710663
0.10849600285291672
0.4015589952468872
0.0983654037117958
0.4088819921016693
0.08823490142822266
0.4146459996700287
0.09932649880647659
0.42041099071502686
0.11041799932718277
0.42617499828338623
0.12150900065898895
0.4319399893283844
0.13260099291801453
0.4377039968967438
0.1436930000782013
0.44346800446510315
0.15478399395942688
0.4492329955101013
0.16587600111961365
0.4549970030784607
0.17696699500083923
0.46003401279449463
0.18840700387954712
0.4650709927082062
0.1998469978570938
0.4701080024242401
0.21128800511360168
0.47514599561691284
0.22272799909114838
0.4801830053329468
0.23416799306869507
0.4852199852466583
0.24560800194740295
0.49025699496269226
0.25704801082611084
0.4952940046787262
0.2684890031814575
0.5023490190505981
0.27880701422691345
0.5094040036201477
0.2891260087490082
0.5164589881896973
0.2994450032711029
0.5235139727592468
0.30976399779319763
0.5305690169334412
0.32008200883865356
0.5376240015029907
0.3304010033607483
0.5446789860725403
0.340719997882843
0.5517339706420898
0.35103899240493774
0.5597860217094421
0.36059999465942383
0.5678369998931885
0.3701620101928711
0.5758879780769348
0.3797230124473572
0.5839400291442871
0.38928499817848206
0.5919910073280334
0.3988470137119293
0.600042998790741
0.408407986164093
0.6080939769744873
0.4179700016975403
0.6161460280418396
0.42753100395202637
0.6181960105895996
0.4398620128631592
0.6202470064163208
0.4521929919719696
0.6222969889640808
0.46452298760414124
0.624347984790802
0.47685399651527405
0.6263989806175232
0.48918500542640686
0.628449022769928
0.5015149712562561
0.6305000185966492
0.5138459801673889
0.6325510144233704
0.5261769890785217
0.6438699960708618
0.520592987537384
0.6551899909973145
0.5150089859962463
0.6665089726448059
0.5094249844551086
0.6778290271759033
0.503840982913971
0.689149022102356
0.49825799465179443
0.7004680037498474
0.49267399311065674
