0.1247820034623146
0.1096000000834465
0.12228000164031982
0.121847003698349
0.11977899819612503
0.1340939998626709
0.11727699637413025
0.1463409960269928
0.11477500200271606
0.1585880070924759
0.11227399855852127
0.1708350032567978
0.10977199673652649
0.1830819994211197
0.1072700023651123
0.1953289955854416
0.10476899892091751
0.20757600665092468
0.10934799909591675
0.2192080020904541
0.11392699927091599
0.23083899915218353
0.11850599944591522
0.24246999621391296
0.12308599799871445
0.2541010081768036
0.12766499817371368
0.2657319903373718
0.13224400579929352
0.27736300230026245
0.13682299852371216
0.2889940142631531
0.14140300452709198
0.3006249964237213
0.13564899563789368
0.3117220103740692
0.12989500164985657
0.3228189945220947
0.12414100021123886
0.3339160084724426
0.11838699877262115
0.34501299262046814
0.11263299733400345
0.35611000657081604
0.10688000172376633
0.36720600724220276
0.10112600028514862
0.37830299139022827
0.0953717976808548
0.38940000534057617
0.1077829971909523
0.3908900022506714
0.12019400298595428
0.3923799991607666
0.13260400295257568
0.3938699960708618
0.14501500129699707
0.39535999298095703
0.15742599964141846
0.39684998989105225
0.16983699798583984
0.39833998680114746
0.18224799633026123
0.39983001351356506
0.19465899467468262
0.4013200104236603
0.20184800028800964
0.411545991897583
0.2090359926223755
0.4217720031738281
0.21622499823570251
0.43199801445007324
0.22341300547122955
0.44222399592399597
0.23060199618339539
0.4524509906768799
0.2377910017967224
0.462677001953125
0.24497899413108826
0.4729030132293701
0.2521679997444153
0.48312899470329285
0.2544490098953247
0.4954189956188202
0.25672999024391174
0.5077090263366699
0.25901201367378235
0.5199990272521973
0.2612929940223694
0.5322890281677246
0.2635740041732788
0.544579029083252
0.26585501432418823
0.5568689703941345
0.26813599467277527
0.5691589713096619
0.2704170048236847
0.5814499855041504
0.27991798520088196
0.5895730257034302
0.2894180119037628
0.5976960062980652
0.2989189922809601
0.6058200001716614
0.30841898918151855
0.6139429807662964
0.3179199993610382
0.6220669746398926
0.3274199962615967
0.6301900148391724
0.33692100644111633
0.6383140087127686
0.3464210033416748
0.6464369893074036
0.3580949902534485
0.6509079933166504
0.3697679936885834
0.655377984046936
0.38144099712371826
0.6598479747772217
0.39311501383781433
0.6643189787864685
0.40478798747062683
0.6687890291213989
0.4164609909057617
0.673259973526001
0.4281339943408966
0.6777300238609314
0.4398080110549927
0.682200014591217
0.45350098609924316
0.6809710264205933
0.46719399094581604
0.6797419786453247
0.4808869957923889
0.6785129904747009
