0.08801820129156113
0.2880589962005615
0.09909900277853012
0.2938440144062042
0.11017999798059464
0.29962900280952454
0.12126000225543976
0.30541500449180603
0.13234099745750427
0.31119999289512634
0.1434219926595688
0.31698501110076904
0.1545030027627945
0.32276999950408936
0.16558299958705902
0.32855498790740967
0.17666399478912354
0.33434000611305237
0.18891200423240662
0.3368400037288666
0.20115900039672852
0.33934101462364197
0.21340599656105042
0.3418410122394562
0.2256540060043335
0.3443419933319092
0.2379010021686554
0.3468419909477234
0.2501479983329773
0.3493430018424988
0.2623960077762604
0.351842999458313
0.2746430039405823
0.3543440103530884
0.28453299403190613
0.3467000126838684
0.29442399740219116
0.33905598521232605
0.304313987493515
0.3314119875431061
0.31420499086380005
0.3237679898738861
0.3240950107574463
0.31612399220466614
0.33398500084877014
0.30847999453544617
0.3438760042190552
0.3008359968662262
0.35376599431037903
0.2931919991970062
0.35886600613594055
0.2817800045013428
0.3639659881591797
0.2703680098056793
0.36906498670578003
0.2589550018310547
0.37416499853134155
0.24754300713539124
0.3792650103569031
0.2361299991607666
0.3843649923801422
0.22471800446510315
0.38946500420570374
0.2133059948682785
0.3945640027523041
0.20189300179481506
0.39833399653434753
0.18997499346733093
0.4021030068397522
0.178057000041008
0.4058719873428345
0.16613900661468506
0.40964099764823914
0.15422099828720093
0.4134100079536438
0.142302006483078
0.4171789884567261
0.13038399815559387
0.42094799876213074
0.11846599727869034
0.4247170090675354
0.1065479964017868
0.4323430061340332
0.11645200103521347
0.439969003200531
0.12635600566864014
0.4475950002670288
0.1362610012292862
0.4552209973335266
0.14616499841213226
0.4628469944000244
0.15606999397277832
0.4704720079898834
0.16597400605678558
0.4780980050563812
0.17587800323963165
0.48572400212287903
0.1857829988002777
0.4923909902572632
0.19635599851608276
0.4990580081939697
0.2069299966096878
0.5057259798049927
0.21750299632549286
0.5123929977416992
0.2280769944190979
0.5190600156784058
0.23864999413490295
0.5257269740104675
0.2492240071296692
0.5323939919471741
0.25979700684547424
0.5390620231628418
0.2703709900379181
0.5459970235824585
0.2807700037956238
0.5529329776763916
0.29117000102996826
0.5598679780960083
0.30156901478767395
0.566802978515625
0.31196799874305725
0.5737389922142029
0.32236799597740173
0.5806739926338196
0.3327670097351074
0.5876100063323975
0.3431670069694519
0.5945450067520142
0.3535659909248352
0.6005809903144836
0.36451300978660583
0.6066160202026367
0.3754589855670929
0.6126520037651062
0.3864060044288635
0.6186869740486145
0.397352010011673
0.6247230172157288
0.40829798579216003
0.6307579874992371
0.41924500465393066
0.6367939710617065
0.4301910102367401
0.6428290009498596
0.4411369860172272
0.6508669853210449
0.4507110118865967
0.6589040160179138
0.4602839946746826
0.6669420003890991
0.46985700726509094
0.6749789714813232
0.47943100333213806
0.6830170154571533
0.489003986120224
0.6910539865493774
0.4985769987106323
0.6990919709205627
0.5081509947776794
0.7071290016174316
0.5177239775657654
0.7163959741592407
0.526112973690033
0.7256640195846558
0.5345010161399841
0.7349309921264648
0.5428900122642517
0.7441980242729187
0.5512790083885193
0.7534649968147278
0.5596680045127869
0.7627320289611816
0.5680570006370544
0.7719990015029907
0.5764449834823608
0.7812659740447998
0.5848339796066284
0.7923550009727478
0.5906040072441101
0.8034430146217346
0.596373975276947
0.8145319819450378
0.6021440029144287
0.8256210088729858
0.6079130172729492
0.8367090225219727
0.6136829853057861
0.8477979898452759
0.6194530129432678
0.8588870167732239
0.6252229809761047
0.8699759840965271
0.6309919953346252
0.8830029964447021
0.6256790161132812
0.8960310220718384
0.6203650236129761
0.9090589880943298
0.6150509715080261
0.9220870137214661
0.609736979007721
0.9351149797439575
0.6044229865074158
