0.5276709794998169
0.3828989863395691
0.5158029794692993
0.3789750039577484
0.5039359927177429
0.37505000829696655
0.49206799268722534
0.3711250126361847
0.48019999265670776
0.36719998717308044
0.4683319926261902
0.36327600479125977
0.4564639925956726
0.3593510091304779
0.44459599256515503
0.35542601346969604
0.43272799253463745
0.3515009880065918
0.4209020137786865
0.3555479943752289
0.409074991941452
0.3595939874649048
0.3972479999065399
0.36364099383354187
0.3854210078716278
0.3676869869232178
0.3735939860343933
0.37173399329185486
0.3617669939994812
0.37577998638153076
0.3499400019645691
0.37982699275016785
0.338113009929657
0.38387298583984375
0.33226099610328674
0.37282800674438477
0.3264090120792389
0.3617820143699646
0.32055801153182983
0.35073599219322205
0.3147059977054596
0.33969101309776306
0.30885401368141174
0.3286449909210205
0.3030019998550415
0.31759899854660034
0.29714998602867126
0.30655398964881897
0.2912989854812622
0.2955079972743988
0.2992919981479645
0.28589800000190735
0.30728501081466675
0.2762869894504547
0.31527799367904663
0.26667699217796326
0.3232710063457489
0.257066011428833
0.3312639892101288
0.24745599925518036
0.33925700187683105
0.23784500360488892
0.3472500145435333
0.22823500633239746
0.3552429974079132
0.2186249941587448
0.3471449911594391
0.20910200476646423
0.33904701471328735
0.19957999885082245
0.33094900846481323
0.19005799293518066
0.3228510022163391
0.18053600192070007
0.314752995967865
0.1710129976272583
0.30665498971939087
0.1614910066127777
0.29855701327323914
0.15196900069713593
0.290459007024765
0.14244699478149414
0.2810940146446228
0.13416700065135956
0.2717300057411194
0.12588800489902496
0.2623650133609772
0.11760800331830978
0.2529999911785126
0.1093280017375946
0.24363499879837036
0.10104899853467941
0.23427100479602814
0.09276930242776871
0.22490599751472473
0.08448970317840576
0.21554100513458252
0.07621020078659058
0.2139510065317154
0.06341110169887543
