0.39317598938941956
0.3851589858531952
0.38799598813056946
0.3965350091457367
0.38281598687171936
0.4079110026359558
0.37763598561286926
0.4192869961261749
0.37245601415634155
0.4306640028953552
0.36727601289749146
0.44203999638557434
0.36209699511528015
0.45341598987579346
0.35691699385643005
0.46479201316833496
0.35173699259757996
0.47616899013519287
0.3423280119895935
0.4843980073928833
0.33292001485824585
0.4926280081272125
0.323511004447937
0.5008580088615417
0.31410300731658936
0.5090879797935486
0.3046939969062805
0.5173180103302002
0.29528599977493286
0.5255470275878906
0.285876989364624
0.5337769985198975
0.27646899223327637
0.5420070290565491
0.27109500765800476
0.553292989730835
0.26572200655937195
0.5645800232887268
0.26034900546073914
0.5758659839630127
0.2549760043621063
0.5871520042419434
0.2496030032634735
0.598438024520874
0.2442300021648407
0.6097249984741211
0.23885700106620789
0.6210110187530518
0.23348399996757507
0.6322969794273376
0.2226399928331375
0.6385149955749512
0.21179699897766113
0.6447340250015259
0.20095300674438477
0.6509519815444946
0.1901099979877472
0.6571710109710693
0.17926600575447083
0.6633890271186829
0.16842299699783325
0.6696069836616516
0.15757900476455688
0.6758260130882263
0.1467359960079193
0.6820440292358398
0.13455499708652496
0.6792370080947876
0.12237399816513062
0.6764299869537354
0.11019299924373627
0.6736230254173279
0.09801240265369415
0.6708160042762756
0.08583170175552368
0.6680099964141846
0.07365089654922485
0.6652029752731323
0.06147009879350662
0.6623960137367249
0.04928930103778839
0.6595889925956726
0.05083730071783066
0.6717569828033447
0.052385300397872925
0.683925986289978
0.05393330007791519
0.6960939764976501
0.0554811991751194
0.7082629799842834
0.05702919885516167
0.7204310297966003
