0.14688700437545776
0.4351460039615631
0.1538040041923523
0.42473500967025757
0.16072200238704681
0.41432300209999084
0.16763900220394135
0.4039120078086853
0.17455700039863586
0.39350101351737976
0.1814740002155304
0.38308900594711304
0.18839199841022491
0.3726780116558075
0.19530899822711945
0.36226600408554077
0.20222699642181396
0.35185500979423523
0.21471799910068512
0.3523379862308502
0.2272080034017563
0.3528220057487488
0.23969900608062744
0.35330501198768616
0.2521890103816986
0.35378798842430115
0.26467999815940857
0.3542720079421997
0.27717098593711853
0.3547550141811371
0.2896609902381897
0.35523900389671326
0.30215200781822205
0.35572201013565063
0.3115310072898865
0.34745898842811584
0.3209100067615509
0.33919599652290344
0.3302899897098541
0.33093199133872986
0.33966898918151855
0.32266899943351746
0.349047988653183
0.31440600752830505
0.3584269881248474
0.30614298582077026
0.36780598759651184
0.29787901043891907
0.37718498706817627
0.2896159887313843
0.3657569885253906
0.28455299139022827
0.3543280065059662
0.27948999404907227
0.34290000796318054
0.27442601323127747
0.3314709961414337
0.2693629860877991
0.3200420141220093
0.26429998874664307
0.30861398577690125
0.25923600792884827
0.2971850037574768
0.25417301058769226
0.28575599193573
0.24910999834537506
0.28811898827552795
0.23683500289916992
0.29048100113868713
0.2245599925518036
0.2928439974784851
0.21228599548339844
0.2952060103416443
0.2000110000371933
0.29756900668144226
0.18773600459098816
0.29993098974227905
0.17546199262142181
0.302293986082077
0.16318699717521667
0.3046559989452362
0.15091200172901154
0.29144400358200073
0.1465820074081421
0.27823200821876526
0.14225199818611145
0.2650200128555298
0.137922003865242
0.2518079876899719
0.13359199464321136
