0.10521800071001053
0.3989650011062622
0.10408899933099747
0.3865160048007965
0.1029599979519844
0.3740670084953308
0.10183200240135193
0.3616180121898651
0.10070300102233887
0.349168986082077
0.09957440197467804
0.33671998977661133
0.09844580292701721
0.32427099347114563
0.09731709957122803
0.31182199716567993
0.0961885005235672
0.29937300086021423
0.09596280008554459
0.28687500953674316
0.09573709964752197
0.2743769884109497
0.09551139920949936
0.26187899708747864
0.09528569877147675
0.24938100576400757
0.09506010264158249
0.2368829995393753
0.09483440220355988
0.22438499331474304
0.09460870176553726
0.21188700199127197
0.09438300132751465
0.1993889957666397
0.10013899952173233
0.188292995095253
0.10589499771595001
0.17719799280166626
0.11165100336074829
0.16610200703144073
0.11740700155496597
0.15500600636005402
0.12316299974918365
0.1439100056886673
0.12891900539398193
0.13281400501728058
0.13467399775981903
0.12171799689531326
0.1404300034046173
0.11062200367450714
0.12850700318813324
0.11001499742269516
0.11658299714326859
0.10940700024366379
0.10465999692678452
0.1088000014424324
