0.387470006942749
0.5292729735374451
0.3890880048274994
0.5168790221214294
0.39070600271224976
0.5044839978218079
0.3923240005970001
0.49208900332450867
0.3939419984817505
0.4796940088272095
0.39556100964546204
0.4672990143299103
0.3971790075302124
0.4549050033092499
0.39879700541496277
0.4425100088119507
0.40041500329971313
0.4301150143146515
0.4020470082759857
0.41761499643325806
0.4036790132522583
0.40511399507522583
0.4053109884262085
0.3926140069961548
0.4069429934024811
0.38011398911476135
