0.38837000727653503
0.33672401309013367
0.3818120062351227
0.3260830044746399
0.3752540051937103
0.3154410123825073
0.368696004152298
0.30480000376701355
0.36213698983192444
0.2941589951515198
0.3555789887905121
0.2835170030593872
0.34902098774909973
0.27287599444389343
0.3424629867076874
0.26223400235176086
0.33590400218963623
0.2515929937362671
0.3296099901199341
0.24079300463199615
0.3233160078525543
0.229993999004364
0.3170219957828522
0.21919399499893188
0.3107280135154724
0.20839400589466095
0.3044329881668091
0.19759400188922882
0.2981390058994293
0.18679499626159668
0.2918449938297272
0.17599500715732574
0.2855510115623474
0.16519500315189362
0.29802200198173523
0.16604900360107422
0.31049200892448425
0.16690300405025482
0.32296299934387207
0.16775700449943542
0.3354339897632599
0.16861100494861603
0.3479050099849701
0.16946400701999664
0.3603760004043579
0.17031799256801605
0.37284600734710693
0.17117199301719666
0.38531699776649475
0.17202599346637726
0.39040300250053406
0.1606069952249527
0.3954879939556122
0.14918799698352814
0.4005729854106903
0.13776999711990356
0.4056589901447296
0.126350998878479
0.4107440114021301
0.11493200063705444
0.41582998633384705
0.10351300239562988
0.42091500759124756
0.09209439903497696
0.42600101232528687
0.08067569881677628
0.4383290112018585
0.08274240046739578
0.450655996799469
0.08480910211801529
0.46298399567604065
0.08687590062618256
0.4753119945526123
0.08894260227680206
0.48763999342918396
0.09100940078496933
0.4999679923057556
0.09307610243558884
0.5122960209846497
0.0951429009437561
0.5246239900588989
0.09720960259437561
0.5336220264434814
0.10588700324296951
0.5426200032234192
0.11456400156021118
0.5516170263290405
0.12324099987745285
0.5606150031089783
0.13191799819469452
0.569612979888916
0.14059500396251678
0.5786110162734985
0.14927199482917786
0.5876079797744751
0.15794900059700012
0.5966060161590576
0.1666260063648224
0.60453200340271
0.17629100382328033
0.6124590039253235
0.18595699965953827
0.6203849911689758
0.19562199711799622
0.6283119916915894
0.20528799295425415
0.6362379789352417
0.2149530053138733
0.6441649794578552
0.22461900115013123
0.6520910263061523
0.23428399860858917
0.6600170135498047
0.2439499944448471
0.6667690277099609
0.25446999073028564
0.6735209822654724
0.2649889886379242
0.6802719831466675
0.2755089998245239
0.6870239973068237
0.28602901101112366
0.69377601146698
0.296548992395401
0.700527012348175
0.30706799030303955
0.7072790265083313
0.3175880014896393
0.7140309810638428
0.328108012676239
0.7238370180130005
0.335860013961792
0.7336429953575134
0.3436119854450226
0.74344801902771
0.35136398673057556
0.7532539963722229
0.35911598801612854
0.7630599737167358
0.3668679893016815
0.7728660106658936
0.3746199905872345
0.7826719880104065
0.3823719918727875
0.7924780249595642
0.39012399315834045
0.7927889823913574
0.4024229943752289
