0.12587299942970276
0.35865598917007446
0.13743099570274353
0.35389500856399536
0.1489890068769455
0.34913501143455505
0.16054700314998627
0.34437400102615356
0.17210400104522705
0.3396129906177521
0.18366199731826782
0.33485299348831177
0.1952199935913086
0.33009201288223267
0.20677800476551056
0.32533198595046997
0.21833600103855133
0.32057100534439087
0.22966599464416504
0.32585200667381287
0.24099600315093994
0.3311319947242737
0.25232601165771484
0.3364129960536957
0.26365500688552856
0.3416939973831177
0.2749849855899811
0.3469739854335785
0.286314994096756
0.3522549867630005
0.2976450026035309
0.3575359880924225
0.3089750111103058
0.3628169894218445
0.31335699558258057
0.3511100113391876
0.31773900985717773
0.3394030034542084
0.3221209943294525
0.3276959955692291
0.3265030086040497
0.3159889876842499
0.33088400959968567
0.3042829930782318
0.33526599407196045
0.29257598519325256
0.3396480083465576
0.2808690071105957
0.3440299928188324
0.26916199922561646
0.3365330100059509
0.25916001200675964
0.32903599739074707
0.24915799498558044
0.3215390145778656
0.23915599286556244
0.31404200196266174
0.22915400564670563
0.3065449893474579
0.21915100514888763
0.2990480065345764
0.20914900302886963
0.29155099391937256
0.19914700090885162
0.2840540111064911
0.18914499878883362
0.2954770028591156
0.18407000601291656
0.3069010078907013
0.17899499833583832
0.3183239996433258
0.17392000555992126
0.3297469913959503
0.16884499788284302
0.341170996427536
0.16377000510692596
0.3525939881801605
0.15869499742984772
0.3640170097351074
0.15362000465393066
0.3754410147666931
0.14854499697685242
0.38040199875831604
0.13707099854946136
0.38536301255226135
0.1255979984998703
0.3903239965438843
0.11412499845027924
0.3952850103378296
0.10265100002288818
0.4002470076084137
0.09117790311574936
0.4052079916000366
0.07970459759235382
0.41016900539398193
0.06823129951953888
0.41512998938560486
0.05675800144672394
0.41923999786376953
0.06856290251016617
0.4233500063419342
0.0803678035736084
0.42746099829673767
0.09217269718647003
0.43157100677490234
0.1039780005812645
0.43568098545074463
0.1157820001244545
0.4397920072078705
0.12758700549602509
0.44390198588371277
0.13939200341701508
0.44801199436187744
0.15119700133800507
0.45507898926734924
0.1615079939365387
0.46214601397514343
0.17181800305843353
0.46921300888061523
0.18212899565696716
0.47628000378608704
0.192439004778862
0.48334699869155884
0.20274999737739563
0.49041399359703064
0.21306000649929047
0.49748098850250244
0.2233709990978241
0.5045480132102966
0.23368200659751892
0.5138790011405945
0.24199999868869781
0.5232089757919312
0.2503179907798767
0.5325390100479126
0.2586359977722168
0.5418699979782104
0.2669540047645569
0.5511999726295471
0.27527299523353577
0.5605310201644897
0.28359100222587585
0.5698609948158264
0.29190900921821594
0.5791919827461243
0.30022698640823364
0.5869730114936829
0.31000998616218567
0.5947539806365967
0.3197929859161377
0.6025350093841553
0.3295759856700897
0.6103169918060303
0.33935800194740295
0.6180980205535889
0.349141001701355
0.6258789896965027
0.358924001455307
0.6336600184440613
0.36870700120925903
0.6414409875869751
0.3784889876842499
0.6462060213088989
0.39004600048065186
0.650970995426178
0.40160199999809265
0.6557360291481018
0.41315799951553345
0.6605010032653809
0.42471399903297424
0.6652659773826599
0.4362710118293762
0.6700310111045837
0.447827011346817
0.6747959852218628
0.4593830108642578
0.6795600056648254
0.4709390103816986
0.6845790147781372
0.4823879897594452
0.6895970106124878
0.493835985660553
0.6946160197257996
0.5052840113639832
0.6996340155601501
0.5167329907417297
0.7046530246734619
0.5281810164451599
0.7096710205078125
0.5396289825439453
0.7146900296211243
0.5510780215263367
0.7197080254554749
0.5625259876251221
0.7251390218734741
0.5737850069999695
0.7305690050125122
0.5850430130958557
0.7360000014305115
0.5963019728660583
0.7414299845695496
0.6075609922409058
0.7468609809875488
0.6188200116157532
0.7522910237312317
0.6300789713859558
0.757722020149231
0.641336977481842
0.763152003288269
0.6525959968566895
0.7751749753952026
0.6560159921646118
0.787198007106781
0.6594359874725342
0.7992209792137146
0.6628559827804565
0.811244010925293
0.6662769913673401
0.8232669830322266
0.6696969866752625
0.8352900147438049
0.6731169819831848
0.8473129868507385
0.6765369772911072
0.8593360185623169
0.6799569725990295
0.8678489923477173
0.6717979907989502
0.8763620257377625
0.6636390089988708
0.8848749995231628
0.6554800271987915
0.8933879733085632
0.6473209857940674
0.9018999934196472
0.639162003993988
