0.7596110105514526
0.4032840132713318
0.7496629953384399
0.41085299849510193
0.7397149801254272
0.41842201352119446
0.7297670245170593
0.4259909987449646
0.7198200225830078
0.43356001377105713
0.7098720073699951
0.44112899899482727
0.6999239921569824
0.4486980140209198
0.6899759769439697
0.45626699924468994
0.6800280213356018
0.46383601427078247
0.6685400009155273
0.46876299381256104
0.6570519804954529
0.473690003156662
0.6455640196800232
0.47861701250076294
0.6340759992599487
0.4835439920425415
0.6225879788398743
0.48847100138664246
0.6111000180244446
0.4933980107307434
0.5996119976043701
0.498324990272522
0.5881239771842957
0.5032520294189453
0.5866119861602783
0.4908429980278015
0.5851010084152222
0.4784350097179413
0.5835890173912048
0.46602699160575867
0.5820779800415039
0.45361900329589844
0.5805659890174866
0.441210001707077
0.5790550112724304
0.4288020133972168
0.5775430202484131
0.4163939952850342
0.5760319828987122
0.40398499369621277
0.5668889880180359
0.3954620063304901
0.5577449798583984
0.38693898916244507
0.5486019849777222
0.37841498851776123
0.5394589900970459
0.3698920011520386
0.5303149819374084
0.36136800050735474
0.5211719870567322
0.3528450131416321
0.5120279788970947
0.34432101249694824
0.5028849840164185
0.3357979953289032
0.4912010133266449
0.33843401074409485
0.47951799631118774
0.3410699963569641
0.4678339958190918
0.34370601177215576
0.45615100860595703
0.34634101390838623
0.4444670081138611
0.3489769995212555
