0.23909899592399597
0.29225701093673706
0.23675000667572021
0.27998000383377075
0.23440100252628326
0.26770201325416565
0.2320519983768463
0.25542500615119934
0.22970299422740936
0.24314799904823303
0.22735300660133362
0.23087100684642792
0.22500400245189667
0.21859300136566162
0.22265499830245972
0.2063159942626953
0.22030599415302277
0.1940390020608902
0.20911599695682526
0.18982599675655365
0.19792699813842773
0.1856130063533783
0.18673700094223022
0.18139900267124176
0.17554700374603271
0.1771859973669052
