0.6461330056190491
0.22282500565052032
0.6423779726028442
0.2347469925880432
0.638621985912323
0.24666999280452728
0.6348670125007629
0.25859200954437256
0.6311119794845581
0.27051499485969543
0.6273559927940369
0.2824369966983795
0.6236010193824768
0.2943600118160248
0.6198449730873108
0.30628201365470886
0.6160899996757507
0.31820499897003174
0.6123359799385071
0.330128014087677
0.608581006526947
0.3420509994029999
0.6048269867897034
0.35397300124168396
0.6010730266571045
0.36589598655700684
0.5973190069198608
0.3778190016746521
0.593563973903656
0.389741986989975
0.5898100137710571
0.40166500210762024
0.5860559940338135
0.4135879874229431
0.5832949876785278
0.4257790148258209
0.5805330276489258
0.43797001242637634
0.5777720212936401
0.45016199350357056
0.5750110149383545
0.462352991104126
0.5722489953041077
0.4745439887046814
0.569487988948822
0.4867349863052368
0.5667269825935364
0.4989260137081146
0.5639650225639343
0.5111179947853088
0.5521789789199829
0.5064520239830017
0.5403940081596375
0.5017859935760498
0.5286080241203308
0.4971199929714203
0.5168219804763794
0.49245500564575195
