0.5595290064811707
0.6180739998817444
0.5719810128211975
0.6191679835319519
0.5844330191612244
0.6202620267868042
0.5968850255012512
0.6213560104370117
0.6093369722366333
0.6224510073661804
0.6217889785766602
0.6235449910163879
0.634240984916687
0.6246389746665955
0.6466929912567139
0.6257330179214478
0.6591449975967407
0.6268280148506165
0.6690880060195923
0.6344029903411865
0.6790310144424438
0.6419789791107178
0.6889740228652954
0.6495550274848938
0.6989160180091858
0.657131016254425
0.7088590264320374
0.6647070050239563
0.7188019752502441
0.6722819805145264
0.7287439703941345
0.6798580288887024
0.7386869788169861
0.6874340176582336
0.7501369714736938
0.6924480199813843
0.7615870237350464
0.6974629759788513
0.7730370163917542
0.702476978302002
0.7844880223274231
0.7074919939041138
0.7959380149841309
0.7125059962272644
0.8073880076408386
0.717519998550415
0.8188380002975464
0.7225350141525269
0.8302879929542542
0.7275490164756775
0.8421710133552551
0.731427013874054
0.8540549874305725
0.7353050112724304
0.8659380078315735
0.7391840219497681
0.8778210282325745
0.7430620193481445
0.8897039890289307
0.746940016746521
0.9015870094299316
0.7508180141448975
0.9134699702262878
0.7546960115432739
0.92535400390625
0.7585740089416504
0.9273430109024048
0.7460460066795349
