0.5072619915008545
0.15315799415111542
0.5006210207939148
0.16374799609184265
0.49397900700569153
0.17433799803256989
0.48733800649642944
0.18492799997329712
0.48069700598716736
0.19551800191402435
0.4740560054779053
0.2061080038547516
0.4674150049686432
0.21669800579547882
0.4607740044593811
0.22728699445724487
0.454133003950119
0.2378769963979721
0.44852399826049805
0.24904799461364746
0.44291600584983826
0.260219007730484
0.4373070001602173
0.27138999104499817
0.4316979944705963
0.2825610041618347
0.42608898878097534
0.2937319874763489
0.42048099637031555
0.3049040138721466
0.4148719906806946
0.31607499718666077
0.409263014793396
0.3272460103034973
0.4050480127334595
0.339013010263443
0.40083199739456177
0.35078099370002747
0.39661699533462524
0.3625490069389343
0.3924010097980499
0.3743169903755188
0.3881860077381134
0.3860839903354645
0.3839710056781769
0.39785200357437134
0.3797549903392792
0.4096199870109558
0.37553998827934265
0.42138800024986267
0.3677150011062622
0.43113499879837036
0.35989001393318176
0.44088301062583923
0.35206499695777893
0.4506309926509857
0.3442400097846985
0.4603790044784546
0.33641499280929565
0.4701269865036011
0.3285900056362152
0.47987401485443115
0.3207649886608124
0.48962199687957764
0.31294000148773193
0.4993700087070465
0.31075799465179443
0.5116779804229736
0.30857598781585693
0.5239859819412231
0.3063940107822418
0.5362939834594727
0.3042129874229431
0.5486019849777222
0.302031010389328
0.5609099864959717
0.2998490035533905
0.5732190012931824
0.297666996717453
0.5855270028114319
0.2954860031604767
0.5978350043296814
0.28606098890304565
0.6060460209846497
0.2766369879245758
0.6142579913139343
0.26721200346946716
0.6224690079689026
0.2577880024909973
0.6306809782981873
0.24836300313472748
0.6388919949531555
0.23893800377845764
0.647104024887085
0.2295140027999878
0.6553149819374084
0.22008900344371796
0.6635270118713379
0.21038100123405457
0.6719859838485718
