0.384335994720459
0.20812000334262848
0.38563498854637146
0.220551997423172
0.3869349956512451
0.2329840064048767
0.3882350027561188
0.24541699886322021
0.38953399658203125
0.2578490078449249
0.3908340036869049
0.27028098702430725
0.39213401079177856
0.28271299600601196
0.39343300461769104
0.29514598846435547
0.3947330117225647
0.3075779974460602
0.39751100540161133
0.31996798515319824
0.40028899908065796
0.3323589861392975
0.4030660092830658
0.34474900364875793
0.4058440029621124
0.357138991355896
0.40862199664115906
0.36952999234199524
