0.9565849900245667
0.790461003780365
0.9548709988594055
0.7780789732933044
0.9531570076942444
0.7656970024108887
0.9514420032501221
0.7533149719238281
0.9497280120849609
0.7409340143203735
0.9480130076408386
0.728551983833313
0.9462990164756775
0.7161700129508972
0.9445850253105164
0.7037879824638367
0.942870020866394
0.6914060115814209
0.9308890104293823
0.6878420114517212
0.9189079999923706
0.6842769980430603
0.9069269895553589
0.6807129979133606
0.8949459791183472
0.6771489977836609
0.8829650282859802
0.6735849976539612
0.8709840178489685
0.6700199842453003
0.8590030074119568
0.6664559841156006
0.8470219969749451
0.6628919839859009
0.8372460007667542
0.6706809997558594
0.8274700045585632
0.678471028804779
0.8176940083503723
0.686260998249054
0.8079180121421814
0.6940510272979736
0.7981420159339905
0.7018409967422485
0.7883660197257996
0.7096310257911682
0.7785900235176086
0.7174209952354431
0.7688149809837341
0.7252100110054016
0.7656180262565613
0.7119259834289551
