0.09108950197696686
0.18308499455451965
0.10284700244665146
0.1873289942741394
0.11460500210523605
0.19157299399375916
0.12636199593544006
0.1958169937133789
0.13811999559402466
0.20006099343299866
0.14987699687480927
0.2043049931526184
0.16163499653339386
0.20854799449443817
0.17339199781417847
0.21279199421405792
0.18514999747276306
0.21703599393367767
0.18771399557590485
0.22926999628543854
0.19027799367904663
0.2415039986371994
0.1928430050611496
0.25373899936676025
0.19540700316429138
0.2659730017185211
0.19797100126743317
0.278207004070282
0.20053499937057495
0.29044100642204285
0.20309999585151672
0.3026750087738037
0.2056639939546585
0.3149090111255646
0.19918900728225708
0.3256010115146637
0.19271300733089447
0.3362939953804016
0.18623800575733185
0.34698599576950073
0.17976300418376923
0.35767799615859985
0.1732880026102066
0.368369996547699
0.166812002658844
0.3790619969367981
0.16033700108528137
0.3897539973258972
0.15386199951171875
0.40044599771499634
0.16110900044441223
0.410631000995636
0.16835500299930573
0.42081600427627563
0.1756020039319992
0.4310010075569153
0.1828490048646927
0.44118601083755493
0.19009600579738617
0.4513710141181946
0.19734300673007965
0.46155598759651184
0.20458999276161194
0.4717409908771515
0.21183599531650543
0.48192599415779114
0.22075699269771576
0.4906820058822632
0.2296770066022873
0.499439001083374
0.23859700560569763
0.5081959962844849
0.24751700460910797
0.5169529914855957
0.2564370036125183
0.5257089734077454
0.26535698771476746
0.534466028213501
0.27427801489830017
0.5432230234146118
0.2831979990005493
0.5519800186157227
0.29402101039886475
0.5582339763641357
0.3048439919948578
0.5644869804382324
0.3156670033931732
0.5707409977912903
0.32649001479148865
0.5769950151443481
0.3373129963874817
0.5832489728927612
0.3481360077857971
0.5895029902458191
0.35895898938179016
0.595757007598877
0.3697820007801056
0.6020110249519348
0.3668319880962372
0.6141579747200012
0.36388099193573
0.6263049840927124
0.36093100905418396
0.6384519934654236
0.35798099637031555
0.6505979895591736
0.35503101348876953
0.6627449989318848
0.35207998752593994
0.674892008304596
0.3491300046443939
0.6870390176773071
0.3461799919605255
0.6991860270500183
0.35820499062538147
0.7025970220565796
0.3702299892902374
0.7060089707374573
0.38225600123405457
0.7094209790229797
0.3942809998989105
0.712831974029541
0.40630701184272766
0.7162439823150635
0.4183320105075836
0.7196549773216248
0.43035799264907837
0.7230669856071472
0.4423829913139343
0.7264779806137085
0.43162301182746887
0.7312219738960266
0.42086300253868103
0.7359660267829895
0.4101020097732544
0.7407090067863464
