0.08998250216245651
0.8665599822998047
0.10232900083065033
0.8685160279273987
0.11467500030994415
0.8704720139503479
0.12702099978923798
0.8724279999732971
0.1393669992685318
0.8743849992752075
0.15171299874782562
0.8763409852981567
0.16405899822711945
0.878296971321106
0.17640499770641327
0.8802530169487
0.1887509971857071
0.8822090029716492
0.19849400222301483
0.8743780255317688
0.2082359939813614
0.8665469884872437
0.21797899901866913
0.8587160110473633
0.22772200405597687
0.8508849740028381
0.2374649941921234
0.8430529832839966
0.24720799922943115
0.8352220058441162
0.2569510042667389
0.8273910284042358
0.26669400930404663
0.8195599913597107
0.27733299136161804
0.8129990100860596
0.28797298669815063
0.8064370155334473
0.29861199855804443
0.799875020980835
0.30925101041793823
0.7933139801025391
0.3198910057544708
0.7867519855499268
0.33052998781204224
0.7801899909973145
0.34116899967193604
0.7736290097236633
0.35180801153182983
0.767067015171051
0.34570398926734924
0.7561590075492859
0.33959999680519104
0.7452509999275208
0.33349499106407166
0.7343429923057556
0.32739099860191345
0.7234349846839905
0.32128599286079407
0.7125269770622253
0.31518200039863586
0.701619029045105
0.30907800793647766
0.6907110214233398
0.3029730021953583
0.6798020005226135
0.2911069989204407
0.6837310194969177
0.2792400121688843
0.6876599788665771
0.2673740088939667
0.6915889978408813
0.2555069923400879
0.6955180168151855
0.24364100396633148
0.699446976184845
0.2317740023136139
0.7033759951591492
0.2199079990386963
0.7073050141334534
0.2080409973859787
0.7112339735031128
0.19659699499607086
0.7062069773674011
0.18515199422836304
0.7011799812316895
0.1737080067396164
0.6961529850959778
0.16226300597190857
0.6911259889602661
0.15081800520420074
0.6860989928245544
0.1393740028142929
0.6810719966888428
0.12792900204658508
0.6760450005531311
0.11648499965667725
0.6710180044174194
0.10959699749946594
0.6605870127677917
0.10270900279283524
0.6501560211181641
0.09582100063562393
0.6397250294685364
0.08893319964408875
0.6292939782142639
0.0820453017950058
0.6188629865646362
0.07515750080347061
0.6084319949150085
0.06826960295438766
0.5980010032653809
0.06138179823756218
0.5875700116157532
0.0620265007019043
0.5750859975814819
0.06267119944095612
0.5626029968261719
0.06331600248813629
0.5501199960708618
0.06396070122718811
0.5376359820365906
0.06460539996623993
0.5251529812812805
0.0652502030134201
0.512669026851654
0.06589490175247192
0.500186026096344
0.0665396973490715
0.48770299553871155
0.06719139963388443
0.4752199947834015
0.06784310191869736
0.46273699402809143
0.06849479675292969
0.45025399327278137
0.06914649903774261
0.4377709925174713
0.06979820132255554
0.42528799176216125
0.07044990360736847
0.4128049910068512
0.07110170274972916
0.40032199025154114
0.07175339758396149
0.3878389894962311
0.082771897315979
0.39374199509620667
0.09379030019044876
0.39964398741722107
0.1048090010881424
0.40554699301719666
0.11582700163125992
0.41144999861717224
0.12684600055217743
0.4173530042171478
0.13786399364471436
0.42325499653816223
0.14888300001621246
0.4291580021381378
0.1599009931087494
0.4350610077381134
0.16713599860668182
0.42486700415611267
0.17437100410461426
0.4146740138530731
0.1816049963235855
0.4044800102710724
0.18884000182151794
0.39428699016571045
0.19607500731945038
0.3840929865837097
0.20330999791622162
0.37389999628067017
0.21054400503635406
0.36370599269866943
0.2177789956331253
0.3535119891166687
0.2200230062007904
0.34121599793434143
0.2222670018672943
0.328918993473053
0.22451099753379822
0.3166219890117645
0.22675499320030212
0.30432501435279846
0.22899800539016724
0.29202800989151
0.23124200105667114
0.27973100543022156
0.23348599672317505
0.2674340009689331
0.23573000729084015
0.25513699650764465
0.24748900532722473
0.25089800357818604
0.2592479884624481
0.24665799736976624
0.2710080146789551
0.24241900444030762
0.28276699781417847
0.2381799966096878
0.29452601075172424
0.2339410036802292
0.30628499388694763
0.2297009974718094
0.3180440068244934
0.22546200454235077
0.329804003238678
0.22122299671173096
0.34230199456214905
0.221452996134758
0.3547990024089813
0.22168199717998505
0.3672969937324524
0.22191199660301208
0.37979501485824585
0.22214199602603912
0.3922930061817169
0.22237099707126617
0.404790997505188
0.2226009964942932
0.41728898882865906
0.22282999753952026
0.4297870099544525
0.2230599969625473
0.44133898615837097
0.22783400118350983
0.452892005443573
0.23260800540447235
0.46444401144981384
0.23738199472427368
0.4759970009326935
0.2421559989452362
0.4875490069389343
0.24692900478839874
0.49910199642181396
0.2517029941082001
0.5106539726257324
0.2564769983291626
0.5222070217132568
0.2612510025501251
0.5327060222625732
0.2680340111255646
0.543205976486206
0.27481698989868164
0.5537049770355225
0.2816010117530823
0.5642039775848389
0.28838399052619934
0.5747039914131165
0.2951669991016388
0.5852029919624329
0.30195000767707825
0.5957030057907104
0.3087339997291565
0.6062020063400269
0.31551700830459595
0.6181229948997498
0.31927698850631714
0.6300439834594727
0.3230380117893219
0.6419649720191956
0.3267979919910431
0.6538860201835632
0.33055800199508667
0.6658070087432861
0.33431801199913025
0.677727997303009
0.3380790054798126
0.6896489858627319
0.3418389856815338
0.7015699744224548
0.3455989956855774
0.7094579935073853
0.335222989320755
