0.21061399579048157
0.6794469952583313
0.21174399554729462
0.666998028755188
0.21287399530410767
0.6545500159263611
0.21400399506092072
0.642100989818573
0.21513399481773376
0.6296520233154297
0.21626399457454681
0.6172029972076416
0.21739399433135986
0.6047539710998535
0.2185239940881729
0.5923050045967102
0.21965399384498596
0.5798569917678833
0.23124100267887115
0.5751670002937317
0.24282799661159515
0.5704770088195801
0.25441399216651917
0.5657870173454285
0.26600098609924316
0.5610970258712769
0.27758800983428955
0.5564069747924805
0.28917500376701355
0.5517169833183289
0.30076199769973755
0.5470269918441772
0.31234800815582275
0.5423370003700256
0.31817200779914856
0.5312759876251221
0.3239949941635132
0.5202159881591797
0.329818993806839
0.5091549754142761
0.335642009973526
0.49809399247169495
0.3414649963378906
0.48703399300575256
0.34728899598121643
0.4759730100631714
0.35311201214790344
0.4649119973182678
0.35893601179122925
0.45385199785232544
0.3482719957828522
0.44732901453971863
0.3376089930534363
0.4408070147037506
0.3269450068473816
0.4342840015888214
0.3162820041179657
0.4277620017528534
0.3056190013885498
0.4212400019168854
0.29495498538017273
0.4147169888019562
0.2842920124530792
0.40819498896598816
0.27362799644470215
0.40167200565338135
0.2671160101890564
0.3910030126571655
0.26060399413108826
0.3803330063819885
0.2540920078754425
0.3696630001068115
0.24757899343967438
0.3589940071105957
0.24106700718402863
0.3483240008354187
0.23455500602722168
0.3376550078392029
0.22804200649261475
0.3269850015640259
0.2215300053358078
0.31631600856781006
0.2243659943342209
0.30414101481437683
0.22720199823379517
0.2919670045375824
0.23003800213336945
0.27979299426078796
0.23287299275398254
0.2676190137863159
0.23570899665355682
0.2554450035095215
0.2385450005531311
0.24327099323272705
0.24138100445270538
0.2310969978570938
0.24421699345111847
0.21892300248146057
0.2554750144481659
0.21349099278450012
0.26673299074172974
0.20805899798870087
0.27799099683761597
0.2026280015707016
0.2892490029335022
0.19719600677490234
0.3005070090293884
0.1917639970779419
0.31176599860191345
0.18633200228214264
0.3230240046977997
0.18090100586414337
0.3342820107936859
0.17546899616718292
0.332724004983902
0.16306599974632263
0.33116599917411804
0.15066400170326233
0.3296090066432953
0.13826100528240204
0.32805100083351135
0.12585799396038055
0.3264929950237274
0.11345600336790085
0.3249349892139435
0.10105299949645996
0.3233779966831207
0.08865080028772354
0.3218199908733368
0.07624830305576324
0.3343009948730469
0.07556899636983871
0.34678301215171814
0.07488969713449478
0.35926398634910583
0.0742105022072792
0.3717460036277771
0.07353120297193527
0.384227991104126
0.0728520005941391
0.39670899510383606
0.07217270135879517
0.4091910123825073
0.07149340212345123
0.421671986579895
0.07081419974565506
0.4246250092983246
0.08296030014753342
0.42757800221443176
0.09510649740695953
0.4305320084095001
0.10725300014019012
0.4334850013256073
0.11939900368452072
0.4364379942417145
0.13154500722885132
0.43939098715782166
0.14369100332260132
0.4423440098762512
0.15583699941635132
0.4452970027923584
0.16798299551010132
0.4483039975166321
0.18011599779129028
0.45131099224090576
0.19224900007247925
0.45431700348854065
0.2043820023536682
0.45732399821281433
0.21651500463485718
0.460330992937088
0.22864800691604614
0.4633379876613617
0.2407809942960739
0.4663439989089966
0.2529140114784241
0.46935099363327026
0.26504701375961304
0.4748460054397583
0.27627500891685486
0.48034000396728516
0.2875019907951355
0.4858349859714508
0.2987299859523773
0.49132999777793884
0.30995699763298035
0.4968250095844269
0.32118499279022217
0.5023199915885925
0.3324120044708252
0.5078150033950806
0.343639999628067
0.5133090019226074
0.35486799478530884
0.5203689932823181
0.3651829957962036
0.5274289846420288
0.3754979968070984
0.5344889760017395
0.38581401109695435
0.541549026966095
0.3961290121078491
0.5486090183258057
0.4064440131187439
0.5556690096855164
0.41675999760627747
0.562729001045227
0.42707499861717224
0.5697889924049377
0.437389999628067
0.5747550129890442
0.4488619863986969
0.5797209739685059
0.460332989692688
0.5846869945526123
0.4718039929866791
0.5896530151367188
0.48327499628067017
0.5946189761161804
0.49474701285362244
0.5995849967002869
0.5062180161476135
0.6045510172843933
0.5176889896392822
0.609516978263855
0.5291600227355957
0.617805004119873
0.5385169982910156
0.6260939836502075
0.5478739738464355
0.6343820095062256
0.5572310090065002
0.6426709890365601
0.5665879845619202
0.6509600281715393
0.5759440064430237
0.6592479944229126
0.5853009819984436
0.6675369739532471
0.5946580171585083
0.6758249998092651
0.6040149927139282
0.6830350160598755
0.6142259836196899
0.6902440190315247
0.6244379878044128
0.6974530220031738
0.6346489787101746
0.7046629786491394
0.6448609828948975
0.7118719816207886
0.6550719738006592
0.7190809845924377
0.6652839779853821
0.7262910008430481
0.6754950284957886
0.7335000038146973
0.6857069730758667
0.7388719916343689
0.6969940066337585
0.7442439794540405
0.7082809805870056
0.7496160268783569
0.7195670008659363
0.7549880146980286
0.7308539748191833
0.760358989238739
0.7421410083770752
0.7657309770584106
0.7534279823303223
0.771103024482727
0.7647150158882141
0.7764750123023987
0.7760019898414612
0.7708140015602112
0.7871469855308533
0.7651529908180237
0.798291027545929
0.7594929933547974
0.809436023235321
0.7538319826126099
0.8205810189247131
0.7481709718704224
0.8317260146141052
0.742510974407196
0.8428710103034973
0.7368500232696533
0.8540149927139282
0.7311890125274658
0.8651599884033203
