0.2003439962863922
0.7424280047416687
0.19833500683307648
0.7300900220870972
0.19632600247859955
0.717752993106842
0.19431699812412262
0.7054150104522705
0.1923079937696457
0.6930779814720154
0.19029800593852997
0.6807399988174438
0.18828900158405304
0.6684030294418335
0.1862799972295761
0.6560649871826172
0.18427099287509918
0.6437280178070068
0.1728370040655136
0.6386770009994507
0.16140300035476685
0.6336259841918945
0.14996899664402008
0.628574013710022
0.13853499293327332
0.6235229969024658
0.12710100412368774
0.6184719800949097
0.11566700041294098
0.6134210228919983
0.10423299670219421
0.6083700060844421
0.09279929846525192
0.603318989276886
0.09300920367240906
0.5908200144767761
0.0932191014289856
0.5783219933509827
0.09342910349369049
0.5658239722251892
0.09363900125026703
0.5533260107040405
0.09384900331497192
0.5408269762992859
0.09405890107154846
0.5283290147781372
0.094268798828125
0.5158309936523438
0.0944788008928299
0.5033329725265503
0.096554696559906
0.4910059869289398
0.09863059967756271
0.4786800146102905
0.10070700198411942
0.46635299921035767
0.1027820035815239
0.454026997089386
0.10485800355672836
0.4417009949684143
0.10693400353193283
0.42937400937080383
0.1090100035071373
0.41704800724983215
0.11108600348234177
0.4047209918498993
0.10632400214672089
0.3915109932422638
0.1015629991889
0.3783000111579895
