0.2486100047826767
0.802170991897583
0.26106399297714233
0.8011000156402588
0.27351799607276917
0.8000289797782898
0.285971999168396
0.7989590167999268
0.2984260022640228
0.7978879809379578
0.31088000535964966
0.7968170046806335
0.3233340084552765
0.7957460284233093
0.3357889950275421
0.7946749925613403
0.34824299812316895
0.7936040163040161
0.3606860041618347
0.792415976524353
0.3731290102005005
0.7912269830703735
0.38557299971580505
0.790037989616394
0.3980160057544708
0.7888489961624146
0.4104590117931366
0.7876600027084351
0.42290300130844116
0.7864710092544556
0.43534600734710693
0.7852830290794373
0.4477890133857727
0.784093976020813
0.45187899470329285
0.7959060072898865
0.4559690058231354
0.8077179789543152
0.4600589871406555
0.8195300102233887
0.46414801478385925
0.8313419818878174
0.4682379961013794
0.8431540131568909
0.4723280072212219
0.8549659848213196
0.47641798853874207
0.8667780160903931
0.4805069863796234
0.8785899877548218
0.4927609860897064
0.8792179822921753
0.5050140023231506
0.8798459768295288
0.5172669887542725
0.8804730176925659
0.5295199751853943
0.8811010122299194
