0.2948260009288788
0.47386300563812256
0.29237499833106995
0.4616059958934784
0.2899250090122223
0.44934898614883423
0.28747400641441345
0.43709099292755127
0.2850239872932434
0.4248340129852295
0.28257301449775696
0.41257598996162415
0.2801220118999481
0.40031901001930237
0.2776719927787781
0.388060986995697
0.27522099018096924
0.37580400705337524
0.26721400022506714
0.36620500683784485
0.25920799374580383
0.35660600662231445
0.25120100378990173
0.34700700640678406
0.24319399893283844
0.33740800619125366
0.23518699407577515
0.32780900597572327
0.22718000411987305
0.31821000576019287
0.21917299926280975
0.3086110055446625
0.21116599440574646
0.2990120053291321
0.2216150015592575
0.29215100407600403
0.23206299543380737
0.2852889895439148
0.24251200258731842
0.27842798829078674
0.2529599964618683
0.2715660035610199
0.26340800523757935
0.26470398902893066
0.2738569974899292
0.2578429877758026
0.28430500626564026
0.25098100304603577
0.29475298523902893
0.24412000179290771
0.2895030081272125
0.2327760010957718
0.28425198793411255
0.22143200039863586
0.27900099754333496
0.21008899807929993
0.27375099062919617
0.198744997382164
0.2685000002384186
0.18740099668502808
0.263249009847641
0.17605699598789215
0.257997989654541
0.1647139936685562
0.2527480125427246
0.1533699929714203
0.2429029941558838
0.14566799998283386
0.23305800557136536
0.13796499371528625
0.22321200370788574
0.13026300072669983
0.21336700022220612
0.1225610002875328
0.2035219967365265
0.1148580014705658
0.19367699325084686
0.10715600103139877
0.18383200466632843
0.0994538962841034
0.1739870011806488
0.0917515978217125
0.16720899939537048
0.08111470192670822
0.16043199598789215
0.07047790288925171
0.15365399420261383
0.05984099954366684
0.1468760073184967
0.04920420050621033
