0.34981200098991394
0.7728840112686157
0.3441140055656433
0.761758029460907
0.3384160101413727
0.7506319880485535
0.33271801471710205
0.7395060062408447
0.32701998949050903
0.728380024433136
0.3213230073451996
0.7172539830207825
0.31562501192092896
0.7061280012130737
0.30992698669433594
0.695002019405365
0.3042289912700653
0.6838759779930115
0.2944819927215576
0.6760510206222534
0.2847349941730499
0.6682249903678894
0.27498701214790344
0.6603999733924866
0.26524001359939575
0.6525740027427673
0.2554929852485657
0.6447479724884033
0.24574600160121918
0.6369230151176453
0.2359980046749115
0.6290969848632812
0.2262510061264038
0.621271014213562
0.21809199452400208
0.611801028251648
0.20993299782276154
0.6023309826850891
0.201774001121521
0.592860996723175
0.19361500442028046
0.583391010761261
0.18545599281787872
0.5739210247993469
0.17729699611663818
0.5644509792327881
0.16913799941539764
0.5549820065498352
0.1609790027141571
0.5455120205879211
0.15812799334526062
0.5333409905433655
0.15527600049972534
0.521170973777771
0.15242500603199005
0.5090000033378601
0.14957399666309357
0.4968299865722656
0.1467220038175583
0.48465898633003235
0.1438709944486618
0.47248899936676025
0.1410199999809265
0.460317999124527
0.13816900551319122
0.4481480121612549
0.1408199965953827
0.4359320104122162
0.14347100257873535
0.4237169921398163
0.146123006939888
0.4115009903907776
0.14877399802207947
0.3992860019207001
0.15142500400543213
0.3870700001716614
0.15407699346542358
0.3748539984226227
0.15672799944877625
0.36263900995254517
0.1593800038099289
0.35042300820350647
0.15614500641822815
0.33834901452064514
0.1529099941253662
0.3262749910354614
0.14967599511146545
0.3142009973526001
0.1464409977197647
0.3021259903907776
0.14320699870586395
0.29005199670791626
0.1399720013141632
0.27797800302505493
0.13673700392246246
0.2659040093421936
0.1335030049085617
0.2538290023803711
0.14370599389076233
0.24660800397396088
0.15390899777412415
0.23938700556755066
0.16411200165748596
0.23216600716114044
0.17431500554084778
0.22494499385356903
0.1845189929008484
0.2177239954471588
0.1947219967842102
0.2105029970407486
0.20492500066757202
0.2032810002565384
0.21512800455093384
0.19606000185012817
0.22689199447631836
0.1918330043554306
0.2386550009250641
0.18760499358177185
0.2504189908504486
0.18337799608707428
0.26218199729919434
0.1791509985923767
0.27394598722457886
0.17492300271987915
0.2857089936733246
0.17069600522518158
0.2974720001220703
0.16646799445152283
0.30923599004745483
0.16224099695682526
0.3156740069389343
0.15152600407600403
0.32211199402809143
0.1408119946718216
0.3285500109195709
0.13009700179100037
0.334987998008728
0.11938299983739853
0.3414260149002075
0.1086679995059967
0.3478640019893646
0.09795340150594711
0.35430198907852173
0.08723880350589752
0.3607400059700012
0.07652430236339569
0.36987900733947754
0.08505269885063171
0.3790169954299927
0.09358110278844833
0.388155996799469
0.10210999846458435
0.3972949981689453
0.11063800007104874
0.40643399953842163
0.11916600167751312
0.41557198762893677
0.1276949942111969
0.4247109889984131
0.13622300326824188
0.4338499903678894
0.14475199580192566
0.43769899010658264
0.15664400160312653
0.4415479898452759
0.16853700578212738
0.4453969895839691
0.18042899668216705
0.44924598932266235
0.1923220008611679
0.4530949890613556
0.20421500504016876
0.45694500207901
0.21610699594020844
0.46079400181770325
0.2280000001192093
0.4646430015563965
0.23989300429821014
0.4693320095539093
0.25148001313209534
0.47402098774909973
0.26306700706481934
0.47870999574661255
0.27465400099754333
0.48339900374412537
0.28624099493026733
0.4880880117416382
0.2978290021419525
0.4927769899368286
0.3094159960746765
0.49746599793434143
0.3210029900074005
0.5021550059318542
0.3325900137424469
0.5079479813575745
0.34366700053215027
0.5137410163879395
0.35474300384521484
0.5195350050926208
0.3658190071582794
0.5253279805183411
0.3768959939479828
0.531121015548706
0.38797199726104736
0.5369150042533875
0.3990490138530731
0.5427079796791077
0.4101249873638153
0.5485010147094727
0.42120200395584106
0.5558729767799377
0.4312959909439087
0.5632449984550476
0.4413909912109375
0.5706170201301575
0.4514859914779663
0.5779889822006226
0.4615809917449951
0.5853610038757324
0.47167500853538513
0.5927339792251587
0.48177000880241394
0.6001060009002686
0.49186500906944275
0.6074780225753784
0.5019590258598328
0.6154000163078308
0.5116279721260071
0.6233230233192444
0.5212960243225098
0.6312459707260132
0.5309649705886841
0.6391680240631104
0.5406339764595032
0.6470909714698792
0.5503020286560059
0.6550130248069763
0.5599709749221802
0.6629359722137451
0.5696390271186829
0.6708589792251587
0.5793079733848572
0.6755890250205994
0.5881249904632568
0.6803200244903564
0.5969420075416565
