0.8455989956855774
0.15918099880218506
0.8423709869384766
0.17125700414180756
0.8391439914703369
0.18333399295806885
0.8359159827232361
0.19540999829769135
0.8326889872550964
0.20748600363731384
0.8294609785079956
0.21956199407577515
0.826233983039856
0.23163799941539764
0.8230059742927551
0.24371400475502014
0.8197789788246155
0.25578999519348145
0.8176969885826111
0.2681159973144531
0.8156149983406067
0.2804409861564636
0.8135330080986023
0.2927669882774353
0.8114510178565979
0.3050920069217682
0.8093690276145935
0.3174169957637787
0.8072869777679443
0.32974299788475037
0.8052049875259399
0.34206798672676086
0.8031229972839355
0.35439398884773254
0.8008040189743042
0.3666769862174988
0.7984849810600281
0.3789600133895874
0.7961660027503967
0.39124301075935364
0.7938470244407654
0.4035260081291199
0.7915279865264893
0.4158090054988861
0.7892090082168579
0.42809200286865234
0.7868899703025818
0.4403750002384186
0.7845709919929504
0.4526579976081848
0.7814249992370605
0.46475499868392944
0.7782790064811707
0.47685301303863525
0.7751340270042419
0.4889509975910187
0.7719879746437073
0.5010489821434021
0.7688429951667786
0.5131459832191467
0.7656970024108887
0.5252439975738525
0.7625510096549988
0.5373420119285583
0.7594059705734253
0.549439013004303
0.7561920285224915
0.5615190267562866
0.7529789805412292
0.5735989809036255
0.7497659921646118
0.5856789946556091
0.7465519905090332
0.5977590084075928
0.7433390021324158
0.6098390221595764
0.7401260137557983
0.6219189763069153
0.7369120121002197
0.6339989900588989
0.7336990237236023
0.6460790038108826
0.7272930145263672
0.6568120121955872
0.7208870053291321
0.6675459742546082
0.714480996131897
0.6782799959182739
0.7080749869346619
0.6890130043029785
0.7016680240631104
0.6997470259666443
0.6952620148658752
0.7104809880256653
0.6888560056686401
0.7212139964103699
0.682449996471405
0.7319480180740356
0.6762700080871582
0.7428140044212341
0.6700900197029114
0.7536789774894714
0.6639099717140198
0.7645450234413147
0.6577309966087341
0.775409996509552
0.6515510082244873
0.7862759828567505
0.6453710198402405
0.7971410155296326
0.6391909718513489
0.808007001876831
0.633010983467102
0.8188719749450684
0.624442994594574
0.8279730081558228
0.6158739924430847
0.8370749950408936
0.6073060035705566
0.846176028251648
0.5987370014190674
0.8552770018577576
0.5901690125465393
0.8643779754638672
0.58160001039505
0.8734790086746216
0.573032021522522
0.8825799822807312
0.5644630193710327
0.8916810154914856
0.5521230101585388
0.8936740159988403
0.5397830009460449
0.8956670165061951
0.527442991733551
0.8976590037345886
0.5151029825210571
0.8996520042419434
0.5027629733085632
0.9016439914703369
0.49042201042175293
0.9036369919776917
0.47808200120925903
0.9056289792060852
0.46574199199676514
0.9076219797134399
0.4634940028190613
0.8953260183334351
0.4612460136413574
0.8830289840698242
0.4589979946613312
0.8707330226898193
0.4567500054836273
0.8584370017051697
0.4545019865036011
0.84614098072052
0.4522550106048584
0.8338450193405151
0.45000699162483215
0.8215479850769043
0.4477590024471283
0.8092520236968994
0.4411740005016327
0.7986270189285278
0.4345889985561371
0.7880020141601562
0.4280039966106415
0.7773780226707458
0.4214189946651459
0.7667530179023743
0.41483399271965027
0.7561280131340027
0.40824899077415466
0.7455030083656311
0.40166398882865906
0.7348780035972595
0.39507898688316345
0.7242529988288879
0.4025219976902008
0.7125300168991089
0.40996599197387695
0.7008069753646851
0.4174099862575531
0.689083993434906
