0.6404539942741394
0.15455499291419983
0.6488419771194458
0.1638229936361313
0.657230019569397
0.17309099435806274
0.6656180024147034
0.1823579967021942
0.6740059852600098
0.19162599742412567
0.6823940277099609
0.20089399814605713
0.6907820105552673
0.2101619988679886
0.6991699934005737
0.21942900121212006
0.7075579762458801
0.2286970019340515
0.7124729752540588
0.24018999934196472
0.7173879742622375
0.25168299674987793
0.7223029732704163
0.2631770074367523
0.727217972278595
0.2746700048446655
0.7321329712867737
0.28616300225257874
0.7370479702949524
0.29765599966049194
0.7419630289077759
0.30914899706840515
0.7468780279159546
0.32064199447631836
0.7564259767532349
0.32870998978614807
0.7659749984741211
0.336777001619339
0.7755230069160461
0.3448440134525299
0.7850710153579712
0.3529120087623596
0.7946190237998962
0.36097899079322815
0.8041669726371765
0.36904600262641907
0.8137159943580627
0.3771139979362488
0.8232640027999878
0.3851810097694397
0.8347629904747009
0.390082985162735
0.8462619781494141
0.39498400688171387
0.857761025428772
0.39988499879837036
0.8692600131034851
0.40478700399398804
0.8807590007781982
0.40968799591064453
0.8922579884529114
0.414588987827301
0.9037569761276245
0.4194909930229187
0.9152560234069824
0.4243920147418976
0.9188590049743652
0.4124230146408081
0.9224629998207092
0.40045300126075745
0.926065981388092
0.38848400115966797
0.929669976234436
0.3765150010585785
0.93327397108078
0.36454498767852783
0.9368770122528076
0.35257598757743835
0.9404810070991516
0.3406069874763489
0.9440839886665344
0.3286370038986206
0.9436699748039246
0.31631898880004883
0.9432550072669983
0.30399999022483826
0.9428409934043884
0.2916809916496277
0.9424260258674622
0.2793619930744171
0.9420120120048523
0.26704299449920654
