0.1556600034236908
0.07086469978094101
0.16626399755477905
0.07748270034790039
0.1768680065870285
0.08410070091485977
0.18747299909591675
0.09071870148181915
0.198076993227005
0.09733670204877853
0.20868200063705444
0.10395500063896179
0.2192859947681427
0.11057300120592117
0.22989000380039215
0.11719100177288055
0.2404949963092804
0.12380900233983994
0.2512730062007904
0.13013899326324463
0.2620519995689392
0.13646799325942993
0.272830992937088
0.14279800653457642
0.2836099863052368
0.1491280049085617
0.294389009475708
0.155458003282547
0.30516698956489563
0.1617880016565323
0.3159460127353668
0.16811800003051758
0.3267250061035156
0.17444799840450287
0.33298900723457336
0.16363100707530975
0.3392539918422699
0.15281400084495544
0.34551799297332764
0.14199699461460114
0.3517819941043854
0.13118000328540802
0.3580470085144043
0.12036299705505371
0.36431100964546204
0.10954599827528
0.37057599425315857
0.09872870147228241
0.3768399953842163
0.0879117026925087
0.3889560103416443
0.0848383978009224
0.40107300877571106
0.08176500350236893
0.41318899393081665
0.07869160175323486
0.42530500888824463
0.0756182000041008
0.4374209940433502
0.07254479825496674
0.449537992477417
0.06947139650583267
0.46165400743484497
0.0663980022072792
0.47376999258995056
0.0633246973156929
0.4763199985027313
0.07556190341711044
0.4788689911365509
0.08779919892549515
0.48141899704933167
0.10003600269556046
0.48396798968315125
0.11227399855852127
0.486517995595932
0.1245110034942627
0.4890669882297516
0.13674800097942352
0.49161601066589355
0.14898499846458435
0.49416598677635193
0.16122299432754517
0.49920201301574707
0.17266300320625305
0.504239022731781
0.18410399556159973
0.5092750191688538
0.19554400444030762
0.5143120288848877
0.2069839984178543
0.5193480253219604
0.21842500567436218
0.5243849754333496
0.22986499965190887
0.5294209718704224
0.24130600690841675
0.5344579815864563
0.25274598598480225
0.5408899784088135
0.2634640038013458
0.5473229885101318
0.274181991815567
0.553754985332489
0.2849000096321106
0.5601869821548462
0.2956179976463318
0.5666189789772034
0.306335985660553
0.5730519890785217
0.31705400347709656
0.5794839859008789
0.32777199149131775
0.5859159827232361
0.33849000930786133
0.5928900241851807
0.34886398911476135
0.5998640060424805
0.3592369854450226
0.6068379878997803
0.369610995054245
0.6138120293617249
0.3799850046634674
0.6207870244979858
0.39035800099372864
0.6277610063552856
0.40073201060295105
0.6347349882125854
0.4111059904098511
0.64170902967453
0.4214789867401123
0.6486409902572632
0.43188101053237915
0.6555740237236023
0.4422819912433624
0.6625059843063354
0.4526839852333069
0.6694380044937134
0.46308499574661255
0.6763709783554077
0.473486989736557
0.6833029985427856
0.48388800024986267
0.69023597240448
0.49428999423980713
0.6971679925918579
0.5046910047531128
0.7082949876785278
0.5103880167007446
0.7194210290908813
0.5160840153694153
0.7305480241775513
0.5217810273170471
0.74167400598526
0.5274770259857178
0.7528010010719299
0.5331739783287048
0.7639279961585999
0.5388699769973755
0.7750539779663086
0.5445659756660461
0.7861809730529785
0.550262987613678
0.7984750270843506
0.5480030179023743
0.8107690215110779
0.5457429885864258
0.8230630159378052
0.5434830188751221
0.8353570103645325
0.5412240028381348
0.8476510047912598
0.5389639735221863
0.8599449992179871
0.5367040038108826
0.8722389936447144
0.5344439744949341
0.8845329880714417
0.5321840047836304
0.8740379810333252
0.5253940224647522
0.8635429739952087
0.5186049938201904
0.8530480265617371
0.5118150115013123
0.8425520062446594
0.5050250291824341
0.832056999206543
0.49823498725891113
0.8215619921684265
0.49144500494003296
0.8110669851303101
0.4846549928188324
0.8005719780921936
0.4778650104999542
0.8100379705429077
0.46970200538635254
0.8195040225982666
0.46153900027275085
0.8289710283279419
0.4533750116825104
0.838437020778656
0.4452120065689087
0.8479030132293701
0.437049001455307
0.8573690056800842
0.42888501286506653
0.8668360114097595
0.42072200775146484
0.8763020038604736
0.412557989358902
0.8670309782028198
0.40380001068115234
0.857761025428772
0.3950420022010803
0.8484899997711182
0.3862839937210083
0.8392199873924255
0.3775250017642975
