0.7413340210914612
0.8553609848022461
0.7290130257606506
0.8532580137252808
0.7166910171508789
0.8511540293693542
0.7043690085411072
0.849049985408783
0.6920480132102966
0.8469460010528564
0.6797260046005249
0.8448420166969299
0.6674039959907532
0.8427379727363586
0.6550830006599426
0.8406350016593933
0.6427609920501709
0.8385310173034668
0.630407989025116
0.8404449820518494
0.6180559992790222
0.8423590064048767
0.6057029962539673
0.8442739844322205
0.5933510065078735
0.8461880087852478
0.5809980034828186
0.8481029868125916
0.5686460137367249
0.8500170111656189
0.5562930107116699
0.8519319891929626
0.5439410209655762
0.85384601354599
0.5314689874649048
0.8530099987983704
0.5189970135688782
0.8521729707717896
0.5065249800682068
0.8513370156288147
0.4940530061721802
0.8505010008811951
0.4815810024738312
0.8496639728546143
0.4691089987754822
0.8488280177116394
0.4566369950771332
0.8479909896850586
0.4441649913787842
0.847154974937439
0.4364359974861145
0.85698002576828
0.4287079870700836
0.8668040037155151
0.42097899317741394
0.8766279816627502
0.41324999928474426
0.8864529728889465
0.4055219888687134
0.8962770104408264
0.3977929949760437
0.9061020016670227
0.3900650143623352
0.9159259796142578
0.38233599066734314
0.9257500171661377
0.36987000703811646
0.924826979637146
0.3574039936065674
0.9239040017127991
0.3449389934539795
0.9229810237884521
0.3324730098247528
0.9220579862594604
0.32000699639320374
0.9211350083351135
0.30754101276397705
0.9202119708061218
0.295074999332428
0.9192889928817749
0.2826089859008789
0.918366014957428
0.27858200669288635
0.9065330028533936
0.2745540142059326
0.894698977470398
0.2705259919166565
0.8828660249710083
0.26649901270866394
0.8710330128669739
0.2624709904193878
0.8591989874839783
0.2584429979324341
0.8473659753799438
0.25441598892211914
0.8355330228805542
0.2503879964351654
0.8236989974975586
0.2508090138435364
0.8112059831619263
0.2512289881706238
0.7987130284309387
0.25164899230003357
0.7862210273742676
0.25207000970840454
0.7737280130386353
0.25249001383781433
0.7612349987030029
0.25290998816490173
0.7487419843673706
0.2533310055732727
0.7362490296363831
0.2537510097026825
0.7237560153007507
0.2567189931869507
0.7116129994392395
0.25968700647354126
0.6994709968566895
0.26265600323677063
0.6873279809951782
0.2656239867210388
0.6751859784126282
0.2685920000076294
0.6630430221557617
0.27156001329421997
0.6509010195732117
0.27452799677848816
0.6387590169906616
0.27749601006507874
0.6266160011291504
0.28938499093055725
0.6227539777755737
0.301272988319397
0.6188920140266418
0.3131619989871979
0.6150299906730652
0.3250499963760376
0.6111680269241333
0.3369379937648773
0.6073049902915955
0.3488270044326782
0.6034430265426636
0.36071500182151794
0.5995810031890869
0.37260401248931885
0.5957189798355103
0.38496100902557373
0.5938349962234497
0.3973180055618286
0.591949999332428
0.4096750020980835
0.5900660157203674
0.4220319986343384
0.5881819725036621
0.43438899517059326
0.5862969756126404
0.4467470049858093
0.5844129920005798
0.4591040015220642
0.5825279951095581
0.4714609980583191
0.5806440114974976
0.46162399649620056
0.5729309916496277
0.4517880082130432
0.5652179718017578
0.4419510066509247
0.5575039982795715
0.43211498856544495
0.5497909784317017
0.4222779870033264
0.5420780181884766
0.41244199872016907
0.5343649983406067
0.40260499715805054
0.5266519784927368
0.3927690088748932
0.5189380049705505
0.39723700284957886
0.5072640180587769
0.4017049968242645
0.4955900013446808
0.4061740040779114
0.4839160144329071
0.41064199805259705
0.47224199771881104
0.4151099920272827
0.46056801080703735
0.4195779860019684
0.4488939940929413
0.42404600977897644
0.4372200071811676
0.4285149872303009
0.42554500699043274
0.421315997838974
0.41532599925994873
0.4141179919242859
0.4051069915294647
0.406919002532959
0.3948880136013031
0.3997209966182709
0.3846679925918579
0.39252200722694397
0.3744490146636963
0.38532400131225586
0.3642300069332123
0.37812599539756775
0.35401099920272827
0.37092700600624084
0.34379199147224426
0.36656999588012695
0.3320760130882263
0.36221200227737427
0.320360004901886
0.3578549921512604
0.30864399671554565
0.35349801182746887
0.2969279885292053
0.3491399884223938
0.2852120101451874
0.3447830080986023
0.27349600195884705
0.3404259979724884
0.2617799937725067
0.3360680043697357
0.2500639855861664
0.34787601232528687
0.245960995554924
0.35968300700187683
0.24185700714588165
0.3714900016784668
0.2377540022134781
0.38329699635505676
0.23365099728107452
0.3951050043106079
0.22954699397087097
0.4069119989871979
0.2254440039396286
0.41871899366378784
0.22134099900722504
0.430527001619339
0.21723699569702148
0.44301700592041016
0.21774299442768097
0.45550599694252014
0.21824799478054047
0.4679960012435913
0.21875299513339996
0.4804860055446625
0.21925899386405945
0.49297600984573364
0.21976399421691895
0.5054649710655212
0.22026899456977844
0.5179550051689148
0.22077499330043793
0.5304449796676636
0.22127999365329742
0.5198119878768921
0.21528400480747223
0.5091789960861206
0.20928700268268585
0.49854499101638794
0.20329099893569946
