0.24911899864673615
0.14316199719905853
0.23740099370479584
0.1475140005350113
0.22568300366401672
0.15186600387096405
0.21396499872207642
0.1562190055847168
0.2022469937801361
0.16057099401950836
0.190529003739357
0.16492299735546112
0.17881199717521667
0.16927599906921387
0.16709400713443756
0.17362800240516663
0.15537600219249725
0.17798000574111938
0.159061998128891
0.18992400169372559
0.1627490073442459
0.2018679976463318
0.16643500328063965
0.21381300687789917
0.1701209992170334
0.22575700283050537
0.1738079935312271
0.23770099878311157
0.17749400436878204
0.24964499473571777
0.18118000030517578
0.261588990688324
0.1848669946193695
0.2735329866409302
0.18352100253105164
0.28595998883247375
0.18217499554157257
0.2983880043029785
0.1808290034532547
0.3108150064945221
0.17948299646377563
0.3232420086860657
0.17813700437545776
0.33566901087760925
0.1767909973859787
0.3480969965457916
0.17544500529766083
0.3605239987373352
0.17409899830818176
0.3729510009288788
0.1727530062198639
0.38537898659706116
0.17140699923038483
0.39780598878860474
0.17006100714206696
0.4102329909801483
0.1687150001525879
0.4226610064506531
0.16736899316310883
0.43508800864219666
0.16602300107479095
0.44751501083374023
0.1646769940853119
0.4599429965019226
0.16333100199699402
0.4723699986934662
0.16200999915599823
0.48456400632858276
0.16068899631500244
0.49675899744033813
0.15936799347400665
0.5089529752731323
0.15804800391197205
0.5211480259895325
