0.678816020488739
0.47864800691604614
0.6664209961891174
0.4802600145339966
0.6540250182151794
0.48187100887298584
0.6416289806365967
0.4834829866886139
0.6292340159416199
0.48509499430656433
0.6168379783630371
0.4867059886455536
0.6044420003890991
0.48831799626350403
0.5920469760894775
0.4899289906024933
0.5796509981155396
0.4915409982204437
0.5675280094146729
0.4945879876613617
0.5554050207138062
0.49763599038124084
0.5432829856872559
0.5006840229034424
0.5311599969863892
0.5037320256233215
0.5190370082855225
0.5067790150642395
0.5069140195846558
0.5098270177841187
0.49479201436042786
0.5128750205039978
0.48266899585723877
0.5159220099449158
0.4803909957408905
0.5036320090293884
0.47811299562454224
0.4913409948348999
0.47583499550819397
0.47905001044273376
0.4735569953918457
0.4667600095272064
0.47127899527549744
0.4544689953327179
0.46900099515914917
0.44217801094055176
0.4667229950428009
0.4298880100250244
0.46444499492645264
0.4175969958305359
0.46825799345970154
0.4059560000896454
0.4720720052719116
0.3943139910697937
