0.7591379880905151
0.2407359927892685
0.7467489838600159
0.2390729933977127
0.7343599796295166
0.2374110072851181
0.7219709753990173
0.2357490062713623
0.7095829844474792
0.23408600687980652
0.69719398021698
0.23242400586605072
0.6848049759864807
0.23076200485229492
0.6724159717559814
0.22909900546073914
0.660027027130127
0.22743700444698334
0.6530370116233826
0.2378000020980835
0.6460469961166382
0.24816299974918365
0.6390569806098938
0.2585259974002838
0.6320670247077942
0.26888900995254517
0.6250770092010498
0.27925199270248413
0.6180869936943054
0.2896150052547455
0.611096978187561
0.29997798800468445
0.6041070222854614
0.3103410005569458
0.5936740040779114
0.31512001156806946
0.5832409858703613
0.3198989927768707
0.572808027267456
0.3246780037879944
0.562375009059906
0.32945701479911804
