0.6022740006446838
0.17762500047683716
0.6036790013313293
0.19004599750041962
0.6050840020179749
0.20246699452400208
0.6064890027046204
0.21488800644874573
0.607895016670227
0.2273080050945282
0.6093000173568726
0.23972900211811066
0.6107050180435181
0.2521499991416931
0.6121100187301636
0.26457101106643677
0.6135159730911255
0.27699100971221924
0.6144790053367615
0.28945401310920715
0.6154410243034363
0.3019169867038727
0.6164039969444275
0.3143799901008606
0.6173670291900635
0.3268429934978485
0.6183300018310547
0.3393059968948364
0.6192929744720459
0.35176900029182434
0.6202549934387207
0.3642309904098511
0.6212180256843567
0.376693993806839
0.6216779947280884
0.38918599486351013
0.6221380233764648
0.4016770124435425
0.6225979924201965
0.4141690135002136
0.6230589747428894
0.4266600012779236
0.6235190033912659
0.4391520023345947
0.6239789724349976
0.4516429901123047
0.624439001083374
0.46413499116897583
0.6248990297317505
0.476626992225647
0.62397700548172
0.48909199237823486
0.6230549812316895
0.5015580058097839
0.6221330165863037
0.514024019241333
0.6212109923362732
0.5264899730682373
0.6202890276908875
0.5389559864997864
0.6193670034408569
0.5514219999313354
0.6184459924697876
0.5638880133628845
0.6175240278244019
0.5763540267944336
0.6133829951286316
0.5881490111351013
0.6092429757118225
0.5999429821968079
0.6051030158996582
0.6117370128631592
0.6009619832038879
0.6235319972038269
0.5968220233917236
0.6353260278701782
0.5926820039749146
0.647121012210846
0.5885419845581055
0.6589149832725525
0.58440101146698
0.6707090139389038
0.5775169730186462
0.6811429858207703
0.5706329941749573
0.6915770173072815
0.5637490153312683
0.7020099759101868
0.5568649768829346
0.712444007396698
0.5499809980392456
0.722877025604248
0.5430970191955566
0.7333109974861145
0.5362129807472229
0.7437440156936646
0.5293290019035339
0.754177987575531
0.5218420028686523
0.7641879916191101
0.5143550038337708
0.774196982383728
0.5068680047988892
0.7842069864273071
0.49938100576400757
0.7942169904708862
0.4918929934501648
0.8042269945144653
0.4844059944152832
0.8142359852790833
0.4769189953804016
0.8242459893226624
0.46943199634552
0.8342559933662415
0.4601059854030609
0.8425790071487427
0.4507800042629242
0.8509020209312439
0.4414539933204651
0.8592249751091003
0.43212801218032837
0.8675479888916016
0.42280200123786926
0.875872015953064
0.41347599029541016
0.8841950297355652
0.40415000915527344
0.8925179839134216
0.39482399821281433
0.9008409976959229
0.38634800910949707
0.8916540145874023
0.37787100672721863
0.8824679851531982
0.3693940043449402
0.8732810020446777
0.36091798543930054
0.8640940189361572
0.3524410128593445
0.8549069762229919
0.34396401047706604
0.8457199931144714
0.3354879915714264
0.8365340232849121
0.32701098918914795
0.8273469805717468
0.3146820068359375
0.8294050097465515
0.30235201120376587
0.8314629793167114
0.29002299904823303
0.8335220217704773
0.2776939868927002
0.8355799913406372
0.26536399126052856
0.8376380205154419
0.2530350089073181
0.8396959900856018
0.2407049983739853
0.8417540192604065
0.22837600111961365
0.8438130021095276
0.2251569926738739
0.8317340016365051
0.22193799912929535
0.8196560144424438
0.2187190055847168
0.8075780272483826
0.21549899876117706
0.7954990267753601
0.2122800052165985
0.783420979976654
0.20906099677085876
0.7713419795036316
0.2058420032262802
0.7592639923095703
0.20262299478054047
0.747186005115509
0.19761799275875092
0.7357310056686401
0.19261300563812256
0.7242770195007324
0.187608003616333
0.7128229737281799
0.18260300159454346
0.701367974281311
0.1775979995727539
0.6899139881134033
0.17259399592876434
0.6784600019454956
0.1675889939069748
0.6670060157775879
0.16258400678634644
0.655551016330719
0.17236299812793732
0.6629469990730286
