0.9372810125350952
0.35720500349998474
0.9267309904098511
0.3639099895954132
0.9161810278892517
0.3706139922142029
0.9056310057640076
0.37731799483299255
0.8950809836387634
0.3840230107307434
0.8845310211181641
0.3907270133495331
0.8739809989929199
0.39743098616600037
0.8634309768676758
0.4041360020637512
0.8528810143470764
0.4108400046825409
0.8426790237426758
0.4180620014667511
0.832476019859314
0.4252839982509613
0.8222740292549133
0.4325070083141327
0.8120710253715515
0.4397290050983429
0.8018689751625061
0.4469510018825531
0.7916659712791443
0.4541729986667633
0.7814639806747437
0.4613949954509735
0.7712609767913818
0.4686169922351837
0.7623609900474548
0.4773940145969391
0.7534599900245667
0.4861699938774109
0.7445589900016785
0.49494698643684387
0.7356579899787903
0.5037230253219604
0.7267580032348633
0.512499988079071
0.7178570032119751
0.5212759971618652
0.7089560031890869
0.5300530195236206
0.7000550031661987
0.5388290286064148
0.6894879937171936
0.5455060005187988
0.6789199709892273
0.5521820187568665
0.6683530211448669
0.5588589906692505
0.6577849984169006
0.5655360221862793
0.6472179889678955
0.5722119808197021
0.636650025844574
0.578889012336731
0.6260830163955688
0.585565984249115
0.6155149936676025
0.5922420024871826
0.6039519906044006
0.5969899892807007
0.5923889875411987
0.6017389893531799
0.5808259844779968
0.606486976146698
0.5692629814147949
0.6112350225448608
0.557699978351593
0.6159830093383789
0.5461369752883911
0.6207320094108582
0.5345739722251892
0.6254799962043762
0.5230110287666321
0.6302279829978943
0.5111119747161865
0.6340579986572266
0.49921301007270813
0.6378880143165588
0.48731398582458496
0.6417170166969299
0.4754149913787842
0.6455469727516174
0.4635159969329834
0.6493769884109497
0.4516179859638214
0.6532059907913208
0.43971899151802063
0.6570360064506531
0.42781999707221985
0.6608660221099854
0.4157550036907196
0.657597005367279
0.40369001030921936
0.6543290019035339
0.39162400364875793
0.6510599851608276
0.3795590102672577
0.6477919816970825
0.36749398708343506
0.644523024559021
0.3554289937019348
0.6412550210952759
0.34336400032043457
0.6379860043525696
0.3312990069389343
0.6347180008888245
0.3304379880428314
0.6222479939460754
0.3295759856700897
0.6097769737243652
0.3287149965763092
0.597307026386261
0.3278540074825287
0.584837019443512
0.3269929885864258
0.5723659992218018
0.3261309862136841
0.5598959922790527
0.32526999711990356
0.5474259853363037
0.32440900802612305
0.5349550247192383
0.3234280049800873
0.5224940180778503
0.3224470019340515
0.5100330114364624
0.32146599888801575
0.4975709915161133
0.32048499584198
0.48511001467704773
0.3195039927959442
0.4726479947566986
0.31852298974990845
0.46018698811531067
0.3175419867038727
0.44772499799728394
0.3165610134601593
0.435263991355896
0.30698299407958984
0.4272319972515106
0.2974050045013428
0.41920000314712524
0.2878269851207733
0.41116800904273987
0.27824899554252625
0.4031359851360321
0.2686710059642792
0.39510399103164673
0.2590929865837097
0.38707199692726135
0.24951499700546265
0.379040002822876
0.23993700742721558
0.3710080087184906
0.2303590029478073
0.3629760146141052
0.22078099846839905
0.35494399070739746
0.21120299398899078
0.3469119966030121
0.2016260027885437
0.3388800024986267
0.19204799830913544
0.33084800839424133
0.18246999382972717
0.32281601428985596
0.1728920042514801
0.3147839903831482
0.16331399977207184
0.3067519962787628
0.15286700427532196
0.2979919910430908
0.1424199938774109
0.28923100233078003
0.131973996758461
0.28047099709510803
0.12152700126171112
0.27171000838279724
