0.6422010064125061
0.04872860014438629
0.6414430141448975
0.06120559945702553
0.6406850218772888
0.073682501912117
0.639926016330719
0.08615949749946594
0.6391680240631104
0.09863650053739548
0.6384099721908569
0.11111299693584442
0.6376510262489319
0.12358999997377396
0.6368929743766785
0.1360670030117035
0.6361349821090698
0.14854399859905243
0.6366599798202515
0.1610330045223236
0.6371859908103943
0.1735219955444336
0.6377109885215759
0.18601100146770477
0.6382359862327576
0.19850000739097595
0.6387619972229004
0.21098899841308594
0.639286994934082
0.22347800433635712
0.6398130059242249
0.2359669953584671
0.6403380036354065
0.24845600128173828
0.6406700015068054
0.2609519958496094
0.6410019993782043
0.2734470069408417
0.6413329839706421
0.28594300150871277
0.641664981842041
0.29843801259994507
0.6419969797134399
0.31093400716781616
0.6423289775848389
0.32343000173568726
0.6426609754562378
0.33592501282691956
0.6429929733276367
0.34842100739479065
0.642212986946106
0.3608959913253784
0.641431987285614
0.37337198853492737
0.6406520009040833
0.3858479857444763
0.6398720145225525
0.3983229994773865
0.6390920281410217
0.4107989966869354
0.6383119821548462
0.4232749938964844
0.6375319957733154
0.43575000762939453
0.6367520093917847
0.4482260048389435
0.635496973991394
0.46066299080848694
0.634240984916687
0.4730989933013916
0.6329860091209412
0.48553600907325745
0.6317300200462341
0.4979729950428009
0.6304749846458435
0.5104100108146667
0.6292189955711365
0.5228469967842102
0.6279640197753906
0.5352830290794373
0.6267079710960388
0.5477200150489807
0.6265580058097839
0.5602189898490906
0.6264070272445679
0.5727180242538452
0.6262570023536682
0.5852169990539551
0.6261069774627686
0.5977169871330261
0.6259570121765137
0.6102160215377808
0.6258059740066528
0.6227149963378906
0.625656008720398
0.6352139711380005
0.6255059838294983
0.6477130055427551
0.6243810057640076
0.6601619720458984
0.6232560276985168
0.6726120114326477
0.6221320033073425
0.685060977935791
0.6210070252418518
0.6975100040435791
0.6198819875717163
0.7099589705467224
0.6187580227851868
0.7224090099334717
0.6176329851150513
0.734857976436615
0.6165090203285217
0.7473070025444031
0.6176109910011292
0.7597590088844299
0.6187139749526978
0.7722100019454956
0.6198170185089111
0.7846609950065613
0.6209200024604797
0.797111988067627
0.6220229864120483
0.8095639944076538
0.6231259703636169
0.8220149874687195
0.6242280006408691
0.8344659805297852
0.6253309845924377
0.8469169735908508
0.6340169906616211
0.8560540080070496
0.6427019834518433
0.8651900291442871
0.6513879895210266
0.8743270039558411
0.66007399559021
0.8834630250930786
0.6687589883804321
0.8925999999046326
