0.47679901123046875
0.38451701402664185
0.4681209921836853
0.3935129940509796
0.45944198966026306
0.40250998735427856
0.450764000415802
0.4115059971809387
0.44208601117134094
0.4205020070075989
0.4334070086479187
0.4294990003108978
0.42472898960113525
0.438495010137558
0.416049987077713
0.44749200344085693
0.40737199783325195
0.4564880132675171
0.40293899178504944
0.468176007270813
0.3985059857368469
0.4798629879951477
0.3940730094909668
0.491551011800766
0.3896400034427643
0.5032380223274231
0.38520699739456177
0.514926016330719
0.38077399134635925
0.5266129970550537
0.37634098529815674
0.5383009910583496
0.3719080090522766
0.5499879717826843
0.36832600831985474
0.5619639754295349
0.36474499106407166
0.5739399790763855
0.3611629903316498
0.5859159827232361
0.3575820028781891
0.5978919863700867
0.3540000021457672
0.6098679900169373
0.3504190146923065
0.6218439936637878
0.34683701395988464
0.6338199973106384
0.34325599670410156
0.645796000957489
0.34504199028015137
0.6581670045852661
0.34682801365852356
0.6705390214920044
0.34861400723457336
0.6829109787940979
0.35040000081062317
0.6952829957008362
0.352185994386673
0.7076539993286133
0.3539719879627228
0.7200260162353516
0.35575899481773376
0.7323979735374451
0.35754498839378357
0.7447699904441833
0.35117098689079285
0.7555220127105713
0.3447969853878021
0.7662749886512756
0.3384230136871338
0.7770280241966248
0.33204901218414307
0.7877810001373291
0.32567501068115234
0.7985339760780334
0.3193010091781616
0.8092859983444214
0.3129270076751709
0.8200389742851257
0.3065530061721802
0.8307920098304749
0.30076199769973755
0.8418700098991394
0.2949709892272949
0.852948009967804
0.2891809940338135
0.8640249967575073
0.28338998556137085
0.8751029968261719
0.2775999903678894
0.8861809968948364
0.27180901169776917
0.897258996963501
0.26601898670196533
0.9083369970321655
0.2602280080318451
0.9194149971008301
0.2705000042915344
0.9121710062026978
0.28077200055122375
0.9049270153045654
0.2910439968109131
0.8976830244064331
