0.7907519936561584
0.2949169874191284
0.789355993270874
0.30733901262283325
0.7879589796066284
0.3197610080242157
0.7865620255470276
0.33218199014663696
0.7851660251617432
0.3446039855480194
0.7837690114974976
0.35702601075172424
0.782371997833252
0.3694480061531067
0.7809759974479675
0.38186898827552795
0.7795789837837219
0.3942910134792328
0.7791460156440735
0.4067839980125427
0.7787119746208191
0.41927599906921387
0.7782790064811707
0.431768000125885
0.777845025062561
0.44426101446151733
0.7774119973182678
0.4567529857158661
0.7769790291786194
0.4692460000514984
0.776544988155365
0.48173800110816956
0.7761120200157166
0.4942309856414795
0.7751860022544861
0.5066969990730286
0.7742609977722168
0.5191619992256165
0.7733349800109863
0.5316280126571655
0.772409975528717
0.5440940260887146
0.7714840173721313
0.5565590262413025
0.7705590128898621
0.5690249800682068
0.7696329951286316
0.5814909934997559
0.7687079906463623
0.5939559936523438
0.7707750201225281
0.6062840223312378
0.7728430032730103
0.6186119914054871
0.7749099731445312
0.6309400200843811
0.7769780158996582
0.6432679891586304
0.7790449857711792
0.6555960178375244
0.7811130285263062
0.6679229736328125
0.7831799983978271
0.6802510023117065
0.7852479815483093
0.6925789713859558
0.7861760258674622
0.7050449848175049
0.7871050238609314
0.7175099849700928
0.7880340218544006
0.7299759984016418
0.7889620065689087
0.7424409985542297
0.7898910045623779
0.7549059987068176
0.7908200025558472
0.7673720121383667
0.7917479872703552
0.7798370122909546
0.7926769852638245
0.7923030257225037
0.8053479790687561
0.7868679761886597
0.8180189728736877
0.7814339995384216
0.830689013004303
0.7760000228881836
0.8433600068092346
0.7705659866333008
