0.5652239918708801
0.1137470006942749
0.5702769756317139
0.12518100440502167
0.5753300189971924
0.13661399483680725
0.5803830027580261
0.14804700016975403
0.585436999797821
0.1594800055027008
0.5904899835586548
0.1709129959344864
0.5955430269241333
0.18234600126743317
0.600596010684967
0.19377900660037994
0.6056489944458008
0.20521199703216553
0.6107439994812012
0.21662700176239014
0.6158379912376404
0.22804200649261475
0.6209319829940796
0.23945699632167816
0.6260259747505188
0.2508710026741028
0.6311209797859192
0.2622860074043274
0.6362149715423584
0.273701012134552
0.6413090229034424
0.2851159870624542
0.6464030146598816
0.29653099179267883
0.6502490043640137
0.30842500925064087
0.6540939807891846
0.3203180134296417
0.6579399704933167
0.33221200108528137
0.6617850065231323
0.344105988740921
0.6656309962272644
0.35600000619888306
0.6694769859313965
0.3678930103778839
0.6733220219612122
0.37978699803352356
0.6771680116653442
0.3916809856891632
0.6799100041389465
0.40387600660324097
0.6826519966125488
0.4160720109939575
0.6853950023651123
0.4282670021057129
0.6881369948387146
0.44046300649642944
0.6908789873123169
0.4526579976081848
0.6936219930648804
0.46485400199890137
0.6963639855384827
0.47704899311065674
0.699105978012085
0.4892449975013733
0.7037339806556702
0.5008569955825806
0.708361029624939
0.5124689936637878
0.7129889726638794
0.5240799784660339
0.7176160216331482
0.5356919765472412
0.7222440242767334
0.5473039746284485
0.7268710136413574
0.5589159727096558
0.7314990162849426
0.570527970790863
0.7361260056495667
0.5821400284767151
0.7372159957885742
0.5945919752120972
0.7383049726486206
0.6070449948310852
0.7393940091133118
0.6194970011711121
0.7404839992523193
0.6319500207901001
0.7415729761123657
0.644402027130127
0.7426630258560181
0.6568549871444702
0.7437520027160645
0.6693069934844971
0.7448409795761108
0.6817589998245239
0.7463780045509338
0.6941649913787842
0.7479140162467957
0.706570029258728
0.7494500279426575
0.7189750075340271
0.7509859800338745
0.7313799858093262
0.7525219917297363
0.7437859773635864
0.7540580034255981
0.7561910152435303
0.7555950284004211
0.7685959935188293
0.7571309804916382
0.7810009717941284
0.7570949792861938
0.7935010194778442
0.7570589780807495
0.8060010075569153
0.7570239901542664
0.8185009956359863
0.756987988948822
0.8310009837150574
0.7569519877433777
0.8435009717941284
0.7569159865379333
0.8560010194778442
0.7568809986114502
0.8685010075569153
0.7568449974060059
0.8810009956359863
0.7677739858627319
0.8870670199394226
0.7787039875984192
0.8931329846382141
0.7896329760551453
0.8991990089416504
0.8005629777908325
0.9052649736404419
0.8114920258522034
0.9113309979438782
0.8224220275878906
0.9173970222473145
0.8333520293235779
0.923462986946106
0.844281017780304
0.9295290112495422
0.8479459881782532
0.9161859750747681
0.8516119718551636
0.9028440117835999
0.8552770018577576
0.8895009756088257
0.8589419722557068
0.8761590123176575
0.8626070022583008
0.8628159761428833
0.8662729859352112
0.8494729995727539
