0.3116289973258972
0.7654860019683838
0.3156079947948456
0.7536360025405884
0.31958600878715515
0.741786003112793
0.3235650062561035
0.7299360036849976
0.3275429904460907
0.7180860042572021
0.33152198791503906
0.7062360048294067
0.33550000190734863
0.6943860054016113
0.3394779860973358
0.6825360059738159
0.34345701336860657
0.6706860065460205
0.34795698523521423
0.6590240001678467
0.3524569869041443
0.647363007068634
0.3569580018520355
0.6357010006904602
0.3614580035209656
0.6240389943122864
0.36595800518989563
0.6123769879341125
0.3704580068588257
0.6007149815559387
0.37495899200439453
0.5890529751777649
0.3794589936733246
0.5773919820785522
0.37265199422836304
0.5669080018997192
0.3658440113067627
0.5564240217208862
0.35903701186180115
0.5459399819374084
0.3522300124168396
0.5354560017585754
0.34542301297187805
0.5249720215797424
0.3386160135269165
0.5144879817962646
0.3318080008029938
0.5040040016174316
0.3250010013580322
0.49351999163627625
0.3208500146865845
0.48173001408576965
0.31669801473617554
0.4699400067329407
0.3125460147857666
0.4581489861011505
0.30839499831199646
0.4463590085506439
0.3042429983615875
0.43456798791885376
0.3000909984111786
0.42277801036834717
0.29594001173973083
0.4109880030155182
0.2917880117893219
0.3991970121860504
0.3010669946670532
0.39082100987434387
0.31034499406814575
0.3824459910392761
0.31962400674819946
0.3740699887275696
0.3289029896259308
0.36569398641586304
0.3381820023059845
0.3573180139064789
0.3474609851837158
0.34894299507141113
0.35673999786376953
0.3405669927597046
0.36601799726486206
0.33219099044799805
0.36265599727630615
0.32015201449394226
0.35929301381111145
0.3081130087375641
0.35593101382255554
0.29607298970222473
0.35256800055503845
0.28403401374816895
0.34920600056648254
0.27199500799179077
0.34584298729896545
0.2599560022354126
0.34248000383377075
0.24791599810123444
0.33911800384521484
0.23587700724601746
0.33407700061798096
0.22443899512290955
0.32903599739074707
0.21299999952316284
0.3239949941635132
0.20156100392341614
0.3189550042152405
0.19012300670146942
0.3139140009880066
0.17868399620056152
0.3088729977607727
0.1672459989786148
0.3038319945335388
0.1558070033788681
0.29879099130630493
0.1443690061569214
0.30994799733161926
0.13873200118541718
0.3211050033569336
0.13309499621391296
0.3322620093822479
0.12745900452136993
0.34341898560523987
0.12182199954986572
0.3545759916305542
0.1161860004067421
0.36573299765586853
0.11054900288581848
0.37689000368118286
0.10491199791431427
0.3880470097064972
0.09927579760551453
0.39801400899887085
0.09173169732093811
0.4079810082912445
0.0841875970363617
0.41794800758361816
0.07664360105991364
0.4279150068759918
0.06909950077533722
0.4378809928894043
0.0615554004907608
0.44784799218177795
0.05401130020618439
0.4578149914741516
0.04646719992160797
0.46778199076652527
0.038923099637031555
0.47387200593948364
0.049838900566101074
0.4799630045890808
0.060754600912332535
0.486054003238678
0.07167039811611176
0.49214500188827515
0.08258610218763351
0.49823498725891113
0.09350190311670303
0.5043259859085083
0.10441800206899643
0.5104169845581055
0.11533299833536148
0.5165070295333862
0.12624900043010712
0.5225629806518555
0.1371839940547943
0.5286179780960083
0.1481200009584427
0.5346739888191223
0.15905499458312988
0.5407289862632751
0.16999000310897827
0.546783983707428
0.18092599511146545
0.552839994430542
0.19186100363731384
0.5588949918746948
0.20279599726200104
0.5649510025978088
0.21373200416564941
0.5732399821281433
0.22308799624443054
0.5815290212631226
0.23244500160217285
0.589818000793457
0.24180099368095398
0.5981069803237915
0.2511579990386963
0.6063960194587708
0.2605139911174774
0.6146849989891052
0.26987001299858093
0.6229739785194397
0.27922698855400085
0.631263017654419
0.28858301043510437
0.6404010057449341
0.29711198806762695
0.6495400071144104
0.30564001202583313
0.6586790084838867
0.3141680061817169
0.667818009853363
0.3226970136165619
0.6769570112228394
0.3312250077724457
0.6860949993133545
0.33975300192832947
0.6952340006828308
0.34828200936317444
0.7043730020523071
0.3568100035190582
0.7138000130653381
0.3650189936161041
0.723226010799408
0.3732280135154724
0.732653021812439
0.3814370036125183
0.7420799732208252
0.3896459937095642
0.751505970954895
0.3978550136089325
0.760932981967926
0.4060640037059784
0.770359992980957
0.4142729938030243
0.7797859907150269
0.4224820137023926
0.7921249866485596
0.4244830012321472
0.8044639825820923
0.42648300528526306
0.816802978515625
0.4284839928150177
0.8291419744491577
0.43048399686813354
0.8414809703826904
0.43248501420021057
0.8538200259208679
0.4344860017299652
0.8661580085754395
0.43648600578308105
0.8784970045089722
0.4384869933128357
0.8920699954032898
0.43531298637390137
0.9056419730186462
0.43213900923728943
0.9192150235176086
0.4289650022983551
0.9327870011329651
0.4257909953594208
