0.4609920084476471
0.8209030032157898
0.4530160129070282
0.8305280208587646
0.4450399875640869
0.8401529788970947
0.437063992023468
0.8497769832611084
0.4290879964828491
0.8594020009040833
0.4211120009422302
0.8690270185470581
0.41313600540161133
0.8786519765853882
0.4051609933376312
0.8882759809494019
0.39718499779701233
0.8979009985923767
0.3879449963569641
0.8894820213317871
0.3787060081958771
0.8810629844665527
0.36946600675582886
0.872642993927002
0.36022698879241943
0.8642240166664124
0.3509880006313324
0.855804979801178
0.3417479991912842
0.8473860025405884
0.33250901103019714
0.8389670252799988
0.3232690095901489
0.8305469751358032
0.3163590133190155
0.8201310038566589
0.3094489872455597
0.8097149729728699
0.3025380074977875
0.7992990016937256
0.29562801122665405
0.7888829708099365
0.28871798515319824
0.778465986251831
0.281807005405426
0.7680500149726868
0.2748970091342926
0.7576339840888977
0.267985999584198
0.7472180128097534
0.2577750086784363
0.7544270157814026
0.24756400287151337
0.7616369724273682
0.23735199868679047
0.7688459753990173
0.22714099287986755
0.7760559916496277
0.21692900359630585
0.7832649946212769
0.20671799778938293
0.7904750108718872
0.19650599360466003
0.7976840138435364
0.18629500269889832
0.804893970489502
0.17921599745750427
0.8151959776878357
0.1721380054950714
0.8254989981651306
0.16505900025367737
0.8358020186424255
0.1579809933900833
0.8461040258407593
0.15090200304985046
0.8564069867134094
0.1438239961862564
0.8667100071907043
0.13674500584602356
0.8770120143890381
0.1296669989824295
0.8873149752616882
0.12227900326251984
0.8980680108070374
0.11489100009202957
0.9088199734687805
0.1075029969215393
0.9195730090141296
0.10011599957942963
0.930325984954834
0.0927278995513916
0.9410790205001831
0.08534009754657745
0.9518319964408875
