0.28749901056289673
0.8663049936294556
0.28321701288223267
0.854561984539032
0.2789349853992462
0.842818021774292
0.27465200424194336
0.8310739994049072
0.2703700065612793
0.8193309903144836
0.26608800888061523
0.8075870275497437
0.26180601119995117
0.7958440184593201
0.2575230002403259
0.7840999960899353
0.25324100255966187
0.7723559737205505
0.24934299290180206
0.7604799866676331
0.24544399976730347
0.7486029863357544
0.24154600501060486
0.7367269992828369
0.23764699697494507
0.7248499989509583
0.23374900221824646
0.7129740118980408
0.22984999418258667
0.7010970115661621
0.22595199942588806
0.6892210245132446
0.22205400466918945
0.677344024181366
0.2173359990119934
0.665768027305603
0.21261900663375854
0.6541929841041565
0.2079010009765625
0.6426169872283936
0.20318399369716644
0.6310409903526306
0.1984660029411316
0.6194660067558289
0.19374899566173553
0.6078900098800659
0.18903100490570068
0.596314013004303
0.18431399762630463
0.5847390294075012
0.18170900642871857
0.5725129842758179
0.1791040003299713
0.5602880120277405
0.17649799585342407
0.5480620265007019
0.173893004655838
0.5358369946479797
0.17128799855709076
0.5236110091209412
0.1686830073595047
0.511385977268219
0.16607800126075745
0.4991599917411804
0.1634719967842102
0.48693498969078064
0.16561999917030334
0.4746209979057312
0.16776800155639648
0.4623059928417206
0.16991600394248962
0.44999200105667114
0.17206299304962158
0.4376780092716217
0.17421099543571472
0.4253639876842499
0.17635899782180786
0.41304999589920044
0.178506001830101
0.400736004114151
0.18065400421619415
0.38842201232910156
0.18603700399398804
0.37713998556137085
0.19141900539398193
0.3658579885959625
0.19680200517177582
0.3545770049095154
0.2021850049495697
0.34329500794410706
0.2075670063495636
0.33201301097869873
0.21295000612735748
0.3207319974899292
0.21833300590515137
0.3094500005245209
0.22371500730514526
0.29816800355911255
0.2155349999666214
0.28871700167655945
0.20735499262809753
0.27926498651504517
0.19917400181293488
0.26981401443481445
0.190993994474411
0.26036199927330017
0.18281300365924835
0.25091099739074707
0.1746329963207245
0.24145899713039398
0.16645300388336182
0.23200799524784088
0.15827199816703796
0.2225559949874878
0.1500920057296753
0.2131049931049347
0.14191100001335144
0.2036529928445816
0.13373099267482758
0.1942020058631897
0.1255510002374649
0.1847500056028366
0.11737000197172165
0.1752990037202835
0.10919000208377838
0.16584700345993042
0.10100899636745453
0.15639600157737732
0.0928288996219635
0.14694400131702423
0.08381380140781403
0.13652800023555756
0.07479880005121231
0.12611199915409088
0.06578370183706284
0.1156959980726242
