0.08209779858589172
0.7990589737892151
0.08721090108156204
0.7876530289649963
0.09232400357723236
0.7762470245361328
0.09743720293045044
0.7648400068283081
0.10254999995231628
0.7534340023994446
0.10766299813985825
0.7420269846916199
0.11277700215578079
0.7306209802627563
0.11789000034332275
0.7192149758338928
0.12300299853086472
0.7078080177307129
0.13550199568271637
0.7077000141143799
0.1480019986629486
0.7075920104980469
0.16050100326538086
0.707485020160675
0.1730010062456131
0.707377016544342
0.18550099432468414
0.707269012928009
0.1979999989271164
0.707161009311676
0.21050000190734863
0.707053005695343
0.22299900650978088
0.70694500207901
0.23544199764728546
0.7057539820671082
0.24788500368595123
0.7045630216598511
0.260329008102417
0.7033720016479492
0.27277201414108276
0.7021809816360474
0.28521499037742615
0.7009900212287903
0.2976579964160919
0.6997990012168884
0.3101010024547577
0.6986079812049866
0.32254400849342346
0.6974170207977295
0.32026898860931396
0.685126006603241
0.3179929852485657
0.6728349924087524
0.31571701169013977
0.6605439782142639
0.3134419918060303
0.6482530236244202
0.311165988445282
0.6359620094299316
0.3088900148868561
0.6236709952354431
0.3066149950027466
0.6113790273666382
0.3043389916419983
0.5990880131721497
0.30977699160575867
0.5878329873085022
0.31521499156951904
0.5765780210494995
0.3206520080566406
0.5653219819068909
0.326090008020401
0.5540670156478882
0.3315280079841614
0.5428119897842407
0.33696499466896057
0.531557023525238
0.34240299463272095
0.5203009843826294
0.3478409945964813
0.5090460181236267
0.35074999928474426
0.49688899517059326
0.353659987449646
0.484732985496521
0.3565700054168701
0.47257599234580994
0.35947901010513306
0.4604189991950989
0.3623889982700348
0.4482629895210266
0.3652989864349365
0.43610599637031555
0.36820799112319946
0.4239499866962433
0.3711180090904236
0.4117929935455322
0.37018799781799316
0.39932799339294434
0.36925798654556274
0.38686200976371765
0.3683280050754547
0.37439700961112976
0.3673970103263855
0.3619309961795807
0.3664669990539551
0.3494659960269928
0.36553698778152466
0.3370009958744049
0.3646070063114166
0.3245350122451782
0.3636769950389862
0.31207001209259033
0.37543800473213196
0.316303014755249
0.3871999979019165
0.3205359876155853
0.39896100759506226
0.3247700035572052
0.4107230007648468
0.3290030062198639
0.42248401045799255
0.3332360088825226
0.4342449903488159
0.3374690115451813
0.44600701332092285
0.34170201420783997
0.4577679932117462
0.34593498706817627
0.45976001024246216
0.35827600955963135
0.4617519974708557
0.37061598896980286
0.4637430012226105
0.38295599818229675
0.46573498845100403
0.39529600739479065
0.46772700548171997
0.40763700008392334
0.4697189927101135
0.41997700929641724
0.47171100974082947
0.43231698870658875
0.47370201349258423
0.4446580111980438
0.4749090075492859
0.45709899067878723
0.47611600160598755
0.4695410132408142
0.4773220121860504
0.4819830060005188
0.4785290062427521
0.4944239854812622
0.47973600029945374
0.5068659782409668
0.4809420108795166
0.519307017326355
0.48214900493621826
0.5317490100860596
0.48335498571395874
0.5441910028457642
0.4848819971084595
0.5565969944000244
0.486407995223999
0.5690039992332458
0.4879339933395386
0.5814099907875061
0.4894610047340393
0.5938169956207275
0.49098700284957886
0.6062229871749878
0.4925130009651184
0.618628978729248
0.49403899908065796
0.6310359835624695
0.4955660104751587
0.6434419751167297
0.5083479881286621
0.6389279961585999
0.5211309790611267
0.63441401720047
0.5339140295982361
0.6298990249633789
0.5466960072517395
0.6253849864006042
0.5594789981842041
0.6208710074424744
0.5722619891166687
0.6163560152053833
