0.4698689877986908
0.4385499954223633
0.4823639988899231
0.4382059872150421
0.4948590099811554
0.43786099553108215
0.5073549747467041
0.4375160038471222
0.5198500156402588
0.437171995639801
0.5323449969291687
0.43682700395584106
0.5448399782180786
0.4364820122718811
0.5573359727859497
0.43613800406455994
0.5698310136795044
0.4357930123806
0.561568021774292
0.42641401290893555
0.5533049702644348
0.41703400015830994
0.5450419783592224
0.4076550006866455
0.53677898645401
0.3982749879360199
0.5285159945487976
0.38889598846435547
0.5202540159225464
0.37951600551605225
0.511991024017334
0.3701370060443878
0.5037279725074768
0.3607569932937622
0.5113319754600525
0.35083600878715515
0.5189369916915894
0.3409160077571869
0.526540994644165
0.33099499344825745
0.5341449975967407
0.3210740089416504
0.5417500138282776
0.31115299463272095
0.5493540167808533
0.3012320101261139
0.5569589734077454
0.29131200909614563
0.564562976360321
0.2813909947872162
0.5543479919433594
0.27418598532676697
0.5441340208053589
0.26698100566864014
0.5339189767837524
0.2597759962081909
0.523705005645752
0.2525709867477417
0.5134900212287903
0.24536600708961487
0.5032749772071838
0.23816099762916565
0.49306100606918335
0.23095600306987762
0.4828459918498993
0.2237509936094284
0.4950590133666992
0.2210880070924759
0.5072730183601379
0.21842600405216217
0.5194860100746155
0.21576300263404846
0.531699001789093
0.21310099959373474
0.5439119935035706
0.21043799817562103
0.5561249852180481
0.2077759951353073
0.5683379769325256
0.2051129937171936
0.580551028251648
0.20245100557804108
0.570110023021698
0.19557900726795197
0.559669017791748
0.18870599567890167
0.5492280125617981
0.18183399736881256
0.538785994052887
0.17496100068092346
0.528344988822937
0.16808900237083435
0.5179039835929871
0.16121700406074524
0.5074629783630371
0.15434400737285614
0.49702098965644836
0.14747199416160583
0.5026469826698303
0.13588400185108185
0.5082730054855347
0.12429600208997726
0.5138999819755554
0.11270800232887268
0.5195260047912598
0.1011200025677681
0.5251520276069641
0.08953239768743515
