0.5201629996299744
0.48993200063705444
0.5247960090637207
0.5015419721603394
0.529429018497467
0.513152003288269
0.5340620279312134
0.5247610211372375
0.5386949777603149
0.5363709926605225
0.5433279871940613
0.5479810237884521
0.5479609966278076
0.5595909953117371
0.552594006061554
0.5712000131607056
0.5572270154953003
0.5828099846839905
0.5696039795875549
0.5774530172348022
0.5819810032844543
0.5720959901809692
0.5943589806556702
0.5667399764060974
0.6067360043525696
0.5613830089569092
0.619113028049469
0.5560259819030762
0.6314910054206848
0.5506690144538879
