0.2116589993238449
0.7933980226516724
0.20841500163078308
0.7813270092010498
0.20517000555992126
0.7692549824714661
0.20192599296569824
0.7571840286254883
0.19868099689483643
0.7451120018959045
0.1954369992017746
0.7330399751663208
0.19219200313091278
0.720969021320343
0.18894800543785095
0.7088969945907593
0.18570299446582794
0.6968259811401367
0.18285800516605377
0.6846539974212646
0.18001200258731842
0.6724820137023926
0.17716699838638306
0.6603099703788757
0.1743209958076477
0.6481379866600037
0.17147600650787354
0.6359660029411316
0.16863100230693817
0.6237949728965759
0.16578499972820282
0.6116229891777039
0.16293999552726746
0.5994510054588318
0.15344199538230896
0.591323971748352
0.14394399523735046
0.5831980109214783
0.13444699347019196
0.5750709772109985
0.12494900077581406
0.5669440031051636
0.11545100063085556
0.5588170289993286
0.10595300048589706
0.5506910085678101
0.09645579755306244
0.5425639748573303
0.08695810288190842
0.5344370007514954
0.08602719753980637
0.5219720005989075
0.08509620279073715
0.5095070004463196
0.0841652974486351
0.4970409870147705
0.08323430269956589
0.4845759868621826
0.08230339735746384
0.4721109867095947
0.08137240260839462
0.45964500308036804
0.08044149726629257
0.44718000292778015
0.07951050251722336
0.43471500277519226
0.09071549773216248
0.42917400598526
0.10192099958658218
0.42363399267196655
0.1131260022521019
0.4180929958820343
0.12433099746704102
0.41255301237106323
0.13553600013256073
0.4070119857788086
0.14674100279808044
0.40147098898887634
0.15794600546360016
0.3959310054779053
0.16915099322795868
0.390390008687973
0.17835299670696259
0.38193100690841675
0.1875550001859665
0.3734709918498993
0.19675800204277039
0.3650110065937042
0.2059600055217743
0.35655200481414795
0.21516300737857819
0.3480919897556305
0.2243649959564209
0.3396320044994354
0.2335669994354248
0.33117300271987915
0.2427700012922287
0.3227129876613617
0.2531229853630066
0.3297179937362671
0.26347601413726807
0.3367219865322113
0.27382901310920715
0.3437269926071167
0.28418201208114624
0.3507309854030609
0.2945350110530853
0.3577359914779663
0.3048889935016632
0.3647400140762329
0.3152419924736023
0.3717449903488159
0.3255949914455414
0.3787490129470825
0.3380819857120514
0.3781830072402954
0.3505690097808838
0.3776159882545471
0.3630560040473938
0.3770500123500824
0.3755429983139038
0.3764829933643341
0.388031005859375
0.375916987657547
0.400518000125885
0.3753499984741211
0.413004994392395
0.374783992767334
0.42549198865890503
0.3742179870605469
0.42785900831222534
0.38649100065231323
0.43022599816322327
0.3987649977207184
0.4325920045375824
0.41103899478912354
0.4349589943885803
0.4233129918575287
0.43732601404190063
0.43558698892593384
0.4396919906139374
0.447860985994339
0.4420590102672577
0.46013501286506653
0.4444260001182556
0.4724090099334717
0.4458549916744232
0.4848270118236542
0.4472840130329132
0.49724501371383667
0.4487139880657196
0.5096629858016968
0.4501430094242096
0.5220810174942017
0.4515720009803772
0.5344989895820618
0.4530009925365448
0.5469170212745667
0.4544309973716736
0.5593349933624268
0.4558599889278412
0.5717530250549316
0.4566429853439331
0.584227979183197
0.4574269950389862
0.5967040061950684
0.4582099914550781
0.6091790199279785
0.4589940011501312
0.6216549873352051
0.45977699756622314
0.6341300010681152
0.46056100726127625
0.6466050148010254
0.46134400367736816
0.659080982208252
0.46212801337242126
0.6715559959411621
0.46356201171875
0.683974027633667
0.46499699354171753
0.6963909864425659
0.46643200516700745
0.7088080048561096
0.467866986989975
0.7212259769439697
0.4693019986152649
0.7336429953575134
0.47073599696159363
0.7460610270500183
0.47217100858688354
0.7584779858589172
0.4736059904098511
0.7708950042724609
0.47479701042175293
0.7833380103111267
0.4759880006313324
0.7957820296287537
0.47718000411987305
0.8082249760627747
0.4783709943294525
0.8206679821014404
0.47956201434135437
0.8331109881401062
0.48075300455093384
0.845553994178772
0.4819439947605133
0.8579970002174377
0.48313599824905396
0.8704400062561035
0.4930090010166168
0.8606399893760681
0.5028830170631409
0.8508390188217163
