0.5252460241317749
0.5964300036430359
0.5217519998550415
0.6084309816360474
0.5182579755783081
0.62043297290802
0.5147640109062195
0.6324350237846375
0.5112699866294861
0.6444370150566101
0.5077769756317139
0.6564390063285828
0.5042830109596252
0.6684399843215942
0.5007889866828918
0.6804419755935669
0.49729499220848083
0.6924440264701843
0.4943850040435791
0.7045999765396118
0.491474986076355
0.7167569994926453
0.48856401443481445
0.7289130091667175
0.48565399646759033
0.7410699725151062
0.4827440083026886
0.7532259821891785
0.4798330068588257
0.7653830051422119
0.47692298889160156
0.7775390148162842
0.47401300072669983
0.7896959781646729
0.47100499272346497
0.8018289804458618
0.4679970145225525
0.8139610290527344
0.4649890065193176
0.8260939717292786
0.46198099851608276
0.8382269740104675
0.4589729905128479
0.8503590226173401
0.4559650123119354
0.862492024898529
0.45295700430870056
0.874625027179718
0.4499489963054657
0.8867570161819458
0.4400539994239807
0.8968139886856079
0.4301599860191345
0.9068700075149536
0.4202660024166107
0.9169260263442993
0.41037100553512573
0.9269819855690002
0.40047699213027954
0.9370390176773071
0.39058199524879456
0.9470949769020081
