0.20645099878311157
0.7488139867782593
0.21593500673770905
0.7406719923019409
0.2254199981689453
0.7325299978256226
0.23490400612354279
0.7243880033493042
0.24438899755477905
0.7162460088729858
0.2538740038871765
0.7081040143966675
0.2633579969406128
0.6999620199203491
0.27284300327301025
0.6918190121650696
0.28232699632644653
0.6836770176887512
0.2937929928302765
0.6786980032920837
0.30525800585746765
0.6737189888954163
0.3167229890823364
0.6687390208244324
0.3281889855861664
0.6637600064277649
0.33965399861335754
0.6587799787521362
0.3511199951171875
0.6538010239601135
0.36258500814437866
0.648822009563446
0.37404999136924744
0.6438419818878174
0.38153401017189026
0.6338300108909607
0.3890169858932495
0.6238170266151428
0.39649999141693115
0.6138049960136414
0.4039829969406128
0.6037920117378235
0.41146600246429443
0.5937790274620056
0.41894999146461487
0.5837669968605042
0.4264329969882965
0.5737540125846863
0.43391600251197815
0.5637419819831848
0.44625699520111084
0.5701829791069031
0.45859700441360474
0.5766239762306213
