0.921101987361908
0.6575379967689514
0.9093310236930847
0.661745011806488
0.8975610136985779
0.6659529805183411
0.8857899904251099
0.6701599955558777
0.8740190267562866
0.6743680238723755
0.8622490167617798
0.6785749793052673
0.8504779934883118
0.6827830076217651
0.8387079834938049
0.6869900226593018
0.8269370198249817
0.6911979913711548
0.8174089789390564
0.6992890238761902
0.8078809976577759
0.7073799967765808
0.7983530163764954
0.7154710292816162
0.7888249754905701
0.7235620021820068
0.7792969942092896
0.7316529750823975
0.769769012928009
0.739745020866394
0.7602409720420837
0.7478359937667847
0.7507129907608032
0.7559270262718201
0.7598670125007629
0.7474150061607361
0.7690209746360779
0.7389029860496521
0.7781760096549988
0.7303919792175293
0.7873299717903137
0.7218800187110901
0.7964839935302734
0.7133679986000061
0.8056380152702332
0.7048559784889221
0.8147919774055481
0.6963440179824829
0.823947012424469
0.6878330111503601
0.8114579916000366
0.6872910261154175
0.7989699840545654
0.6867489814758301
0.7864819765090942
0.6862069964408875
0.7739940285682678
0.6856650114059448
0.7615050077438354
0.6851230263710022
0.7490170001983643
0.6845809817314148
0.7365289926528931
0.6840389966964722
0.7240409851074219
0.6834970116615295
0.7184230089187622
0.6723300218582153
0.712805986404419
0.6611639857292175
0.7071880102157593
0.6499969959259033
0.7015699744224548
0.6388310194015503
0.6959530115127563
0.6276640295982361
0.6903349757194519
0.6164969801902771
0.6847180128097534
0.6053310036659241
0.679099977016449
0.5941640138626099
0.6698480248451233
0.6025699973106384
0.660597026348114
0.6109750270843506
0.6513450145721436
0.6193810105323792
0.6420930027961731
0.6277859807014465
0.6328409910202026
0.6361920237541199
0.6235889792442322
0.6445980072021484
0.6143370270729065
0.6530029773712158
0.6050860285758972
0.6614090204238892
0.5925930142402649
0.6609820127487183
0.5800999999046326
0.6605560183525085
0.5676069855690002
0.6601290106773376
0.5551149845123291
0.6597030162811279
0.5426220297813416
0.659276008605957
0.5301290154457092
0.6588500142097473
0.5176370143890381
0.6584230065345764
0.5051440000534058
0.6579970121383667
0.4958159923553467
0.6496750116348267
0.48648801445961
0.6413540244102478
0.4771600067615509
0.6330329775810242
0.467833012342453
0.6247119903564453
0.4585050046443939
0.6163910031318665
0.44917699694633484
0.6080690026283264
0.43984898924827576
0.5997480154037476
0.43052199482917786
0.5914270281791687
0.41964200139045715
0.5852710008621216
0.40876299142837524
0.5791159868240356
0.3978840112686157
0.5729600191116333
0.38700398802757263
0.5668039917945862
0.3761250078678131
0.5606489777565002
0.3652459979057312
0.5544930100440979
0.3543669879436493
0.548337996006012
0.3434869945049286
0.5421820282936096
0.34530898928642273
0.5298159718513489
0.34713101387023926
0.5174490213394165
0.3489530086517334
0.5050820112228394
0.35077500343322754
0.4927160143852234
0.3525969982147217
0.48034900426864624
0.3544189929962158
0.4679830074310303
0.35624098777770996
0.4556159973144531
0.3580630123615265
0.44325000047683716
0.3597100079059601
0.4308589994907379
0.36135798692703247
0.41846799850463867
0.36300501227378845
0.40607699751853943
0.36465299129486084
0.3936859965324402
0.36629998683929443
0.38129499554634094
0.3679479956626892
0.3689039945602417
0.369596004486084
0.35651299357414246
0.3712430000305176
0.3441219925880432
0.36319398880004883
0.33455899357795715
0.35514500737190247
0.3249950110912323
0.3470959961414337
0.31543099880218506
0.33904701471328735
0.305867999792099
0.3309980034828186
0.29630398750305176
0.32294899225234985
0.2867409884929657
0.3149000108242035
0.27717700600624084
0.30685099959373474
0.2676129937171936
0.29517000913619995
0.2720629870891571
0.283488005399704
0.2765119969844818
0.2718069851398468
0.2809619903564453
0.260125994682312
0.2854120135307312
0.24844500422477722
0.2898609936237335
0.23676399886608124
0.294310986995697
0.22508199512958527
0.29875999689102173
0.21340100467205048
0.30320999026298523
0.2017199993133545
0.3076600134372711
0.1900389939546585
0.31210899353027344
0.17835700511932373
0.31655898690223694
0.16667599976062775
0.32100799679756165
0.15499499440193176
0.32545799016952515
0.14331400394439697
0.32990801334381104
0.131632000207901
0.33435699343681335
0.11995100229978561
0.33880698680877686
0.10746099799871445
0.3435649871826172
0.09497000277042389
0.3483229875564575
0.08247940242290497
0.35308098793029785
