0.8432930111885071
0.7229380011558533
0.831404983997345
0.719078004360199
0.8195160031318665
0.7152180075645447
0.8076270222663879
0.7113569974899292
0.7957379817962646
0.7074970006942749
0.7838490009307861
0.7036370038986206
0.7719600200653076
0.6997759938240051
0.7600709795951843
0.6959159970283508
0.7481819987297058
0.6920560002326965
0.7606189846992493
0.6908010244369507
0.7730550169944763
0.6895470023155212
0.7854920029640198
0.6882929801940918
0.7979289889335632
0.687038004398346
0.8103659749031067
0.6857839822769165
0.8228030204772949
0.6845290064811707
0.8352400064468384
0.6832749843597412
0.8476769924163818
0.6820210218429565
0.8372650146484375
0.675104022026062
0.8268529772758484
0.6681870222091675
0.816440999507904
0.661270022392273
0.8060290217399597
0.6543539762496948
0.7956169843673706
0.6474369764328003
0.7852050065994263
0.6405199766159058
0.7747930288314819
0.6336039900779724
0.7643809914588928
0.6266869902610779
0.7520779967308044
0.6244800090789795
0.7397739887237549
0.6222720146179199
0.7274699807167053
0.6200649738311768
0.7151669859886169
0.6178579926490784
0.7028629779815674
0.61565101146698
0.690559983253479
0.6134439706802368
0.6782559752464294
0.6112369894981384
0.6659529805183411
0.6090289950370789
0.6541680097579956
0.6131970286369324
0.6423829793930054
0.6173660159111023
0.6305990219116211
0.621533989906311
0.6188139915466309
0.6257020235061646
0.6070290207862854
0.6298699975013733
0.5952450037002563
0.634037971496582
0.5834599733352661
0.6382060050964355
0.5716760158538818
0.6423739790916443
0.5592449903488159
0.6436939835548401
0.5468149781227112
0.6450129747390747
0.5343850255012512
0.6463329792022705
0.5219550132751465
0.6476519703865051
0.5095250010490417
0.6489719748497009
0.497094988822937
0.6502910256385803
0.4846639931201935
0.6516109704971313
0.47223401069641113
0.6529300212860107
0.46081700921058655
0.6478409767150879
0.44940000772476196
0.642753005027771
0.4379819929599762
0.6376640200614929
0.4265649914741516
0.6325749754905701
0.415147989988327
0.627485990524292
0.40373098850250244
0.6223980188369751
0.39231300354003906
0.6173089742660522
0.3808960020542145
0.6122199892997742
0.37978601455688477
0.5997689962387085
0.37867599725723267
0.587319016456604
0.37756600975990295
0.5748680233955383
0.37645599246025085
0.5624179840087891
0.37534600496292114
0.5499669909477234
0.37423598766326904
0.5375159978866577
0.37312498688697815
0.5250660181045532
0.37201499938964844
0.5126150250434875
0.36000698804855347
0.516086995601654
0.3479990065097809
0.5195590257644653
0.3359909951686859
0.5230299830436707
0.32398200035095215
0.5265020132064819
0.3119739890098572
0.5299729704856873
0.2999660074710846
0.5334450006484985
0.2879579961299896
0.536916971206665
0.27595001459121704
0.5403879880905151
0.26594701409339905
0.547885000705719
0.25594499707221985
0.555383026599884
0.24594299495220184
0.5628799796104431
0.23594099283218384
0.570376992225647
0.22593800723552704
0.5778740048408508
0.21593600511550903
0.5853710174560547
0.20593400299549103
0.5928679704666138
0.19593200087547302
0.6003649830818176
0.19790899753570557
0.6142489910125732
0.1998869925737381
0.6281329989433289
0.20186500251293182
0.6420170068740845
