0.3844679892063141
0.3495660126209259
0.3734610080718994
0.343641996383667
0.36245399713516235
0.33771899342536926
0.3514460027217865
0.33179500699043274
0.34043899178504944
0.325872004032135
0.32943201065063477
0.3199479877948761
0.3184239864349365
0.31402501463890076
0.30741700530052185
0.30810099840164185
0.2964099943637848
0.3021779954433441
0.2979840040206909
0.289777010679245
0.29955700039863586
0.27737700939178467
0.301131010055542
0.26497599482536316
0.30270498991012573
0.25257501006126404
0.30427899956703186
0.24017499387264252
0.305853009223938
0.2277739942073822
0.30742698907852173
0.21537399291992188
0.30900099873542786
0.20297299325466156
0.3196159899234772
0.19637300074100494
0.3302310109138489
0.18977199494838715
0.3408460021018982
0.18317200243473053
0.3514620065689087
0.17657099664211273
0.362076997756958
0.16997100412845612
0.3726919889450073
0.16336999833583832
0.38330700993537903
0.1567700058221817
0.3939230144023895
0.1501690000295639
0.40639999508857727
0.15092599391937256
0.4188770055770874
0.1516830027103424
0.43135398626327515
0.15244099497795105
0.4438309967517853
0.1531980037689209
0.4563080072402954
0.15395499765872955
0.46878498792648315
0.1547120064496994
0.4812619984149933
0.15546900033950806
0.4937390089035034
0.1562259942293167
0.5010809898376465
0.16634300351142883
0.5084220170974731
0.17645899951457977
0.5157639980316162
0.1865759938955307
0.5231059789657593
0.19669300317764282
0.5304470062255859
0.20680999755859375
0.537788987159729
0.21692700684070587
0.5451300144195557
0.2270440012216568
0.5524719953536987
0.23715999722480774
0.5649359822273254
0.23621800541877747
0.5774009823799133
0.235275000333786
0.5898650288581848
0.23433199524879456
0.6023300290107727
0.23339000344276428
0.6147940158843994
0.23244699835777283
0.6272580027580261
0.23150399327278137
0.639723002910614
0.2305620014667511
0.6521869897842407
0.22961899638175964
0.6623690128326416
0.22236700356006622
0.6725500226020813
0.2151149958372116
0.6827309727668762
0.2078630030155182
0.6929129958152771
0.20061099529266357
0.7030940055847168
0.19336000084877014
0.7132750153541565
0.18610799312591553
0.7234569787979126
0.1788560003042221
0.7336379885673523
0.1716039925813675
0.745182991027832
0.17639699578285217
0.7567269802093506
0.18118999898433685
0.7682719826698303
0.18598300218582153
0.7798159718513489
0.1907760053873062
0.7913609743118286
0.1955689936876297
0.8029050230979919
0.20036199688911438
0.8144500255584717
0.20515500009059906
0.8259950280189514
0.20994800329208374
0.8309569954872131
0.22142000496387482
0.835919976234436
0.23289300501346588
0.8408830165863037
0.24436500668525696
0.8458459973335266
0.255838006734848
0.8508089780807495
0.2673110067844391
0.8557720184326172
0.27878299355506897
0.8607349991798401
0.29025599360466003
0.8656970262527466
0.3017280101776123
0.8637570142745972
0.312857985496521
0.8618159890174866
0.3239879906177521
0.8598759770393372
0.33511799573898315
