0.8061670064926147
0.6738799810409546
0.8015540242195129
0.6622620224952698
0.7969409823417664
0.6506440043449402
0.7923290133476257
0.6390269994735718
0.7877159714698792
0.6274089813232422
0.7831040024757385
0.6157910227775574
0.7784910202026367
0.6041730046272278
0.7738779783248901
0.5925549864768982
0.7692660093307495
0.5809370279312134
0.7595109939575195
0.5731220245361328
0.7497550249099731
0.5653060078620911
0.7400000095367432
0.5574899911880493
0.7302449941635132
0.5496749877929688
0.7204899787902832
0.541858971118927
0.7107340097427368
0.53404301404953
0.7009789943695068
0.5262280106544495
0.6912239789962769
0.5184119939804077
0.6805610060691833
0.5249350070953369
0.6698979735374451
0.5314580202102661
0.6592350006103516
0.5379809737205505
0.6485720276832581
0.5445039868354797
0.6379089951515198
0.5510269999504089
0.6272460222244263
0.5575500130653381
0.616582989692688
0.5640730261802673
0.6059200167655945
0.5705959796905518
0.5965390205383301
0.5788580179214478
0.5871589779853821
0.587119996547699
0.5777779817581177
0.5953810214996338
0.5683979988098145
0.603643000125885
0.55901700258255
0.6119049787521362
0.5496370196342468
0.6201670169830322
0.5402560234069824
0.6284289956092834
0.5308759808540344
0.6366900205612183
0.5196149945259094
0.6421160101890564
0.5083540081977844
0.6475419998168945
0.49709299206733704
0.6529690027236938
0.48583200573921204
0.658394992351532
0.47457098960876465
0.6638209819793701
0.46331098675727844
0.6692469716072083
0.45205000042915344
0.6746730208396912
0.44078901410102844
0.6800990104675293
0.42849498987197876
0.6823580265045166
0.41620001196861267
0.6846160292625427
0.403905987739563
0.6868749856948853
0.3916119933128357
0.6891329884529114
0.3793169856071472
0.6913920044898987
0.3670229911804199
0.6936500072479248
0.3547289967536926
0.6959090232849121
0.34243500232696533
0.6981670260429382
0.3315599858760834
0.6920040249824524
0.3206849992275238
0.6858410239219666
0.30981001257896423
0.6796780228614807
0.2989349961280823
0.6735150218009949
0.2880600094795227
0.667352020740509
0.27718499302864075
0.6611890196800232
0.26630899310112
0.6550260186195374
0.2554340064525604
0.6488630175590515
0.2519420087337494
0.6368610262870789
0.24844899773597717
0.624858021736145
0.24495600163936615
0.6128559708595276
0.24146300554275513
0.6008539795875549
0.2379699945449829
0.5888519883155823
0.2344769984483719
0.5768499970436096
0.23098500072956085
0.564848005771637
0.22749200463294983
0.5528460144996643
0.22368299961090088
0.54093998670578
0.21987499296665192
0.5290349721908569
0.21606600284576416
0.5171290040016174
0.2122579962015152
0.5052229762077332
0.20844900608062744
0.49331799149513245
0.20464099943637848
0.48141199350357056
0.20083199441432953
0.46950599551200867
0.19702400267124176
0.4575999975204468
0.1949169933795929
0.44563600420951843
