0.0920519009232521
0.8479009866714478
0.09271290153265
0.8354179859161377
0.09337399899959564
0.8229359984397888
0.09403509646654129
0.8104529976844788
0.09469609707593918
0.7979710102081299
0.09535720199346542
0.7854880094528198
0.09601820260286331
0.773006021976471
0.09667930006980896
0.7605230212211609
0.09734039753675461
0.7480409741401672
0.10601300001144409
0.7390390038490295
0.11468599736690521
0.7300369739532471
0.12335799634456635
0.7210350036621094
0.13203099370002747
0.7120329737663269
0.14070400595664978
0.7030310034751892
0.1493760049343109
0.6940289735794067
0.15804900228977203
0.685027003288269
0.16672199964523315
0.6760249733924866
0.178507000207901
0.6718599796295166
0.19029299914836884
0.6676939725875854
0.20207799971103668
0.6635289788246155
0.21386399865150452
0.6593639850616455
0.22564899921417236
0.6551979780197144
0.2374349981546402
0.6510329842567444
0.24922099709510803
0.6468679904937744
0.2610059976577759
0.6427019834518433
0.2562829852104187
0.6311290264129639
0.2515600025653839
0.6195560097694397
0.24683600664138794
0.6079829931259155
0.24211299419403076
0.596409022808075
0.23738999664783478
0.5848360061645508
0.2326660007238388
0.5732629895210266
0.22794300317764282
0.561689019203186
0.22322000563144684
0.5501160025596619
0.2169100046157837
0.539326012134552
0.21060000360012054
0.528535008430481
0.2042900025844574
0.5177450180053711
0.19798000156879425
0.5069550275802612
0.19166900217533112
0.4961639940738678
0.18535900115966797
0.48537400364875793
0.17904900014400482
0.4745829999446869
0.17273899912834167
0.463793009519577
0.16668500006198883
0.45285698771476746
0.160630002617836
0.4419209957122803
0.15457600355148315
0.4309850037097931
0.1485220044851303
0.4200490117073059
0.14246700704097748
0.40911298990249634
0.13641299307346344
0.39817699790000916
0.1303579956293106
0.38724198937416077
0.12430399656295776
0.3763059973716736
0.12831200659275055
0.36446499824523926
0.13231900334358215
0.3526250123977661
0.13632699847221375
0.3407849967479706
0.14033499360084534
0.32894501090049744
0.14434200525283813
0.3171049952507019
0.14835000038146973
0.30526500940322876
0.15235799551010132
0.2934249937534332
0.15636500716209412
0.2815850079059601
0.1607149988412857
0.2698659896850586
0.1650650054216385
0.2581470012664795
0.1694139987230301
0.2464279979467392
0.17376400530338287
0.2347089946269989
0.17811399698257446
0.2229910045862198
0.18246300518512726
0.2112720012664795
0.18681299686431885
0.1995529979467392
0.19116300344467163
0.1878339946269989
0.20218800008296967
0.18194499611854553
0.2132139950990677
0.17605499923229218
0.22423900663852692
0.17016500234603882
0.23526500165462494
0.16427600383758545
0.24629099667072296
0.1583860069513321
0.257315993309021
0.15249699354171753
0.268341988325119
0.14660699665546417
0.27936699986457825
0.14071699976921082
0.2852419912815094
0.12968400120735168
0.29111799597740173
0.11865100264549255
0.2969929873943329
0.10761799663305283
0.3028680086135864
0.0965844988822937
0.3087430000305176
0.08555129915475845
0.31461799144744873
0.0745180994272232
0.32049399614334106
0.06348489969968796
0.3263689875602722
0.05245159938931465
0.33867499232292175
0.05464410036802292
0.3509809970855713
0.056836601346731186
0.3632870018482208
0.059029098600149155
0.37559399008750916
0.06122159957885742
0.3878999948501587
0.06341420114040375
0.4002059996128082
0.06560669839382172
0.41251200437545776
0.06779920309782028
0.4248180091381073
0.06999170035123825
0.42618298530578613
0.08241699635982513
0.42754700779914856
0.09484229981899261
0.4289120137691498
0.10726799815893173
0.4302769899368286
0.11969300359487534
0.43164101243019104
0.13211800158023834
0.4330059885978699
0.14454300701618195
0.4343700110912323
0.15696899592876434
0.43573498725891113
0.16939400136470795
0.43778300285339355
0.18172499537467957
0.4398309886455536
0.19405600428581238
0.441879004240036
0.206386998295784
0.44392699003219604
0.2187180072069168
0.44597500562667847
0.23104900121688843
0.4480229914188385
0.24337999522686005
0.4500719904899597
0.25571200251579285
0.45212000608444214
0.26804301142692566
0.45323899388313293
0.28049200773239136
0.4543589949607849
0.29294198751449585
0.4554780125617981
0.30539199709892273
0.4565980136394501
0.3178420066833496
0.45771700143814087
0.3302910029888153
0.45883700251579285
0.3427410125732422
0.45995599031448364
0.3551909923553467
0.4610759913921356
0.36764100193977356
0.4471819996833801
0.36667001247406006
0.4332889914512634
0.36570000648498535
0.41939499974250793
0.36472898721694946
0.40550199151039124
0.36375901103019714
0.39160799980163574
0.36278900504112244
0.37771499156951904
0.36181798577308655
