0.05002779886126518
0.39632999897003174
0.05422760173678398
0.40810298919677734
0.05842740088701248
0.41987600922584534
0.06262730062007904
0.4316500127315521
0.06682710349559784
0.44342300295829773
0.07102689892053604
0.45519599318504333
0.0752267986536026
0.4669699966907501
0.0794266015291214
0.4787429869174957
0.0836263969540596
0.4905160069465637
0.09399379789829254
0.4975000023841858
0.10436099767684937
0.5044829845428467
0.11472799628973007
0.5114660263061523
0.12509599328041077
0.5184500217437744
0.13546299934387207
0.5254330039024353
0.14583000540733337
0.5324169993400574
0.15619799494743347
0.5393999814987183
0.16656500101089478
0.5463839769363403
0.17755599319934845
0.5523380041122437
0.18854700028896332
0.5582919716835022
0.19953800737857819
0.5642459988594055
0.21052899956703186
0.5702000260353088
0.22151899337768555
0.5761539936065674
0.23251000046730042
0.5821080207824707
0.2435009926557541
0.5880619883537292
0.25449201464653015
0.5940160155296326
0.2661040127277374
0.5893880128860474
0.2777149975299835
0.5847600102424622
0.2893269956111908
0.580132007598877
0.3009380102157593
0.5755029916763306
0.31255000829696655
0.5708749890327454
0.32416200637817383
0.5662469863891602
0.3357729911804199
0.561618983745575
0.3473849892616272
0.5569900274276733
0.3470830023288727
0.5463989973068237
0.3467809855937958
0.5358080267906189
