0.5905579924583435
0.40875500440597534
0.5828930139541626
0.418628990650177
0.5752279758453369
0.42850300669670105
0.5675619840621948
0.4383769929409027
0.5598970055580139
0.44825100898742676
0.552232027053833
0.4581249952316284
0.5445669889450073
0.46799901127815247
0.5369009971618652
0.4778729975223541
0.5292360186576843
0.4877470135688782
0.5215680003166199
0.49761900305747986
0.5139009952545166
0.5074909925460815
0.5062329769134521
0.5173630118370056
0.49856600165367126
0.5272349715232849
0.4908980131149292
0.537106990814209
0.4832310080528259
0.5469790101051331
0.4755629897117615
0.5568519830703735
0.4678960144519806
0.5667240023612976
0.46066799759864807
0.5769219994544983
0.45343899726867676
0.587119996547699
0.4462110102176666
0.5973179936408997
0.4389829933643341
0.6075170040130615
0.431755006313324
0.6177150011062622
0.42452698945999146
0.6279129981994629
0.4172990024089813
0.6381109952926636
0.41007000207901
0.6483089923858643
0.4055669903755188
0.6599699854850769
0.4010629951953888
0.6716300249099731
0.3965590000152588
0.6832910180091858
0.3920550048351288
0.6949509978294373
0.3875510096549988
0.7066109776496887
0.3830470144748688
0.7182719707489014
0.3785429894924164
0.7299320101737976
0.3740389943122864
0.7415919899940491
0.36296001076698303
0.7473809719085693
0.3518809974193573
0.7531690001487732
0.3408010005950928
0.758957028388977
0.32972198724746704
0.7647449970245361
0.3186430037021637
0.77053302526474
0.30756399035453796
0.7763209939002991
0.2964850068092346
0.7821090221405029
0.2854059934616089
0.787896990776062
0.27300500869750977
0.7894729971885681
0.26060500741004944
0.791047990322113
0.2482050061225891
0.7926239967346191
0.2358040064573288
0.7941989898681641
0.22340400516986847
0.7957749962806702
0.21100400388240814
0.7973499894142151
0.19860300421714783
0.7989259958267212
0.1862030029296875
0.8005009889602661
0.17668400704860687
0.8086029887199402
0.16716499626636505
0.8167039752006531
0.15764600038528442
0.8248059749603271
0.1481260061264038
0.8329070210456848
0.138606995344162
0.8410090208053589
0.12908799946308136
0.849111020565033
0.11956900358200073
0.8572120070457458
0.11005000025033951
0.8653140068054199
0.10141099989414215
0.8726660013198853
0.09277260303497314
0.8800179958343506
0.08413399755954742
0.8873699903488159
0.0754953995347023
0.8947219848632812
