0.8515830039978027
0.6095070242881775
0.8453770279884338
0.6203579902648926
0.8391720056533813
0.6312090158462524
0.8329660296440125
0.6420590281486511
0.8267599940299988
0.6529099941253662
0.8205549716949463
0.6637610197067261
0.8143489956855774
0.6746119856834412
0.8081430196762085
0.685463011264801
0.801937997341156
0.6963130235671997
0.7957460284233093
0.7071719765663147
0.789555013179779
0.7180309891700745
0.7833639979362488
0.7288900017738342
0.7771729826927185
0.739749014377594
0.7709810137748718
0.7506080269813538
0.7647899985313416
0.7614679932594299
0.7585989832878113
0.7723270058631897
0.7524080276489258
0.7831860184669495
0.7468630075454712
0.794389009475708
0.7413190007209778
0.8055920004844666
0.7357739806175232
0.8167949914932251
0.7302299737930298
0.8279979825019836
0.72468501329422
0.8392009735107422
0.7191410064697266
0.8504040241241455
0.713595986366272
0.861607015132904
0.7080519795417786
0.8728100061416626
0.6999030113220215
0.8822889924049377
0.6917539834976196
0.8917679786682129
0.6836060285568237
0.9012470245361328
0.6754570007324219
0.9107249975204468
0.66730797290802
0.9202039837837219
0.6591590046882629
0.9296830296516418
0.6510109901428223
0.939162015914917
0.6428620219230652
0.948639988899231
0.6306269764900208
0.9507309794425964
0.6183919906616211
0.9528220295906067
0.6061580181121826
0.9549130201339722
0.5939229726791382
0.9570029973983765
0.5816879868507385
0.9590939879417419
0.5694540143013
0.9611849784851074
