0.6257290244102478
0.3500570058822632
0.613228976726532
0.3501580059528351
0.6007300019264221
0.3502599895000458
0.5882300138473511
0.3503609895706177
0.57573002576828
0.3504619896411896
0.5632309913635254
0.3505629897117615
0.5507310032844543
0.3506639897823334
0.5382320284843445
0.35076600313186646
0.5257319808006287
0.35086700320243835
0.5330250263214111
0.3407149910926819
0.54031902551651
0.3305630087852478
0.5476120114326477
0.3204120099544525
0.5549049973487854
0.31025999784469604
0.5621989965438843
0.3001079857349396
0.569491982460022
0.2899569869041443
0.5767850279808044
0.2798050045967102
0.5840790271759033
0.26965299248695374
0.5920519828796387
0.2600269913673401
0.60002601146698
0.25040000677108765
0.6079999804496765
0.240773007273674
0.6159729957580566
0.23114700615406036
0.623947024345398
0.22152000665664673
0.6319209933280945
0.21189400553703308
0.6398940086364746
0.20226700603961945
0.6478679776191711
0.1926400065422058
0.6584039926528931
0.1859149932861328
0.6689410209655762
0.179189994931221
0.6794779896736145
0.1724649965763092
0.6900140047073364
0.1657389998435974
0.7005509734153748
0.1590140014886856
0.7110880017280579
0.1522890031337738
0.7216240167617798
0.145564004778862
0.7321609854698181
0.1388390064239502
0.7202540040016174
0.142643004655838
0.7083470225334167
0.14644700288772583
0.6964399814605713
0.15025199949741364
0.6845329999923706
0.15405599772930145
0.6726260185241699
0.15786099433898926
0.6607189774513245
0.16166499257087708
0.6488119959831238
0.16547000408172607
0.6369050145149231
0.1692740023136139
0.6266220211982727
0.1632940024137497
0.6163380146026611
0.1573140025138855
0.6060540080070496
0.1513340026140213
0.5957710146903992
0.1453540027141571
