0.3489159941673279
0.13622500002384186
0.3608030080795288
0.1400890052318573
0.37269100546836853
0.14395399391651154
0.38457900285720825
0.14781799912452698
0.3964659869670868
0.1516830027103424
0.4083540141582489
0.15554699301719666
0.4202420115470886
0.15941199660301208
0.43212899565696716
0.16327700018882751
0.4440169930458069
0.16714100539684296
0.44823700189590454
0.17890700697898865
0.452455997467041
0.19067299365997314
0.45667600631713867
0.20243999361991882
0.46089598536491394
0.21420599520206451
0.4651159942150116
0.2259719967842102
0.46933498978614807
0.2377379983663559
0.4735549986362457
0.24950499832630157
0.4777750074863434
0.26127099990844727
0.4810810089111328
0.27332600951194763
0.48438701033592224
0.2853800058364868
0.48769301176071167
0.2974349856376648
0.4909990131855011
0.30948999524116516
0.4943059980869293
0.3215450048446655
0.49761199951171875
0.3336000144481659
0.5009179711341858
0.34565499424934387
0.5042240023612976
0.35770899057388306
0.5117539763450623
0.3676869869232178
0.5192829966545105
0.3776650130748749
0.5268120169639587
0.3876430094242096
0.5343419909477234
0.3976210057735443
0.5418710112571716
0.40759900212287903
0.5493999719619751
0.41757699847221375
0.5569300055503845
0.42755499482154846
0.5644590258598328
0.4375329911708832
0.5708889961242676
0.44825199246406555
0.5773190259933472
0.4589709937572479
0.583748996257782
0.4696910083293915
0.5901790261268616
0.48041000962257385
0.5966089963912964
0.491129994392395
0.603039026260376
0.5018489956855774
0.6094689965248108
0.5125679969787598
0.6158990263938904
0.5232880115509033
0.6198570132255554
0.5351449847221375
0.6238150000572205
0.5470010042190552
0.6277740001678467
0.5588579773902893
0.6317319869995117
0.5707150101661682
0.6356899738311768
0.5825719833374023
0.6396480202674866
0.5944280028343201
0.6436060070991516
0.6062849760055542
0.6475650072097778
0.6181420087814331
0.6565899848937988
0.6267899870872498
0.6656150221824646
0.6354389786720276
0.6746399998664856
0.644087016582489
0.6836649775505066
0.6527360081672668
0.6926900148391724
0.6613839864730835
0.7017160058021545
0.6700329780578613
0.7107409834861755
0.6786820292472839
0.7197660207748413
0.6873300075531006
0.7316700220108032
0.6911439895629883
0.7435740232467651
0.694957971572876
0.755478024482727
0.6987720131874084
0.767382025718689
0.702584981918335
0.7792860269546509
0.7063990235328674
0.7911900281906128
0.7102130055427551
0.8030940294265747
0.7140269875526428
0.8149979710578918
0.7178410291671753
0.8201149702072144
0.7292450070381165
0.825232982635498
0.7406489849090576
0.8303509950637817
0.7520530223846436
0.8354690074920654
0.7634580135345459
0.8405870199203491
0.7748619914054871
0.845704972743988
0.786266028881073
0.8508229851722717
0.7976710200309753
0.8559399843215942
0.8090749979019165
0.8425520062446594
0.8045579791069031
0.8291630148887634
0.8000410199165344
0.8157740235328674
0.795524001121521
