0.5961030125617981
0.2967349886894226
0.5946379899978638
0.30914899706840515
0.5931739807128906
0.3215619921684265
0.5917090177536011
0.33397600054740906
0.5902439951896667
0.3463900089263916
0.5887799859046936
0.35880398750305176
0.587315022945404
0.3712179958820343
0.5858510136604309
0.38363200426101685
0.5843859910964966
0.3960460126399994
0.5841580033302307
0.40854400396347046
0.5839300155639648
0.42104199528694153
0.583702027797699
0.4335399866104126
0.5834739804267883
0.44603800773620605
0.5832459926605225
0.45853498578071594
0.5830180048942566
0.4710330069065094
0.5827900171279907
0.48353099822998047
0.5825620293617249
0.49602898955345154
0.5831800103187561
0.5085139870643616
0.5837990045547485
0.520999014377594
0.5844169855117798
0.5334830284118652
0.5850350260734558
0.5459679961204529
0.5856530070304871
0.5584530234336853
0.5862709879875183
0.5709369778633118
0.5868890285491943
0.5834220051765442
0.5875080227851868
0.5959069728851318
0.5770469903945923
0.603073000907898
0.5665860176086426
0.6102399826049805
0.5561249852180481
0.6174070239067078
