0.3522379994392395
0.2817330062389374
0.3397420048713684
0.2814129889011383
0.3272460103034973
0.2810940146446228
0.31474998593330383
0.2807750105857849
0.30225399136543274
0.280456006526947
0.28975799679756165
0.28013700246810913
0.27726200222969055
0.27981799840927124
0.26476600766181946
0.27949899435043335
0.25227099657058716
0.27917999029159546
0.24068999290466309
0.28388500213623047
0.2291090041399002
0.2885900139808655
0.21752800047397614
0.2932949960231781
0.20594799518585205
0.2980000078678131
0.19436700642108917
0.30270498991012573
0.1827860027551651
0.30741000175476074
0.17120599746704102
0.31211501359939575
0.15962499380111694
0.3168199956417084
0.15090200304985046
0.32577401399612427
0.1421789973974228
0.3347269892692566
0.1334560066461563
0.3436799943447113
0.12473399937152863
0.352632999420166
0.11601100116968155
0.3615869879722595
0.10728800296783447
0.37053999304771423
0.09856490045785904
0.37949299812316895
0.08984199911355972
0.38844698667526245
0.09965330362319946
0.3961920142173767
0.10946500301361084
0.4039370119571686
0.1192760020494461
0.41168200969696045
0.12908700108528137
0.4194270074367523
0.13889899849891663
0.4271720051765442
0.1487099975347519
0.43491700291633606
0.15852099657058716
0.4426630139350891
0.1683329939842224
0.450408011674881
0.1650169938802719
0.4639109969139099
0.16169999539852142
0.47741299867630005
0.15838399529457092
0.49091601371765137
0.15506799519062042
0.5044190287590027
0.15175199508666992
0.5179219841957092
