0.12448900192975998
0.3000040054321289
0.13697600364685059
0.2994450032711029
0.14946399629116058
0.2988849878311157
0.1619510054588318
0.2983259856700897
0.17443899810314178
0.2977660000324249
0.186926007270813
0.2972069978713989
0.19941399991512299
0.29664701223373413
0.211900994181633
0.29608801007270813
0.2243890017271042
0.29552799463272095
0.2359209954738617
0.29070499539375305
0.2474520057439804
0.28588101267814636
0.2589839994907379
0.2810570001602173
0.2705160081386566
0.2762329876422882
0.28204700350761414
0.2714090049266815
0.29357901215553284
0.26658499240875244
0.30511099100112915
0.26176199316978455
0.31664299964904785
0.25693801045417786
0.32785001397132874
0.262474000453949
0.33905699849128723
0.2680090069770813
0.3502649962902069
0.2735449969768524
0.3614720106124878
0.27908098697662354
0.3726789951324463
0.28461700677871704
0.38388699293136597
0.29015299677848816
0.39509400725364685
0.2956880033016205
0.40630099177360535
0.3012239933013916
0.4067870080471039
0.31371501088142395
0.40727299451828003
0.32620498538017273
0.40775901079177856
0.3386960029602051
0.4082449972629547
0.35118600726127625
0.40873101353645325
0.3636769950389862
0.4092170000076294
0.37616801261901855
0.40970298647880554
0.38865798711776733
0.4101890027523041
0.4011490046977997
0.4103640019893646
0.41364699602127075
0.41054001450538635
0.426146000623703
0.4107150137424469
0.43864500522613525
0.41089099645614624
0.4511440098285675
0.4110659956932068
0.46364301443099976
0.41124099493026733
0.4761410057544708
0.41141700744628906
0.4886400103569031
0.4115920066833496
0.5011389851570129
0.41222500801086426
0.5136229991912842
0.4128580093383789
0.5261070132255554
0.41349101066589355
0.5385910272598267
0.4141240119934082
0.5510749816894531
0.41475701332092285
0.5635589957237244
0.4153900146484375
0.5760430097579956
0.41602298617362976
0.5885270237922668
0.4166559875011444
0.6010109782218933
0.41668200492858887
0.6135110259056091
0.41670700907707214
0.6260110139846802
0.4167329967021942
0.63850998878479
0.41675901412963867
0.6510099768638611
0.41678500175476074
0.6635100245475769
0.4168109893798828
0.676010012626648
0.41683700680732727
0.688510000705719
0.41686299443244934
0.70100998878479
0.41801801323890686
0.7134569883346558
0.419173002243042
0.7259029746055603
0.4203279912471771
0.738349974155426
0.42148301005363464
0.7507960200309753
0.4226379990577698
0.7632430195808411
0.4237929880619049
0.7756900191307068
0.4249480068683624
0.7881360054016113
0.42610299587249756
0.800583004951477
0.42270800471305847
0.8126130104064941
0.4193130135536194
0.8246430158615112
0.4159179925918579
0.8366730213165283
0.4125230014324188
0.8487030267715454
0.40912801027297974
0.8607329726219177
0.40573298931121826
0.8727629780769348
0.4023379981517792
0.8847929835319519
0.3989430069923401
0.8968240022659302
0.38922399282455444
0.9046840071678162
0.37950399518013
0.9125440120697021
0.36978501081466675
0.9204049706459045
0.3600659966468811
0.9282649755477905
0.35034599900245667
0.9361249804496765
0.3406270146369934
0.9439859986305237
0.33090800046920776
0.9518460035324097
0.3211880028247833
0.9597060084342957
