0.4922240078449249
0.5287529826164246
0.48528099060058594
0.5391470193862915
0.47833800315856934
0.5495409965515137
0.47139400243759155
0.559935986995697
0.46445098519325256
0.570330023765564
0.45750799775123596
0.5807240009307861
0.45056501030921936
0.5911179780960083
0.4436210095882416
0.6015130281448364
0.4366779923439026
0.6119070053100586
0.43212801218032837
0.6235489845275879
0.4275769889354706
0.6351919770240784
0.42302700877189636
0.6468340158462524
0.4184759855270386
0.6584759950637817
0.41392600536346436
0.670117974281311
0.40937501192092896
0.6817610263824463
0.40482500195503235
0.6934030055999756
0.40027400851249695
0.7050449848175049
0.39708998799324036
0.7171329855918884
0.39390701055526733
0.729220986366272
0.39072299003601074
0.7413089871406555
0.3875400125980377
0.7533969879150391
0.38435599207878113
0.7654839754104614
0.3811730146408081
0.777571976184845
0.3779889941215515
0.7896599769592285
0.3748050034046173
0.8017479777336121
0.3625819981098175
0.7991309762001038
0.3503589928150177
0.7965149879455566
0.3381359875202179
0.7938979864120483
0.3259130120277405
0.7912819981575012
0.3136900067329407
0.7886649966239929
0.30146700143814087
0.7860490083694458
0.28924399614334106
0.7834320068359375
0.27702099084854126
0.7808160185813904
0.2826400101184845
0.7696499824523926
0.28825899958610535
0.7584840059280396
0.2938779890537262
0.7473189830780029
0.29949700832366943
0.7361530065536499
0.3051159977912903
0.7249869704246521
0.3107360005378723
0.7138209939002991
0.31635499000549316
0.702655017375946
0.3219740092754364
0.6914899945259094
0.3132860064506531
0.6825029850006104
0.30459699034690857
0.6735159754753113
0.29590898752212524
0.664529025554657
0.2872210144996643
0.6555420160293579
0.278533011674881
0.6465550065040588
0.2698439955711365
0.6375679969787598
0.26115599274635315
0.6285809874534607
0.2524679899215698
0.6195949912071228
0.25245401263237
0.6070950031280518
0.2524389922618866
0.5945950150489807
0.2524249851703644
0.5820950269699097
0.25241100788116455
0.5695949792861938
0.25239598751068115
0.5570949912071228
0.2523820102214813
0.5445950031280518
0.2523680031299591
0.5320950150489807
0.2523530125617981
0.5195950269699097
0.2563120126724243
0.5077379941940308
0.26027101278305054
0.49588099122047424
0.2642289996147156
0.4840250015258789
0.2681879997253418
0.4721679985523224
0.27214598655700684
0.46031099557876587
0.27610498666763306
0.44845500588417053
0.2800630033016205
0.436598002910614
0.2840220034122467
0.4247420132160187
0.2804830074310303
0.41275298595428467
0.27694499492645264
0.40076398849487305
0.2734059989452362
0.3887760043144226
0.2698670029640198
0.376787006855011
0.26632899045944214
0.36479800939559937
0.2627899944782257
0.35280999541282654
0.2592509984970093
0.3408209979534149
0.25571298599243164
0.3288320004940033
0.25594401359558105
0.34132999181747437
0.2561759948730469
0.3538280129432678
0.2564080059528351
0.3663260042667389
0.2566390037536621
0.37882399559020996
0.2568710148334503
0.39132198691368103
0.25710201263427734
0.4038189947605133
0.25733399391174316
0.4163169860839844
0.2575649917125702
0.42881500720977783
0.25580498576164246
0.4388979971408844
0.2540450096130371
0.4489800035953522
