0.12225399911403656
0.050785500556230545
0.12568500638008118
0.06280550360679626
0.1291150003671646
0.07482550293207169
0.13254599273204803
0.0868455022573471
0.13597699999809265
0.09886550158262253
0.13940800726413727
0.11088500171899796
0.1428380012512207
0.12290500104427338
0.14626899361610413
0.1349249929189682
0.14970000088214874
0.14694499969482422
0.161204993724823
0.1518319994211197
0.17271000146865845
0.15671899914741516
0.1842149943113327
0.16160599887371063
0.19572000205516815
0.16649200022220612
0.2072259932756424
0.1713789999485016
0.21873100101947784
0.17626599967479706
0.2302359938621521
0.18115299940109253
0.24174100160598755
0.186039000749588
0.23863400518894196
0.1981469988822937
0.23552599549293518
0.2102539986371994
0.2324180006980896
0.2223619967699051
0.22931000590324402
0.2344689965248108
0.22620299458503723
0.24657699465751648
0.22309499979019165
0.2586840093135834
0.21998700499534607
0.27079200744628906
0.2168789952993393
0.28290000557899475
0.22494399547576904
0.2924500107765198
0.2330079972743988
0.3020009994506836
0.24107299745082855
0.3115519881248474
0.2491369992494583
0.32110199332237244
0.2572009861469269
0.33065301179885864
0.2652660012245178
0.34020400047302246
0.2733300030231476
0.3497549891471863
0.28139400482177734
0.3593049943447113
0.2801550030708313
0.3717440068721771
0.27891600131988525
0.38418200612068176
0.2776769995689392
0.3966209888458252
0.27643701434135437
0.40905898809432983
0.2751980125904083
0.4214969873428345
0.2739590108394623
0.4339359998703003
0.27272000908851624
0.44637399911880493
0.2714810073375702
0.45881301164627075
0.2628520131111145
0.4678570032119751
0.2542229890823364
0.47690099477767944
0.24559399485588074
0.4859449863433838
0.23696599900722504
0.4949890077114105
0.22833700478076935
0.5040330290794373
0.21970799565315247
0.5130770206451416
0.21107900142669678
0.522121012210846
0.20245100557804108
0.5311650037765503
0.2002989947795868
0.5434790253639221
0.1981479972600937
0.555791974067688
0.1959960013628006
0.5681049823760986
0.1938440054655075
0.5804190039634705
0.1916929930448532
0.5927320122718811
0.18954099714756012
0.6050459742546082
0.18738999962806702
0.6173589825630188
0.18523800373077393
0.6296730041503906
0.18361300230026245
0.6420660018920898
0.181987002491951
0.6544600129127502
0.18036200106143951
0.6668540239334106
0.17873600125312805
0.6792479753494263
0.17711099982261658
0.6916419863700867
0.17548500001430511
0.7040359973907471
0.17385999858379364
0.7164300084114075
0.17223399877548218
0.7288230061531067
0.1848600059747696
0.7264770269393921
0.1974859982728958
0.7241309881210327
0.21011100709438324
0.7217850089073181
0.22273699939250946
0.7194390296936035
0.2353619933128357
0.7170929908752441
0.2479880005121231
0.7147470116615295
