0.5486509799957275
0.6123089790344238
0.5501710176467896
0.6247159838676453
0.551692008972168
0.6371229887008667
0.5532130002975464
0.6495299935340881
0.5547339916229248
0.6619369983673096
0.5562549829483032
0.6743450164794922
0.5577759742736816
0.6867520213127136
0.5592970252037048
0.6991590261459351
0.5608180165290833
0.7115659713745117
0.5618889927864075
0.7240200042724609
0.5629600286483765
0.7364739775657654
0.5640320181846619
0.7489280104637146
0.5651029944419861
0.761381983757019
0.5661739706993103
0.7738360166549683
0.5672450065612793
0.7862899899482727
0.5683169960975647
0.7987440228462219
0.5693879723548889
0.8111979961395264
0.5775660276412964
0.8206520080566406
0.5857440233230591
0.8301050066947937
0.5939220190048218
0.839559018611908
0.6021000146865845
0.849012017250061
0.6102780103683472
0.8584660291671753
0.6184560060501099
0.8679199814796448
0.6266340017318726
0.8773729801177979
0.6348119974136353
0.8868269920349121
0.6445649862289429
0.8946449756622314
0.6543189883232117
0.9024630188941956
0.6640719771385193
0.9102810025215149
0.6738259792327881
0.9180989861488342
0.6835790276527405
0.9259160161018372
0.6933320164680481
0.9337339997291565
0.7030860185623169
0.9415519833564758
0.7128390073776245
0.9493700265884399
0.7197960019111633
0.9533249735832214
