0.9454470276832581
0.7349079847335815
0.9329760074615479
0.7357550263404846
0.9205039739608765
0.7366009950637817
0.908033013343811
0.7374470233917236
0.8955619931221008
0.7382940053939819
0.8830900192260742
0.739139974117279
0.870618999004364
0.7399870157241821
0.8581479787826538
0.7408329844474792
0.8456760048866272
0.7416790127754211
0.8336380124092102
0.7450460195541382
0.8216000199317932
0.748412013053894
0.8095620274543762
0.7517790198326111
0.7975239753723145
0.7551450133323669
0.7854859828948975
0.758512020111084
0.7734479904174805
0.7618780136108398
0.7614099979400635
0.7652450203895569
0.7493709921836853
0.7686110138893127
0.7369430065155029
0.7699450254440308
0.7245140075683594
0.7712780237197876
0.7120850086212158
0.7726119756698608
0.6996570229530334
0.7739449739456177
0.6872280240058899
0.7752789855003357
0.6747990250587463
0.7766119837760925
0.6623709797859192
0.7779459953308105
0.6499419808387756
0.7792789936065674
0.637598991394043
0.777301013469696
0.6252570152282715
0.7753229737281799
0.6129140257835388
0.7733460068702698
0.6005719900131226
0.7713680267333984
0.5882290005683899
0.7693899869918823
0.5758870244026184
0.767412006855011
0.563543975353241
0.765434980392456
0.5512019991874695
0.7634570002555847
0.5393639802932739
0.7674720287322998
0.5275260210037231
0.7714869976043701
0.5156890153884888
0.7755020260810852
0.5038509964942932
0.7795169949531555
0.49201300740242004
0.7835320234298706
0.48017600178718567
0.7875469923019409
0.4683380126953125
0.791562020778656
0.4565010070800781
0.7955769896507263
0.44424301385879517
0.7980290055274963
0.431986004114151
0.8004810214042664
0.41972899436950684
0.8029329776763916
0.40747201442718506
0.8053860068321228
0.3952150046825409
0.8078380227088928
0.38295799493789673
0.8102899789810181
0.37070098519325256
0.8127419948577881
0.3584440052509308
0.8151940107345581
0.35555899143218994
0.8030310273170471
0.3526740074157715
0.7908689975738525
0.34978899359703064
0.7787060141563416
0.346904993057251
0.766543984413147
0.3440200090408325
0.754381000995636
0.3411349952220917
0.742218017578125
0.338250994682312
0.7300559878349304
0.33536601066589355
0.7178930044174194
0.32410699129104614
0.7124639749526978
0.3128480017185211
0.7070339918136597
0.3015890121459961
0.7016040086746216
0.2903290092945099
0.6961749792098999
0.2790699899196625
0.6907449960708618
0.26781100034713745
0.6853150129318237
0.2565520107746124
0.679885983467102
0.2452930063009262
0.674456000328064
0.2361380010843277
0.6829670071601868
0.2269829958677292
0.6914780139923096
0.21782800555229187
0.6999890208244324
0.20867300033569336
0.7085000276565552
0.19951699674129486
0.7170100212097168
0.19036200642585754
0.7255210280418396
0.18120700120925903
0.7340319752693176
0.17205199599266052
0.7425429821014404
0.1628970056772232
0.7510539889335632
0.1537420004606247
0.759564995765686
0.14458699524402618
0.7680760025978088
0.13543200492858887
0.7765870094299316
0.12627699971199036
0.7850970029830933
0.11712200194597244
0.7936080098152161
0.10796699672937393
0.8021190166473389
0.09881190210580826
0.8106300234794617
0.09052159637212753
0.8183370232582092
0.0822312980890274
0.8260440230369568
0.07394099980592728
0.8337510228157043
0.06565070152282715
0.8414580225944519
