0.3138040006160736
0.2729800045490265
0.3203279972076416
0.2623170018196106
0.3268519937992096
0.2516550123691559
0.3333759903907776
0.24099299311637878
0.3398999869823456
0.23033000528812408
0.34642401337623596
0.21966800093650818
0.35294800996780396
0.20900499820709229
0.35947200655937195
0.19834299385547638
0.36599600315093994
0.18768000602722168
0.37802401185035706
0.18427899479866028
0.3900519907474518
0.18087700009346008
0.4020810127258301
0.1774750053882599
0.4141089916229248
0.1740729957818985
0.4261370003223419
0.1706710010766983
0.43816500902175903
0.1672700047492981
0.45019298791885376
0.1638679951429367
0.46222200989723206
0.1604660004377365
0.4653570055961609
0.1725669950246811
0.4684920012950897
0.18466700613498688
0.47162601351737976
0.19676800072193146
0.4747610092163086
0.20886799693107605
0.4778960049152374
0.22096900641918182
0.48103100061416626
0.23306900262832642
0.4841659963130951
0.245169997215271
0.4873009920120239
0.2572700083255768
0.49434301257133484
0.2675980031490326
0.501384973526001
0.2779259979724884
0.5084270238876343
0.2882530093193054
0.5154680013656616
0.29858100414276123
0.5225099921226501
0.30890899896621704
0.5295519828796387
0.31923699378967285
0.5365939736366272
0.32956400513648987
0.5436360239982605
0.3398919999599457
0.5484399795532227
0.3514319956302643
0.5532439947128296
0.3629719913005829
0.5580480098724365
0.3745119869709015
0.5628520250320435
0.3860520124435425
0.5676559805870056
0.3975920081138611
0.5724599957466125
0.4091320037841797
0.5772640109062195
0.4206719994544983
0.5820680260658264
0.4322119951248169
0.585811972618103
0.4441379904747009
0.589555025100708
0.45606499910354614
0.5932989716529846
0.4679909944534302
0.5970420241355896
0.4799169898033142
0.6007859706878662
0.49184298515319824
0.6045299768447876
0.5037699937820435
0.6082730293273926
0.5156959891319275
0.6120169758796692
0.5276219844818115
0.6179530024528503
0.5386229753494263
0.6238890290260315
0.5496230125427246
0.629826009273529
0.5606229901313782
0.6357619762420654
0.5716239809989929
0.6416980028152466
0.5826240181922913
0.6476340293884277
0.593625009059906
0.6535710096359253
0.6046249866485596
0.6595069766044617
0.6156259775161743
0.6655060052871704
0.6265919804573059
0.6715049743652344
0.6375589966773987
0.6775040030479431
0.6485249996185303
0.6835029721260071
0.6594910025596619
0.6895020008087158
0.6704580187797546
0.6955010294914246
0.6814240217208862
0.7014999985694885
0.6923909783363342
0.7074990272521973
0.7033569812774658
0.7154340147972107
0.7130159735679626
0.7233679890632629
0.7226750254631042
0.7313029766082764
0.7323330044746399
0.7392370104789734
0.7419919967651367
0.7471719980239868
0.7516509890556335
0.7551059722900391
0.7613099813461304
0.7630410194396973
0.7709689736366272
0.7709749937057495
0.7806280255317688
0.7812100052833557
0.7878040075302124
0.7914450168609619
0.7949810028076172
0.8016790151596069
0.8021569848060608
0.8119140267372131
0.8093339800834656
0.8221489787101746
0.816510021686554
0.8323829770088196
0.8236870169639587
0.8426179885864258
0.8308629989624023
0.852853000164032
0.8380399942398071
0.8558880090713501
0.8501660227775574
0.858922004699707
0.8622919917106628
0.8619570136070251
0.8744180202484131
0.8649920225143433
0.8865439891815186
0.8680269718170166
0.8986700177192688
0.8710619807243347
0.9107959866523743
0.8740969896316528
0.9229220151901245
0.877131998538971
0.93504798412323
0.8770890235900879
0.9458510279655457
