0.5213149785995483
0.35214200615882874
0.5227900147438049
0.3645550012588501
0.5242660045623779
0.37696701288223267
0.5257409811019897
0.38938000798225403
0.5272160172462463
0.4017930030822754
0.5286909937858582
0.41420501470565796
0.53016597032547
0.4266180098056793
0.5316420197486877
0.4390310049057007
0.5331169962882996
0.45144298672676086
0.5331810116767883
0.4639430046081543
0.5332459807395935
0.47644299268722534
0.5333099961280823
0.4889430105686188
0.533374011516571
0.5014430284500122
0.5334389805793762
0.5139420032501221
0.533502995967865
0.5264419913291931
0.5335680246353149
0.5389419794082642
0.5336319804191589
0.55144202709198
0.5339750051498413
0.5639370083808899
0.5343189835548401
0.5764319896697998
0.5346620082855225
0.5889279842376709
0.5350059866905212
0.6014230251312256
0.5353490114212036
0.6139180064201355
0.5356929898262024
0.6264140009880066
0.5360360145568848
0.6389089822769165
0.5363789796829224
0.6514040231704712
0.5369560122489929
0.6638910174369812
0.5375319719314575
0.67637699842453
0.5381090044975281
0.68886399269104
0.5386859774589539
0.70135098695755
0.5392619967460632
0.7138379812240601
0.5398390293121338
0.7263240218162537
0.5404149889945984
0.7388110160827637
0.540992021560669
0.7512980103492737
0.5398200154304504
0.763742983341217
0.5386480093002319
0.7761880159378052
0.5374760031700134
0.7886329889297485
0.5363039970397949
0.8010770082473755
0.5351330041885376
0.8135219812393188
0.5339609980583191
0.825967013835907
0.5327889919281006
0.8384119868278503
0.5316169857978821
0.8508570194244385
0.5426340103149414
0.856764018535614
0.5536500215530396
0.8626710176467896
0.5646659731864929
0.8685780167579651
0.5756829977035522
0.8744840025901794
0.5866990089416504
0.880391001701355
0.5977150201797485
0.8862980008125305
0.6087319850921631
0.892204999923706
0.6197479963302612
0.8981119990348816
0.6323909759521484
0.9001410007476807
0.6450350284576416
0.9021710157394409
0.6576780080795288
0.90420001745224
0.6703220009803772
0.9062299728393555
0.6829649806022644
0.9082599878311157
0.6956089735031128
0.9102889895439148
