0.4530619978904724
0.15866099298000336
0.4629589915275574
0.16629600524902344
0.47285598516464233
0.17393100261688232
0.4827539920806885
0.1815669983625412
0.49265098571777344
0.18920199573040009
0.5025479793548584
0.19683699309825897
0.5124449729919434
0.20447200536727905
0.5223429799079895
0.21210700273513794
0.5322399735450745
0.21974200010299683
0.5424730181694031
0.22692100703716278
0.5527049899101257
0.23409999907016754
0.5629379749298096
0.2412790060043335
0.5731710195541382
0.24845899641513824
0.583404004573822
0.2556380033493042
0.5936359763145447
0.26281699538230896
0.6038690209388733
0.2699959874153137
0.6141020059585571
0.27717500925064087
0.625872015953064
0.2813830077648163
0.6376429796218872
0.2855910062789917
0.6494140028953552
0.28979799151420593
0.6611840128898621
0.29400599002838135
0.6729549765586853
0.29821300506591797
0.6847249865531921
0.3024210035800934
0.6964960098266602
0.3066290020942688
0.708266019821167
0.31083598732948303
0.7199620008468628
0.3152489960193634
0.7316570281982422
0.3196609914302826
0.7433519959449768
0.32407400012016296
0.7550479769706726
0.32848599553108215
0.766743004322052
0.33289799094200134
0.7784379720687866
0.3373109996318817
0.7901340126991272
0.3417229950428009
0.8018289804458618
0.3461360037326813
0.8074759840965271
0.3339200019836426
0.8131229877471924
0.32170501351356506
0.8187699913978577
0.30948901176452637
0.8244159817695618
0.29727399349212646
