0.8754990100860596
0.2342340052127838
0.8643059730529785
0.23979799449443817
0.853111982345581
0.24536199867725372
0.8419179916381836
0.2509250044822693
0.8307250142097473
0.25648900866508484
0.8195310235023499
0.2620530128479004
0.8083379864692688
0.26761600375175476
0.7971439957618713
0.2731800079345703
0.7859510183334351
0.27874401211738586
0.7770079970359802
0.2874769866466522
0.7680649757385254
0.29621100425720215
0.7591230273246765
0.3049449920654297
0.7501800060272217
0.3136790096759796
0.7412369847297668
0.32241201400756836
0.7322949767112732
0.3311460018157959
0.7233520150184631
0.33987998962402344
0.7144089937210083
0.34861400723457336
0.7033730149269104
0.3544830083847046
0.6923369765281677
0.3603529930114746
0.6813009977340698
0.366223007440567
0.6702650189399719
0.37209200859069824
0.6592280268669128
0.37796199321746826
0.6481919884681702
0.3838309943675995
0.6371560096740723
0.3897010087966919
0.6261199712753296
0.3955709934234619
0.6154760122299194
0.4021250009536743
0.6048330068588257
0.4086799919605255
0.5941889882087708
0.4152350127696991
0.5835450291633606
0.4217889904975891
0.5729020237922668
0.4283440113067627
0.5622580051422119
0.4348990023136139
0.5516149997711182
0.4414530098438263
0.5409709811210632
0.4480080008506775
0.5285660028457642
0.4495449960231781
0.5161610245704651
0.4510810077190399
0.5037549734115601
0.4526180028915405
0.491349995136261
0.45415499806404114
0.4789449870586395
0.45569100975990295
0.46654000878334045
0.45722800493240356
0.454135000705719
0.458763986825943
0.44172900915145874
0.460301011800766
0.4435940086841583
0.44794100522994995
0.44545799493789673
0.4355809986591339
0.4473220109939575
0.4232200086116791
0.4491859972476959
0.41086000204086304
0.4510500133037567
0.398499995470047
0.4529139995574951
0.38613998889923096
0.4547789990901947
0.3737800121307373
0.4566429853439331
0.3614189922809601
0.44830000400543213
0.3555240035057068
0.43995699286460876
0.3496280014514923
