0.7636759877204895
0.7514280080795288
0.7527350187301636
0.7453830242156982
0.7417939901351929
0.7393389940261841
0.7308520078659058
0.7332940101623535
0.7199109792709351
0.727249026298523
0.7089700102806091
0.7212049961090088
0.698028028011322
0.7151600122451782
0.6870869994163513
0.7091150283813477
0.6761459708213806
0.7030709981918335
0.6762779951095581
0.6905720233917236
0.6764100193977356
0.6780719757080078
0.6765419840812683
0.665573000907898
0.6766740083694458
0.6530740261077881
0.6768059730529785
0.6405739784240723
0.676937997341156
0.6280750036239624
0.6770700216293335
0.6155760288238525
0.6772019863128662
0.6030759811401367
0.6688770055770874
0.5937520265579224
0.6605520248413086
0.5844280123710632
0.652226984500885
0.5751029849052429
0.6439020037651062
0.5657789707183838
0.6355770230293274
0.5564550161361694
0.6272519826889038
0.5471299886703491
0.618927001953125
0.53780597448349
0.610601007938385
0.5284820199012756
0.5982229709625244
0.5302199721336365
0.5858439803123474
0.5319589972496033
0.5734660029411316
0.5336970090866089
0.5610870122909546
0.5354350209236145
0.548708975315094
0.5371739864349365
0.536329984664917
0.5389119982719421
0.5239520072937012
0.5406510233879089
0.5115730166435242
0.5423889756202698
0.5024440288543701
0.550927996635437
0.4933150112628937
0.5594660043716431
0.48418599367141724
0.5680050253868103
0.4750570058822632
0.5765439867973328
0.46592700481414795
0.5850819945335388
0.4567979872226715
0.593621015548706
0.44766899943351746
0.6021599769592285
0.4385400116443634
0.6106979846954346
0.42768898606300354
0.6169040203094482
0.41683799028396606
0.623108983039856
0.4059869945049286
0.6293140053749084
0.3951359987258911
0.6355199813842773
0.38428500294685364
0.6417250037193298
0.37343400716781616
0.6479309797286987
0.3625839948654175
0.6541360020637512
0.35173299908638
0.6603419780731201
0.34500500559806824
0.649806022644043
0.33827799558639526
0.6392710208892822
0.3315509855747223
0.6287350058555603
0.3248240053653717
0.6182000041007996
0.31809699535369873
0.6076639890670776
0.31136998534202576
0.5971289873123169
0.30464300513267517
0.586592972278595
0.2979159951210022
0.5760579705238342
0.2932170033454895
0.5644749999046326
0.2885169982910156
0.5528920292854309
0.28381800651550293
0.5413089990615845
0.27911901473999023
0.5297260284423828
0.27441999316215515
0.5181419849395752
0.2697199881076813
0.5065590143203735
0.2650209963321686
0.4949760138988495
0.2603220045566559
0.48339301347732544
0.24816399812698364
0.4804899990558624
0.2360049933195114
0.4775879979133606
0.22384700179100037
0.47468501329421997
0.21168899536132812
0.47178199887275696
0.19953100383281708
0.46887901425361633
0.18737199902534485
0.4659759998321533
0.1752139925956726
0.4630739986896515
0.16305600106716156
0.46017101407051086
0.15917900204658508
0.4482870101928711
0.1553030014038086
0.4364030063152313
0.15142600238323212
0.42451998591423035
0.14754900336265564
0.41263601183891296
0.14367300271987915
0.4007520079612732
0.13979600369930267
0.3888689875602722
0.1359190046787262
0.37698501348495483
0.1320430040359497
0.36510100960731506
0.12868599593639374
0.3530600070953369
0.12532900273799896
0.34101998805999756
0.12197200208902359
0.3289789855480194
0.11861500144004822
0.31693801283836365
0.11525800079107285
0.3048970103263855
0.11190100014209747
0.29285699129104614
0.1085439994931221
0.280815988779068
0.10518699884414673
0.26877498626708984
