0.7828750014305115
0.7790899872779846
0.7703750133514404
0.7790420055389404
0.7578750252723694
0.7789940237998962
0.7453749775886536
0.7789450287818909
0.7328749895095825
0.7788969874382019
0.7203750014305115
0.7788490056991577
0.7078760266304016
0.7788010239601135
0.6953759789466858
0.7787529826164246
0.6828759908676147
0.7787050008773804
0.6706010103225708
0.7810689806938171
0.6583269834518433
0.7834330201148987
0.6460530161857605
0.7857969999313354
0.6337779760360718
0.7881609797477722
0.621504008769989
0.7905250191688538
0.6092290282249451
0.7928889989852905
0.5969550013542175
0.7952529788017273
0.5846800208091736
0.7976170182228088
0.5723879933357239
0.7953500151634216
0.5600950121879578
0.7930830121040344
0.5478019714355469
0.7908160090446472
0.5355100035667419
0.7885500192642212
0.5232170224189758
0.786283016204834
0.5109239816665649
0.7840160131454468
0.49863100051879883
0.7817490100860596
0.4863390028476715
0.7794820070266724
0.47567299008369446
0.7729640007019043
0.4650070071220398
0.7664459943771362
0.45434001088142395
0.7599279880523682
0.4436739981174469
0.7534099817276001
0.43300798535346985
0.746891975402832
0.4223420023918152
0.7403730154037476
0.41167598962783813
0.7338550090789795
0.40101000666618347
0.7273370027542114
0.3885529935359955
0.7263000011444092
0.3760960102081299
0.7252640128135681
0.3636389970779419
0.7242270112037659
0.3511829972267151
0.7231900095939636
0.3387260138988495
0.7221530079841614
0.3262690007686615
0.7211160063743591
0.3138119876384735
0.7200800180435181
0.3013550043106079
0.7190430164337158
0.29036399722099304
0.7130879759788513
0.27937400341033936
0.7071329951286316
0.2683829963207245
0.7011780142784119
0.2573930025100708
0.6952229738235474
0.24640299379825592
0.6892690062522888
0.23541200160980225
0.6833140254020691
0.22442199289798737
0.6773589849472046
0.2134310007095337
0.6714040040969849
0.20758900046348572
0.6821519732475281
0.20174700021743774
0.6928989887237549
