0.7972829937934875
0.22931399941444397
0.787513017654419
0.23711100220680237
0.7777420282363892
0.24490800499916077
0.7679719924926758
0.25270500779151917
0.7582020163536072
0.2605009973049164
0.7484310269355774
0.2682980000972748
0.738660991191864
0.2760950028896332
0.7288910150527954
0.2838920056819916
0.7191200256347656
0.29168900847435
0.711995005607605
0.30195900797843933
0.7048699855804443
0.3122299909591675
0.6977450251579285
0.32249999046325684
0.6906200051307678
0.3327710032463074
0.6834949851036072
0.34304100275039673
0.6763700246810913
0.3533119857311249
0.6692450046539307
0.36358198523521423
0.66211998462677
0.37385299801826477
0.6549450159072876
0.38408899307250977
0.6477710008621216
0.39432498812675476
0.6405969858169556
0.40456101298332214
0.6334220170974731
0.41479700803756714
0.6262480020523071
0.42503300309181213
0.6190729737281799
0.43526899814605713
0.6118990182876587
0.4455049932003021
0.6047239899635315
0.4557409882545471
0.5957620143890381
0.4644550085067749
0.5867990255355835
0.4731679856777191
0.5778359770774841
0.4818809926509857
0.5688729882240295
0.4905939996242523
0.5599110126495361
0.4993070065975189
0.5509480237960815
0.5080209970474243
0.5419849753379822
0.5167340040206909
0.5330229997634888
0.5254470109939575
0.5234130024909973
0.5334410071372986
0.5138030052185059
0.5414339900016785
0.5041930079460144
0.5494279861450195
0.49458301067352295
0.5574210286140442
0.4849730134010315
0.5654150247573853
0.47536298632621765
0.5734090209007263
0.4657529890537262
0.5814020037651062
0.45614299178123474
0.5893959999084473
0.45105698704719543
0.6008149981498718
0.4459719955921173
0.6122339963912964
0.4408870041370392
0.6236519813537598
0.4358009994029999
0.6350709795951843
0.43071600794792175
0.6464899778366089
0.42563098669052124
0.6579089760780334
0.4205459952354431
0.669327974319458
0.4154599905014038
0.6807469725608826
0.4126240015029907
0.692920982837677
0.40978801250457764
0.7050949931144714
0.40695101022720337
0.7172690033912659
0.4041149914264679
0.7294420003890991
0.4012790024280548
0.7416160106658936
0.39844200015068054
0.753790020942688
0.39560601115226746
0.7659639716148376
0.392769992351532
0.7781379818916321
0.38030898571014404
0.7791280150413513
0.3678480088710785
0.7801179885864258
0.35538700222969055
0.7811070084571838
0.3429270088672638
0.7820969820022583
0.33046600222587585
0.7830870151519775
0.3180049955844879
0.784076988697052
0.3055439889431
0.7850660085678101
0.2930839955806732
0.7860559821128845
0.28481000661849976
0.7766870260238647
0.2765359878540039
0.767316997051239
0.26826098561286926
0.7579470276832581
0.2599869966506958
0.7485780119895935
0.25171300768852234
0.7392079830169678
0.24343900382518768
0.7298380136489868
0.23516499996185303
0.7204689979553223
0.22689099609851837
0.7110990285873413
0.21574099361896515
0.7167490124702454
0.20459100604057312
0.7224000096321106
0.1934410035610199
0.7280499935150146
0.18229100108146667
0.7336999773979187
0.17114099860191345
0.7393500208854675
0.15999099612236023
0.7450010180473328
0.148840993642807
0.7506510019302368
0.13769100606441498
0.7563009858131409
0.13633699715137482
0.7687280178070068
0.13498300313949585
0.7811539769172668
0.1336289942264557
0.7935810089111328
0.13227500021457672
0.8060070276260376
0.13092100620269775
0.8184340000152588
0.1295669972896576
0.8308600187301636
0.12821300327777863
0.8432869911193848
0.12685899436473846
0.8557130098342896
0.13259699940681458
0.8668180108070374
0.1383340060710907
0.8779240250587463
0.14407199621200562
0.8890290260314941
0.14981000125408173
0.9001349806785583
0.15554699301719666
0.9112399816513062
0.16128499805927277
0.922344982624054
0.1670220047235489
0.9334509968757629
0.1727599948644638
0.9445559978485107
0.1850930005311966
0.9465950131416321
0.1974249929189682
0.9486340284347534
0.209757998585701
0.95067298412323
0.2220900058746338
0.9527119994163513
0.23442299664020538
0.9547500014305115
0.24675600230693817
0.9567890167236328
0.25908800959587097
0.9588279724121094
0.27142098546028137
0.9608669877052307
0.2839199900627136
0.961027979850769
0.2964189946651459
0.961188018321991
0.3089179992675781
0.9613490104675293
0.3214170038700104
0.9615100026130676
0.3339160084724426
0.961670994758606
0.3464150130748749
0.9618319869041443
0.35891398787498474
0.9619920253753662
0.371412992477417
0.9621530175209045
0.38488298654556274
0.9623259902000427
0.3983539938926697
0.9624999761581421
0.4118250012397766
0.962673008441925
