0.7517889738082886
0.8088979721069336
0.7393100261688232
0.8096309900283813
0.7268319725990295
0.8103650212287903
0.7143539786338806
0.8110979795455933
0.7018749713897705
0.8118320107460022
0.6893969774246216
0.81256502866745
0.6769180297851562
0.8132979869842529
0.6644399762153625
0.8140320181846619
0.6519610285758972
0.8147649765014648
0.6395090222358704
0.8136759996414185
0.6270560026168823
0.8125860095024109
0.6146039962768555
0.8114960193634033
0.6021519899368286
0.8104060292243958
0.5896989703178406
0.8093169927597046
0.5772470235824585
0.808227002620697
0.5647940039634705
0.8071370124816895
0.5523419976234436
0.8060479760169983
0.5398449897766113
0.8063390254974365
0.5273489952087402
0.80663001537323
0.514851987361908
0.8069210052490234
0.5023549795150757
0.8072119951248169
0.489859014749527
0.8075029850006104
0.4773620069026947
0.8077939748764038
0.4648660123348236
0.808085024356842
0.45236900448799133
0.8083760142326355
0.43997400999069214
0.8067610263824463
0.42757800221443176
0.8051469922065735
0.41518300771713257
0.8035320043563843
0.4027880132198334
0.8019180297851562
0.3903929889202118
0.8003029823303223
0.3779970109462738
0.7986890077590942
0.3656019866466522
0.797074019908905
0.353206992149353
0.7954599857330322
0.3443160057067871
0.7866730093955994
0.3354249894618988
0.7778869867324829
0.3265340030193329
0.76910001039505
0.3176429867744446
0.7603139877319336
0.30875200033187866
0.7515270113945007
0.29986199736595154
0.7427399754524231
0.2909710109233856
0.7339540123939514
0.2820799946784973
0.7251669764518738
0.2771170139312744
0.7136949896812439
0.27215299010276794
0.702223002910614
0.26719000935554504
0.690750002861023
0.2622259855270386
0.6792780160903931
0.2572630047798157
0.6678060293197632
0.2522990107536316
0.6563330292701721
0.2473360002040863
0.6448609828948975
0.24237200617790222
0.6333889961242676
0.248199000954628
0.6223300099372864
0.25402599573135376
0.6112710237503052
0.2598530054092407
0.6002119779586792
0.2656799852848053
0.5891540050506592
0.27150699496269226
0.578095018863678
0.2773340046405792
0.567035973072052
0.2831610143184662
0.5559769868850708
0.28898701071739197
0.5449180006980896
0.2823120057582855
0.5343499779701233
0.2756370007991791
0.5237820148468018
0.26896101236343384
0.5132129788398743
0.2622860074043274
0.5026450157165527
0.25561100244522095
0.4920769929885864
0.24893499910831451
0.4815079867839813
0.24225999414920807
0.4709399938583374
0.23558500409126282
0.4603720009326935
0.2455960065126419
0.45288699865341187
0.255607008934021
0.44540101289749146
0.2656179964542389
0.43791601061820984
0.2756290137767792
0.4304310083389282
0.28564000129699707
0.4229460060596466
0.29565098881721497
0.415461003780365
0.30566200613975525
0.4079760015010834
0.31567299365997314
0.4004899859428406
0.32673799991607666
0.39467498660087585
0.3378030061721802
0.38885900378227234
0.3488680124282837
0.3830440044403076
0.359932005405426
0.3772279918193817
0.37099701166152954
0.371412992477417
0.38206198811531067
0.3655970096588135
0.3931269943714142
0.35978201031684875
0.4041920006275177
0.35396599769592285
0.41525399684906006
0.3597860038280487
0.4263170063495636
0.3656049966812134
0.43737998604774475
0.37142500281333923
0.4484420120716095
0.3772439956665039
0.45950499176979065
0.38306400179862976
0.4705680012702942
0.38888299465179443
0.48162999749183655
0.3947030007839203
0.4926930069923401
0.40052199363708496
0.5051299929618835
0.4017750024795532
0.517566978931427
0.4030280113220215
0.5300040245056152
0.40428200364112854
0.5424410104751587
0.4055350124835968
0.5548779964447021
0.4067879915237427
0.5673149824142456
0.40804100036621094
0.5797520279884338
0.4092940092086792
0.5921890139579773
0.4105469882488251
0.6045460104942322
0.40865999460220337
0.6169030070304871
0.40677401423454285
0.6292600035667419
0.40488699078559875
0.6416170001029968
0.40299999713897705
0.6539729833602905
0.40111398696899414
0.6663299798965454
0.39922699332237244
0.6786869764328003
0.3973410129547119
0.6910439729690552
0.3954539895057678
0.6989279985427856
0.3857539892196655
0.7068129777908325
0.3760550022125244
0.7146980166435242
0.3663550019264221
0.7225819826126099
0.3566550016403198
0.7304670214653015
0.3469560146331787
0.7383509874343872
0.3372560143470764
0.7462360262870789
0.3275560140609741
0.7541199922561646
0.3178569972515106
0.7638260126113892
0.30998000502586365
0.773531973361969
0.3021030128002167
0.7832379937171936
0.2942259907722473
0.7929440140724182
0.28634899854660034
0.802649974822998
0.27847200632095337
0.8123559951782227
0.2705950140953064
0.8220620155334473
0.26271799206733704
0.8317679762840271
0.25484099984169006
0.8193680047988892
0.25325798988342285
0.8069689869880676
0.251675009727478
0.7945700287818909
0.2500919997692108
0.7821699976921082
0.2485090047121048
0.7697709798812866
0.2469249963760376
0.7573720216751099
0.24534200131893158
0.7449719905853271
0.24375900626182556
0.7325729727745056
0.24217599630355835
0.7200790047645569
0.24257199466228485
0.7075859904289246
0.24296699464321136
0.6950920224189758
0.24336299300193787
0.6825979948043823
0.24375900626182556
0.6701040267944336
0.24415500462055206
0.6576110124588013
0.24455000460147858
0.6451169848442078
0.24494600296020508
0.632623016834259
0.24534200131893158
0.625
0.23486100137233734
0.6173779964447021
0.2243800014257431
0.6097549796104431
0.21389999985694885
0.6021329760551453
0.20341899991035461
