0.2005770057439804
0.7718570232391357
0.19727200269699097
0.759801983833313
0.1939679980278015
0.747747004032135
0.19066299498081207
0.7356910109519958
0.18735800683498383
0.7236359715461731
0.18405400216579437
0.7115809917449951
0.18074899911880493
0.699524998664856
0.17744499444961548
0.687470018863678
0.17414000630378723
0.6754149794578552
0.1718519926071167
0.6631259918212891
0.16956299543380737
0.6508370041847229
0.16727499663829803
0.6385489702224731
0.1649869978427887
0.626259982585907
0.16269800066947937
0.6139709949493408
0.16041000187397003
0.6016820073127747
0.1581210047006607
0.5893939733505249
0.15583300590515137
0.5771049857139587
0.1668339967727661
0.5711709856987
0.17783600091934204
0.56523597240448
0.18883700668811798
0.5593019723892212
0.19983899593353271
0.5533679723739624
0.21084000170230865
0.5474330186843872
0.22184200584888458
0.5414990186691284
0.23284399509429932
0.5355650186538696
0.24384500086307526
0.5296300053596497
0.2491610050201416
0.5183169841766357
0.25447601079940796
0.5070030093193054
0.2597920000553131
0.4956899881362915
0.26510700583457947
0.4843760132789612
0.2704229950904846
0.47306299209594727
0.275738000869751
0.46174898743629456
0.28105399012565613
0.450435996055603
0.2863689959049225
0.4391219913959503
0.29117199778556824
0.4275819957256317
0.2959739863872528
0.41604098677635193
0.30077600479125977
0.40450000762939453
0.30557799339294434
0.3929600119590759
0.3103809952735901
0.38141900300979614
0.31518301367759705
0.36987799406051636
0.3199850022792816
0.3583369851112366
0.32478800415992737
0.34679698944091797
0.3337650001049042
0.3380979895591736
0.342741996049881
0.3294000029563904
0.3517189919948578
0.320701003074646
0.3606959879398346
0.3120029866695404
0.3696730136871338
0.3033050000667572
0.3786500096321106
0.2946060001850128
0.3876270055770874
0.2859080135822296
0.3966040015220642
0.27720901370048523
0.39149999618530273
0.26579898595809937
0.38639599084854126
0.2543880045413971
0.3812919855117798
0.24297800660133362
0.3761869966983795
0.23156799376010895
0.37108299136161804
0.22015699744224548
0.36597898602485657
0.208746999502182
0.3608750104904175
0.19733600318431854
0.355771005153656
0.18592600524425507
0.36816200613975525
0.18428100645542145
0.3805530071258545
0.18263499438762665
0.39294499158859253
0.18098999559879303
0.4053359925746918
0.1793449968099594
0.417726993560791
0.1776999980211258
0.43011799454689026
0.1760540008544922
0.4425100088119507
0.17440900206565857
0.4549010097980499
0.17276400327682495
0.46410098671913147
0.1812260001897812
0.4733020067214966
0.18968699872493744
0.4825020134449005
0.19814899563789368
0.49170300364494324
0.20661099255084991
0.5009030103683472
0.21507200598716736
0.5101040005683899
0.2235340029001236
0.5193039774894714
0.23199599981307983
0.5285050272941589
0.24045799672603607
0.5387160181999207
0.24766799807548523
0.5489259958267212
0.2548789978027344
0.5591369867324829
0.2620890140533447
0.5693479776382446
0.26930001378059387
0.5795580148696899
0.27651000022888184
0.5897690057754517
0.2837199866771698
0.5999799966812134
0.29093098640441895
0.6101909875869751
0.2981410026550293
0.6226890087127686
0.29794299602508545
0.6351879835128784
0.2977449893951416
0.6476860046386719
0.29754701256752014
0.6601840257644653
0.2973490059375763
0.6726830005645752
0.29715099930763245
0.6851810216903687
0.2969529926776886
0.6976799964904785
0.29675498604774475
0.710178017616272
0.2965570092201233
0.7226349711418152
0.2975989878177643
0.735090970993042
0.29864099621772766
0.74754798412323
0.29968199133872986
0.7600039839744568
0.30072399973869324
0.7724609971046448
0.3017660081386566
0.7849169969558716
0.3028079867362976
0.7973740100860596
0.303849995136261
0.8098300099372864
0.30489200353622437
0.8120030164718628
0.3181320130825043
0.814175009727478
0.331371009349823
0.8163480162620544
0.3446100056171417
0.8185200095176697
0.35784998536109924
0.8206930160522461
0.37108901143074036
0.8228650093078613
0.3843289911746979
