0.697405993938446
0.06755000352859497
0.6916009783744812
0.07862000167369843
0.6857950091362
0.08968999981880188
0.6799889802932739
0.10075999796390533
0.6741840243339539
0.11183000355958939
0.6683779954910278
0.12290000170469284
0.6625720262527466
0.1339700073003769
0.6567670106887817
0.14504000544548035
0.6509609818458557
0.1561100035905838
0.639922022819519
0.16197499632835388
0.6288840174674988
0.16784000396728516
0.6178449988365173
0.17370499670505524
0.6068069934844971
0.1795700043439865
0.5957679748535156
0.18543599545955658
0.5847300291061401
0.19130100309848785
0.5736910104751587
0.19716599583625793
0.5626530051231384
0.2030310034751892
0.5503749847412109
0.20538200438022614
0.5380979776382446
0.20773200690746307
0.5258209705352783
0.21008199453353882
0.5135440230369568
0.21243199706077576
0.5012670159339905
0.21478299796581268
0.48899000883102417
0.21713300049304962
0.47671300172805786
0.21948300302028656
0.46443599462509155
0.2218340039253235
0.4547039866447449
0.2139890044927597
0.4449729919433594
0.20614300668239594
0.4352410137653351
0.19829800724983215
0.4255090057849884
0.19045299291610718
0.4157780110836029
0.1826079934835434
0.4060460031032562
0.17476299405097961
0.39631399512290955
0.16691799461841583
0.38658300042152405
0.15907299518585205
0.3911679983139038
0.14744499325752258
0.39575299620628357
0.13581599295139313
0.40033799409866333
0.12418700009584427
0.4049229919910431
0.11255799978971481
0.40950798988342285
0.10092999786138535
0.4140940010547638
0.08930099755525589
0.41867899894714355
0.07767230272293091
0.4232639968395233
0.06604360044002533
0.42636001110076904
0.058190200477838516
