0.3656669855117798
0.7725279927253723
0.3577210009098053
0.7821769714355469
0.3497749865055084
0.7918270230293274
0.34182798862457275
0.801476001739502
0.33388200402259827
0.8111249804496765
0.3259359896183014
0.8207740187644958
0.3179889917373657
0.8304229974746704
0.31004300713539124
0.840071976184845
0.30209699273109436
0.8497210144996643
0.28979700803756714
0.8474910259246826
0.2774980068206787
0.8452609777450562
0.2651979923248291
0.8430309891700745
0.2528989911079407
0.840802013874054
0.24059900641441345
0.8385720252990723
0.22830000519752502
0.8363419771194458
0.2160000056028366
0.8341119885444641
0.20370100438594818
0.8318819999694824
0.2009589970111847
0.8196859955787659
0.1982170045375824
0.8074899911880493
0.1954759955406189
0.795295000076294
0.1927340030670166
0.7830989956855774
0.1899919956922531
0.770904004573822
0.1872510015964508
0.7587080001831055
0.18450899422168732
0.7465119957923889
0.18176700174808502
0.7343170046806335
0.1799059957265854
0.7219560146331787
0.17804400622844696
0.7095959782600403
0.17618200182914734
0.6972349882125854
0.17431999742984772
0.6848739981651306
0.1724579930305481
0.672514021396637
0.17059600353240967
0.6601529717445374
0.16873399913311005
0.6477929949760437
0.16687199473381042
0.6354320049285889
0.17572300136089325
0.6266049742698669
0.18457399308681488
0.6177780032157898
0.19342400133609772
0.6089509725570679
0.20227499306201935
0.6001240015029907
0.21112599968910217
0.5912969708442688
0.219977006316185
0.5824710130691528
0.22882699966430664
0.5736439824104309
0.23767800629138947
0.5648170113563538
0.234702005982399
0.5526760220527649
0.2317260056734085
0.5405349731445312
0.22875100374221802
0.5283949971199036
0.22577500343322754
0.5162540078163147
0.22279900312423706
0.5041130185127258
0.21982300281524658
0.49197301268577576
0.2168470025062561
0.4798319935798645
0.2138720005750656
0.46769198775291443
0.21579700708389282
0.45534101128578186
0.21772299706935883
0.4429900050163269
0.21964800357818604
0.43063899874687195
0.22157399356365204
0.418287992477417
0.22349900007247925
0.4059379994869232
0.22542500495910645
0.39358699321746826
0.22734999656677246
0.3812359869480133
0.22927600145339966
0.36888501048088074
0.23303599655628204
0.35696399211883545
0.23679600656032562
0.34504300355911255
0.240557000041008
0.33312198519706726
0.24431699514389038
0.32120099663734436
0.24807700514793396
0.30928000807762146
0.25183698534965515
0.29735898971557617
0.2555980086326599
0.28543800115585327
0.2593579888343811
0.27351701259613037
0.2713179886341095
0.26988399028778076
0.2832790017127991
0.26625099778175354
0.29523900151252747
0.2626180052757263
0.30720001459121704
0.2589850127696991
0.31916001439094543
0.2553519904613495
0.33112001419067383
0.25171899795532227
0.343080997467041
0.24808600544929504
0.3550409972667694
0.24445299804210663
0.3478119969367981
0.23425500094890594
0.340582013130188
0.22405800223350525
0.3333519995212555
0.21386100351810455
0.3261229991912842
0.20366400480270386
0.3188929855823517
0.19346599280834198
0.31166398525238037
0.18326899409294128
0.30443400144577026
0.1730719953775406
0.29720500111579895
0.1628749966621399
0.30721598863601685
0.15538999438285828
0.31722700595855713
0.14790500700473785
0.3272390067577362
0.14042000472545624
0.3372499942779541
0.13293500244617462
0.3472619950771332
0.125450998544693
0.35727301239967346
0.11796600371599197
0.36728399991989136
0.11048100143671036
0.37729600071907043
0.10299599915742874
0.3897950053215027
0.10292500257492065
0.40229499340057373
0.10285300016403198
0.41479501128196716
0.1027820035815239
0.4272949993610382
0.10271099954843521
0.43979498744010925
0.10263899713754654
0.4522939920425415
0.10256800055503845
0.46479400992393494
0.10249599814414978
0.477293998003006
0.1024250015616417
0.4816659986972809
0.11413499712944031
0.48603901267051697
0.1258459985256195
0.49041101336479187
0.13755600154399872
0.49478399753570557
0.14926600456237793
0.49915599822998047
0.16097700595855713
0.5035279989242554
0.17268699407577515
0.5079010128974915
0.18439699709415436
0.5122730135917664
0.19610799849033356
0.5186480283737183
0.2068600058555603
0.5250229835510254
0.21761199831962585
0.5313979983329773
0.2283650040626526
0.537771999835968
0.23911699652671814
0.5441470146179199
0.24986900389194489
0.5505220293998718
0.26062101125717163
0.556896984577179
0.271373987197876
0.5632719993591309
0.2821260094642639
0.5704889893531799
0.2923319935798645
0.5777069926261902
0.3025380074977875
0.5849239826202393
0.31274300813674927
0.5921419858932495
0.32294899225234985
0.5993589758872986
0.3331550061702728
0.6065769791603088
0.3433609902858734
0.6137940287590027
0.3535659909248352
0.6210119724273682
0.3637720048427582
0.6302080154418945
0.37223899364471436
0.6394039988517761
0.38070499897003174
0.6486009955406189
0.3891710042953491
0.6577969789505005
0.3976370096206665
0.6669930219650269
0.4061039984226227
0.6761890053749084
0.41457000374794006
0.6853860020637512
0.42303600907325745
0.6945819854736328
0.4315029978752136
0.6948019862174988
0.4440009891986847
0.6950209736824036
0.45649901032447815
0.6952409744262695
0.4689970016479492
0.6954609751701355
0.4814949929714203
0.6956809759140015
0.49399301409721375
0.695900022983551
0.5064910054206848
0.696120023727417
0.5189890265464783
0.696340024471283
0.531486988067627
0.7024700045585632
0.5423809885978699
0.7086009979248047
0.5532739758491516
0.714730978012085
0.5641679763793945
0.72086101770401
0.575061023235321
0.7269920110702515
0.585955023765564
0.7331219911575317
0.5968480110168457
0.739251971244812
0.6077420115470886
0.7453830242156982
0.6186349987983704
0.7535830140113831
0.6280689835548401
0.761784017086029
0.6375030279159546
0.7699840068817139
0.6469370126724243
0.7781850099563599
0.656370997428894
0.7863860130310059
0.6658049821853638
0.7945860028266907
0.6752390265464783
0.8027870059013367
0.684673011302948
0.8109880089759827
0.6941069960594177
0.8162239789962769
0.7054569721221924
0.821461021900177
0.7168070077896118
0.8266980051994324
0.7281579971313477
0.8319349884986877
0.7395079731941223
0.8371719717979431
0.7508580088615417
0.8424090147018433
0.7622079849243164
0.8476459980010986
0.7735580205917358
0.852882981300354
0.7849079966545105
0.8583459854125977
0.7961509823799133
0.8638100028038025
0.8073930144309998
0.8692740201950073
0.8186360001564026
0.8747379779815674
0.8298789858818054
0.8802019953727722
0.8411210179328918
0.8856649994850159
0.8523640036582947
0.8911290168762207
0.8636069893836975
0.8965929746627808
0.8748490214347839
0.9059069752693176
0.8771359920501709
0.9152209758758545
0.8794220089912415
