0.14699600636959076
0.063925601541996
0.15949399769306183
0.0641103982925415
0.17199300229549408
0.0642952024936676
0.18449200689792633
0.0644799992442131
0.1969899982213974
0.0646648034453392
0.20948900282382965
0.06484969705343246
0.22198699414730072
0.06503450125455856
0.23448599874973297
0.06521929800510406
0.24698500335216522
0.06540410220623016
0.25923898816108704
0.0678682029247284
0.2714940011501312
0.07033230364322662
0.2837490141391754
0.0727963000535965
0.2960039973258972
0.07526040077209473
0.3082579970359802
0.07772450149059296
0.3205130100250244
0.08018849790096283
0.3327679932117462
0.08265259861946106
0.3450230062007904
0.08511669933795929
0.35723599791526794
0.0824550986289978
0.3694489896297455
0.07979360222816467
0.3816629946231842
0.07713209837675095
0.39387598633766174
0.07447060197591782
0.40608900785446167
0.07180909812450409
0.4183030128479004
0.06914760172367096
0.43051600456237793
0.06648600101470947
0.44273000955581665
0.06382449716329575
0.4536359906196594
0.0699324980378151
0.4645420014858246
0.07604049891233444
0.47544801235198975
0.08214840292930603
0.4863539934158325
0.08825639635324478
0.4972600042819977
0.09436439722776413
0.5081660151481628
0.10047200322151184
0.5190719962120056
0.10657999664545059
0.5299779772758484
0.11268799751996994
0.5356979966163635
0.12380299717187881
0.5414180159568787
0.1349170058965683
0.5471370220184326
0.14603200554847717
0.552856981754303
0.15714700520038605
0.5585770010948181
0.16826100647449493
0.5642970204353333
0.1793760061264038
0.5700160264968872
0.19049100577831268
0.5757359862327576
0.20160500705242157
0.5829409956932068
0.21182000637054443
0.5901470184326172
0.2220340073108673
0.5973520278930664
0.232247993350029
0.6045569777488708
0.24246299266815186
0.6117630004882812
0.25267699360847473
0.6189680099487305
0.2628909945487976
0.6261730194091797
0.27310600876808167
0.6333789825439453
0.28332000970840454
0.645117998123169
0.28761398792266846
0.6568580269813538
0.29190701246261597
0.6685969829559326
0.2962009906768799
0.6803359985351562
0.3004949986934662
0.6920760273933411
0.3047879934310913
0.7038149833679199
0.3090820014476776
0.7155550122261047
0.31337499618530273
0.7272940278053284
0.31766900420188904
0.7395420074462891
0.3151699900627136
0.7517899870872498
0.3126719892024994
0.7640380263328552
0.31017300486564636
0.7762849926948547
0.30767399072647095
0.7885329723358154
0.3051759898662567
0.8007810115814209
0.3026770055294037
0.8130279779434204
0.30017900466918945
0.8252760171890259
0.29767999053001404
0.8153610229492188
0.29006901383399963
0.8054450154304504
0.28245800733566284
0.7955290079116821
0.27484700083732605
0.785614013671875
0.26723501086235046
0.7756980061531067
0.25962400436401367
0.7657819986343384
0.2520129978656769
0.7558670043945312
0.24440200626850128
0.7459509968757629
0.2367909997701645
0.757686972618103
0.2324880063533783
0.7694230079650879
0.22818399965763092
0.781158983707428
0.22388100624084473
0.7928950190544128
0.21957799792289734
0.8046309947967529
0.21527500450611115
0.8163660168647766
0.21097099781036377
0.8281019926071167
0.20666800439357758
0.8398380279541016
0.2023649960756302
0.8291929960250854
0.19578500092029572
0.8185480237007141
0.18920600414276123
0.807902991771698
0.18262700736522675
