0.07370080053806305
0.5632140040397644
0.0861876979470253
0.5637869834899902
0.09867449849843979
0.5643600225448608
0.1111610010266304
0.5649330019950867
0.12364800274372101
0.5655059814453125
0.13613499701023102
0.5660790205001831
0.14862200617790222
0.5666519999504089
0.16110900044441223
0.5672249794006348
0.17359599471092224
0.5677980184555054
0.18555699288845062
0.5641660094261169
0.19751699268817902
0.5605350136756897
0.2094780057668686
0.5569030046463013
0.22143900394439697
0.553272008895874
0.23340000212192535
0.5496399998664856
0.24536100029945374
0.5460090041160583
0.2573220133781433
0.5423769950866699
0.2692829966545105
0.5387459993362427
0.26798000931739807
0.5263140201568604
0.26667699217796326
0.5138819813728333
0.26537400484085083
0.5014500021934509
0.264070987701416
0.4890179932117462
0.2627680003643036
0.4765860140323639
0.26146501302719116
0.4641540050506592
0.26016199588775635
0.45172199606895447
0.2588590085506439
0.43928998708724976
0.26565998792648315
0.4288029968738556
0.2724609971046448
0.41831499338150024
0.2792620062828064
0.4078269898891449
0.28606298565864563
0.39733898639678955
0.29286500811576843
0.3868510127067566
0.29966598749160767
0.37636399269104004
0.3064669966697693
0.3658759891986847
0.3132680058479309
0.35538798570632935
0.302293986082077
0.3494029939174652
0.2913210093975067
0.3434169888496399
0.28034698963165283
0.33743101358413696
0.26937299966812134
0.33144599199295044
0.25839900970458984
0.3254599869251251
0.24742600321769714
0.319474995136261
0.23645199835300446
0.31348899006843567
0.22547799348831177
0.30750399827957153
0.22217799723148346
0.2954469919204712
0.21887800097465515
0.28339099884033203
0.21557800471782684
0.2713339924812317
0.21227699518203735
0.25927799940109253
0.20897699892520905
0.2472209930419922
0.20567700266838074
0.23516499996185303
0.20237700641155243
0.22310799360275269
0.19907699525356293
0.21105200052261353
0.20313699543476105
0.19923000037670135
0.20719699561595917
0.1874070018529892
0.2112569957971573
0.17558500170707703
0.2153169959783554
0.16376300156116486
0.21937799453735352
0.15194100141525269
0.22343799471855164
0.14011900126934052
0.22749799489974976
0.12829600274562836
0.23155799508094788
0.11647400259971619
0.24305899441242218
0.12137199938297272
0.2545599937438965
0.12626899778842926
0.2660599946975708
0.1311659961938858
0.2775610089302063
0.13606399297714233
0.2890619933605194
0.14096100628376007
0.3005619943141937
0.1458590030670166
0.3120630085468292
0.15075600147247314
0.32356399297714233
0.1556529998779297
0.33532199263572693
0.1514119952917099
0.3470810055732727
0.1471710056066513
0.3588390052318573
0.14292900264263153
0.3705979883670807
0.13868799805641174
0.3823559880256653
0.13444699347019196
0.3941139876842499
0.13020500540733337
0.40587300062179565
0.1259640008211136
0.41763100028038025
0.1217230036854744
0.4218670129776001
0.13348299264907837
0.42610201239585876
0.14524400234222412
0.43033701181411743
0.15700499713420868
0.4345729947090149
0.16876499354839325
0.43880799412727356
0.180526003241539
0.4430440068244934
0.19228599965572357
0.4472790062427521
0.20404699444770813
0.45151400566101074
0.21580800414085388
0.4558500051498413
0.22753199934959412
0.4601860046386719
0.23925599455833435
0.46452099084854126
0.2509799897670746
0.4688569903373718
0.2627040147781372
0.4731929898262024
0.27442699670791626
0.47752898931503296
0.2861509919166565
0.48186400532722473
0.29787498712539673
0.4862000048160553
0.30959901213645935
0.4922559857368469
0.32053500413894653
0.49831101298332214
0.3314700126647949
0.5043669939041138
0.3424049913883209
0.5104230046272278
0.3533399999141693
0.5164780020713806
0.3642759919166565
0.5225340127944946
0.3752110004425049
0.5285900235176086
0.38614600896835327
0.5346450209617615
0.3970809876918793
0.5456879734992981
0.40293800830841064
0.5567309856414795
0.4087960124015808
0.5677729845046997
0.4146530032157898
0.5788159966468811
0.4205099940299988
0.5898590087890625
0.42636799812316895
0.6009020209312439
0.43222498893737793
0.6119440197944641
0.4380820095539093
0.6229869723320007
0.4439390003681183
0.6326320171356201
0.4518919885158539
0.6422759890556335
0.4598439931869507
0.6519200205802917
0.4677959978580475
0.6615650057792664
0.4757480025291443
0.6712089776992798
0.4837000072002411
0.6808540225028992
0.4916520118713379
0.6904979944229126
0.4996039867401123
0.7001420259475708
0.5075560212135315
0.7111240029335022
0.5135279893875122
0.7221050262451172
0.5195000171661377
0.7330859899520874
0.5254709720611572
0.7440680265426636
0.5314429998397827
0.7550489902496338
0.5374150276184082
0.7660300135612488
0.5433859825134277
0.777010977268219
0.5493580102920532
0.7879930138587952
0.5553299784660339
0.7742230296134949
0.5546820163726807
0.760453999042511
0.5540350079536438
