0.6433659791946411
0.7278329730033875
0.6407039761543274
0.7156199812889099
0.6380429863929749
0.7034059762954712
0.6353819966316223
0.6911929845809937
0.6327210068702698
0.6789799928665161
0.630059003829956
0.6667659878730774
0.6273980140686035
0.6545529961585999
0.624737024307251
0.6423389911651611
0.6220759749412537
0.6301259994506836
0.6345229744911194
0.6289849877357483
0.6469709873199463
0.6278449892997742
0.6594190001487732
0.6267039775848389
0.6718670129776001
0.6255630254745483
0.684315025806427
0.6244230270385742
0.6967629790306091
0.6232820153236389
0.709210991859436
0.6221410036087036
0.7216579914093018
0.6210010051727295
0.7337309718132019
0.6177600026130676
0.7458040118217468
0.6145200133323669
0.7578759789466858
0.6112790107727051
0.7699490189552307
0.6080390214920044
0.7820219993591309
0.6047980189323425
0.7940940260887146
0.6015580296516418
0.8061670064926147
0.59831702709198
0.8182399868965149
0.5950769782066345
0.8217120170593262
0.5830690264701843
0.8251829743385315
0.5710610151290894
0.8286550045013428
0.5590519905090332
0.8321269750595093
0.5470439791679382
0.8355990052223206
0.535036027431488
0.8390700221061707
0.5230280160903931
0.8425419926643372
0.5110200047492981
0.8460140228271484
0.49901100993156433
0.8424059748649597
0.4872870147228241
0.8387969732284546
0.4755620062351227
0.8351889848709106
0.46383801102638245
0.8315809965133667
0.45211300253868103
