0.9260770082473755
0.4141179919242859
0.9174370169639587
0.42315199971199036
0.908797025680542
0.43218499422073364
0.9001569747924805
0.44121798872947693
0.8915169835090637
0.4502510130405426
0.882876992225647
0.4592840075492859
0.8742370009422302
0.46831798553466797
0.8655970096588135
0.47735100984573364
0.8569570183753967
0.48638400435447693
0.8485100269317627
0.49559900164604187
0.8400639891624451
0.504813015460968
0.831616997718811
0.5140269994735718
0.8231710195541382
0.5232419967651367
0.8147240281105042
0.5324559807777405
0.8062779903411865
0.5416709780693054
0.7978309988975525
0.550885021686554
0.7893850207328796
0.5601000189781189
0.7815030217170715
0.5698019862174988
0.7736210227012634
0.5795040130615234
0.7657399773597717
0.5892059803009033
0.7578579783439636
0.598908007144928
0.7499759793281555
0.6086099743843079
0.7420949935913086
0.6183120012283325
0.7342129945755005
0.6280140280723572
0.7263309955596924
0.6377159953117371
0.7200000286102295
0.6484940052032471
0.7136690020561218
0.6592720150947571
0.7073389887809753
0.6700509786605835
0.7010080218315125
0.6808289885520935
0.6946769952774048
0.6916069984436035
0.6883460283279419
0.7023850083351135
0.6820150017738342
0.7131630182266235
0.6756839752197266
0.72394198179245
0.668383002281189
0.7340880036354065
0.6610820293426514
0.744234025478363
0.653780996799469
0.7543799877166748
0.6464800238609314
0.7645260095596313
0.639178991317749
0.7746729850769043
0.6318780183792114
0.7848190069198608
0.624576985836029
0.7949650287628174
0.6172760128974915
0.8051109910011292
0.6095569729804993
0.8149430155754089
0.6018369793891907
0.8247740268707275
0.5941179990768433
0.8346059918403625
0.5863980054855347
0.8444380164146423
0.5786790251731873
0.8542690277099609
0.5709589719772339
0.864100992679596
0.5632399916648865
0.8739320039749146
0.5555210113525391
0.8837640285491943
0.5452269911766052
0.8908550143241882
0.5349329710006714
0.8979460000991821
0.5246390104293823
0.905036985874176
0.5143449902534485
0.9121289849281311
0.5040510296821594
0.919219970703125
0.4937570095062256
0.9263110160827637
0.48346298933029175
0.9334020018577576
0.4731689989566803
0.9404929876327515
0.46089598536491394
0.9428660273551941
0.44862300157546997
0.9452379941940308
0.4363510012626648
0.9476100206375122
0.42407798767089844
0.9499830007553101
0.41180500388145447
0.9523550271987915
0.3995319902896881
0.9547280073165894
0.38725900650024414
0.957099974155426
0.37498700618743896
0.9594730138778687
0.3625119924545288
0.9586799740791321
0.35003700852394104
0.9578869938850403
0.3375619947910309
0.9570950269699097
0.3250870108604431
0.9563019871711731
0.31261199712753296
0.9555090069770813
0.300137996673584
0.9547169804573059
0.2876630127429962
0.9539240002632141
0.27518799901008606
0.9531310200691223
0.28395599126815796
0.9442229866981506
0.29272401332855225
0.9353139996528625
0.30149200558662415
0.9264050126075745
0.3102610111236572
0.9174960255622864
0.3190290033817291
0.9085869789123535
0.327796995639801
0.8996779918670654
0.3365649878978729
0.8907690048217773
0.345333993434906
0.8818600177764893
0.3395789861679077
0.8691849708557129
0.3338249921798706
0.8565089702606201
0.3280709981918335
0.8438330292701721
0.3223170042037964
0.8311570286750793
