0.7982230186462402
0.5765849947929382
0.8031359910964966
0.5650910139083862
0.8080499768257141
0.5535969734191895
0.8129630088806152
0.5421029925346375
0.8178759813308716
0.5306090116500854
0.8227890133857727
0.5191159844398499
0.827701985836029
0.5076220035552979
0.8326159715652466
0.49612799286842346
0.8375290036201477
0.48463401198387146
0.828577995300293
0.4933589994907379
0.8196280002593994
0.5020849704742432
0.8106769919395447
0.5108109712600708
0.8017259836196899
0.519536018371582
0.7927759885787964
0.5282620191574097
0.7838249802589417
0.5369880199432373
0.7748749852180481
0.5457130074501038
0.7659239768981934
0.5544390082359314
0.7556650042533875
0.5615800023078918
0.7454059720039368
0.5687220096588135
0.7351469993591309
0.5758640170097351
0.724888026714325
0.5830050110816956
0.7146289944648743
0.5901470184326172
0.7043700218200684
0.5972880125045776
0.6941109895706177
0.6044300198554993
0.6838520169258118
0.6115710139274597
0.6706539988517761
0.6090559959411621
0.6574559807777405
0.6065400242805481
0.6442580223083496
0.6040239930152893
0.6310610175132751
0.6015080213546753
