0.7285169959068298
0.3209640085697174
0.7189339995384216
0.32899001240730286
0.7093510031700134
0.3370150029659271
0.699766993522644
0.3450410068035126
0.6901839971542358
0.353067010641098
0.6806010007858276
0.3610920011997223
0.6710180044174194
0.36911800503730774
0.66143399477005
0.377142995595932
0.6518509984016418
0.38516899943351746
0.643966019153595
0.39486798644065857
0.6360800266265869
0.40456700325012207
0.6281949877738953
0.4142659902572632
0.6203100085258484
0.4239650070667267
0.6124240159988403
0.4336639940738678
0.6045389771461487
0.4433630108833313
0.5966539978981018
0.4530630111694336
0.5887690186500549
0.4627619981765747
0.5905560255050659
0.4751330018043518
0.5923439860343933
0.4875049889087677
0.5941320061683655
0.4998759925365448
0.5959200263023376
0.5122479796409607
0.5977069735527039
0.5246189832687378
0.599494993686676
0.5369910001754761
0.6012830138206482
0.5493620038032532
0.6030700206756592
0.5617340207099915
0.5952820181846619
0.5715109705924988
0.5874930024147034
0.5812870264053345
0.579704999923706
0.5910639762878418
0.5719159841537476
0.6008409857749939
0.5641270279884338
0.610617995262146
0.5563390254974365
0.6203950047492981
0.548550009727478
0.6301720142364502
0.5407609939575195
0.6399490237236023
0.5289859771728516
0.6415259838104248
0.5172110199928284
0.6431030035018921
0.5054349899291992
0.6446800231933594
0.49366000294685364
0.6462569832801819
