0.5253000259399414
0.2643220126628876
0.5181829929351807
0.27459898591041565
0.5110669732093811
0.2848750054836273
0.5039499998092651
0.2951520085334778
0.49683400988578796
0.30542799830436707
0.4897170066833496
0.31570398807525635
0.48260098695755005
0.3259809911251068
0.4754840135574341
0.3362570106983185
0.4683679938316345
0.34653401374816895
0.4591209888458252
0.35494500398635864
0.44987401366233826
0.36335599422454834
0.44062700867652893
0.37176600098609924
0.4313800036907196
0.38017699122428894
0.4221329987049103
0.388588011264801
0.41288599371910095
0.3969990015029907
0.4036389887332916
0.4054099917411804
0.3943920135498047
0.4138210117816925
0.38674798607826233
0.40393099188804626
0.37910300493240356
0.3940410017967224
0.3714590072631836
0.38415101170539856
0.3638150095939636
0.3742609918117523
0.35616999864578247
0.3643699884414673
0.3485260009765625
0.35447999835014343
0.34088200330734253
0.3445900082588196
0.3332369923591614
0.33469998836517334
0.32422399520874023
0.32603898644447327
0.3152120113372803
0.3173770010471344
0.30619901418685913
0.3087159991264343
0.2971859872341156
0.30005499720573425
0.28817299008369446
0.2913930118083954
0.2791599929332733
0.2827320098876953
0.2701469957828522
0.27407100796699524
0.2611350119113922
0.265408992767334
0.25979000329971313
0.2529819905757904
0.25844499468803406
0.24055400490760803
0.25710099935531616
0.22812700271606445
0.2557559907436371
0.21570000052452087
0.2544119954109192
0.2032719999551773
0.2530669867992401
0.19084499776363373
0.2517220079898834
0.17841699719429016
0.2503780126571655
0.16598999500274658
0.23868699371814728
0.17041300237178802
0.22699500620365143
0.17483599483966827
0.21530400216579437
0.17925900220870972
0.20361299812793732
0.18368199467658997
0.19192099571228027
0.1881050020456314
0.1802300065755844
0.19252799451351166
0.16853900253772736
0.1969510018825531
0.1568479984998703
0.20137399435043335
0.14612500369548798
0.19494900107383728
0.13540300726890564
0.18852399289608002
0.1246810033917427
0.18209899961948395
0.11395899951457977
0.1756729930639267
0.10323599725961685
0.16924799978733063
0.09251409769058228
0.16282300651073456
0.08179190009832382
0.1563979983329773
0.07106959819793701
0.14997300505638123
0.06647799909114838
0.1620520055294037
0.06188639998435974
0.17413100600242615
0.057294800877571106
0.1862100064754486
0.05270320177078247
0.19828900694847107
0.04811159893870354
0.21036800742149353
