0.09927310049533844
0.08357349783182144
0.10910899937152863
0.09128790348768234
0.11894399672746658
0.09900230169296265
0.12878000736236572
0.10671699792146683
0.13861499726772308
0.1144310012459755
0.14845100045204163
0.12214499711990356
0.15828600525856018
0.12985999882221222
0.16812199354171753
0.1375740021467209
0.17795799672603607
0.14528900384902954
0.17832699418067932
0.15778300166130066
0.17869499325752258
0.17027799785137177
0.17906400561332703
0.18277199566364288
0.17943300306797028
0.19526700675487518
0.17980200052261353
0.2077610045671463
0.18017099797725677
0.2202560007572174
0.18053999543190002
0.23274999856948853
0.18090899288654327
0.24524499475955963
0.1851930022239685
0.256987988948822
0.18947699666023254
0.2687309980392456
0.19376200437545776
0.2804740071296692
0.1980459988117218
0.2922169864177704
0.20232999324798584
0.30395999550819397
0.20661400258541107
0.31570199131965637
0.2108979970216751
0.32744500041007996
0.21518200635910034
0.33918800950050354
0.204134002327919
0.34503498673439026
0.19308499991893768
0.35088101029396057
0.18203699588775635
0.3567279875278473
0.17098799347877502
0.3625749945640564
0.15994000434875488
0.3684209883213043
0.14889200031757355
0.3742679953575134
0.13784299790859222
0.38011398911476135
0.1267949938774109
0.38596099615097046
0.11621499806642532
0.39261698722839355
0.10563399642705917
0.39927399158477783
0.09505409747362137
0.4059300124645233
0.08447390049695969
0.4125869870185852
0.073893703520298
0.4192430078983307
0.06331340223550797
0.42590001225471497
0.052733201533555984
0.43255600333213806
0.042153000831604004
0.43921300768852234
0.043811701238155365
0.4516020119190216
0.045470498502254486
0.46399199962615967
0.04712919890880585
0.47638100385665894
0.04878799989819527
0.4887700080871582
0.05044670030474663
0.5011600255966187
0.05210540071129799
0.5135489702224731
0.05376420170068741
0.5259389877319336
0.05542289838194847
0.5383279919624329
0.06644280254840851
0.5442280173301697
0.07746270298957825
0.5501289963722229
0.08848260343074799
0.5560290217399597
0.09950249642133713
0.5619289875030518
0.11052200198173523
0.5678290128707886
0.12154199928045273
0.5737289786338806
0.13256199657917023
0.5796300172805786
0.14358200132846832
0.5855299830436707
0.15229499340057373
0.5944920182228088
0.16100899875164032
0.6034550070762634
0.16972200572490692
0.612417995929718
0.17843499779701233
0.6213799715042114
0.18714800477027893
0.6303430199623108
0.19586199522018433
0.6393049955368042
0.20457500219345093
0.6482679843902588
0.21328799426555634
0.6572309732437134
0.2165669947862625
0.6458659768104553
