0.23041300475597382
0.6685060262680054
0.22446000576019287
0.6794970035552979
0.21850800514221191
0.6904889941215515
0.21255500614643097
0.7014809846878052
0.20660200715065002
0.7124720215797424
0.20064899325370789
0.7234640121459961
0.19469599425792694
0.7344549894332886
0.18874399363994598
0.7454469799995422
0.18279099464416504
0.7564380168914795
0.1768379956483841
0.7674300074577332
0.17088499665260315
0.7784209847450256
0.1649329960346222
0.7894129753112793
0.15897999703884125
0.8004050254821777
0.1530269980430603
0.8113960027694702
0.14707399904727936
0.8223879933357239
0.1411210000514984
0.8333789706230164
0.13516899943351746
0.8443710207939148
0.12938199937343597
0.8550559878349304
0.12359499931335449
0.8657410144805908
