0.3972199857234955
0.06068199872970581
0.3886969983577728
0.06982529908418655
0.380172997713089
0.07896850258111954
0.37165001034736633
0.08811180293560028
0.3631260097026825
0.09725499898195267
0.35460299253463745
0.10639800131320953
0.3460789918899536
0.11554200202226639
0.33755600452423096
0.12468499690294266
0.3290320038795471
0.13382799923419952
0.3303149938583374
0.1462620049715042
0.3315980136394501
0.1586959958076477
0.3328799903392792
0.1711300015449524
0.33416301012039185
0.18356400728225708
0.33544600009918213
0.19599799811840057
0.3367289900779724
0.20843200385570526
0.3380120098590851
0.22086599469184875
0.33929499983787537
0.23330000042915344
0.3404560089111328
0.2448820024728775
0.34161800146102905
0.25646400451660156
0.3427790105342865
0.26804500818252563
0.34394100308418274
0.2796269953250885
