0.24456599354743958
0.0958464965224266
0.2535879909992218
0.10449899733066559
0.26260998845100403
0.11315000057220459
0.27163100242614746
0.12180200219154358
0.2806529998779297
0.13045400381088257
0.2896749973297119
0.13910600543022156
0.29869699478149414
0.14775800704956055
0.30771899223327637
0.15640999376773834
0.3167400062084198
0.16506199538707733
0.31559300422668457
0.17750999331474304
0.31444600224494934
0.18995699286460876
0.3132990002632141
0.20240400731563568
0.3121519982814789
0.2148520052433014
0.31100499629974365
0.22729900479316711
0.3098579943180084
0.23974600434303284
0.3087109923362732
0.25219300389289856
0.30756399035453796
0.2646409869194031
0.31049400568008423
0.2767919898033142
0.3134239912033081
0.2889440059661865
0.3163529932498932
0.30109599232673645
0.31928300857543945
0.31324800848960876
0.32221299409866333
0.3253999948501587
0.3251419961452484
0.337552011013031
0.3280720114707947
0.34970301389694214
0.33100199699401855
0.36185500025749207
0.33763599395751953
0.37244901061058044
0.3442710041999817
0.38304299116134644
0.35090601444244385
0.3936370015144348
0.3575409948825836
0.4042310118675232
0.3641749918460846
0.4148249924182892
0.37081000208854675
0.42541900277137756
0.3774450123310089
0.43601199984550476
0.3840799927711487
0.44660601019859314
0.3724699914455414
0.4512389898300171
0.3608599901199341
0.45587098598480225
0.3492499887943268
0.4605030119419098
0.3376399874687195
0.46513500809669495
0.3260299861431122
0.4697679877281189
0.31442001461982727
0.47440001368522644
0.30281001329421997
0.4790320098400116
0.29120001196861267
0.48366400599479675
0.28727400302886963
0.49553200602531433
0.28334900736808777
0.5073999762535095
0.2794240117073059
0.5192679762840271
0.27549898624420166
0.5311350226402283
0.2715739905834198
0.5430030226707458
0.26764801144599915
0.5548710227012634
0.2637229859828949
0.566739022731781
0.25979799032211304
0.5786060094833374
0.26632100343704224
0.5892689824104309
0.27284500002861023
0.5999320149421692
0.2793689966201782
0.6105939745903015
0.2858920097351074
0.6212570071220398
0.2924160063266754
0.6319199800491333
0.2989389896392822
0.6425830125808716
0.3054629862308502
0.6532449722290039
0.3119859993457794
0.6639080047607422
0.32330700755119324
0.6692079901695251
0.33462798595428467
0.6745079755783081
0.3459480106830597
0.6798080205917358
0.3572689890861511
0.6851080060005188
0.36858999729156494
0.6904079914093018
0.37991100549697876
0.6957079768180847
0.3912320137023926
0.7010080218315125
0.4025520086288452
0.7063080072402954
0.41502198576927185
0.7054340243339539
0.4274910092353821
0.7045609951019287
0.4399609863758087
0.7036870121955872
0.45243000984191895
0.7028130292892456
0.4648990035057068
0.7019400000572205
0.4773690104484558
0.7010660171508789
0.48983800411224365
0.7001919746398926
0.5023080110549927
0.699317991733551
0.509672999382019
0.709417998790741
0.5170390009880066
0.7195169925689697
0.5244050025939941
0.7296169996261597
0.5317699909210205
0.7397159934043884
0.5391359925270081
0.7498149871826172
0.5465019941329956
0.7599149942398071
0.553866982460022
0.7700139880180359
0.5612329840660095
0.7801129817962646
0.5725579857826233
0.785535991191864
0.5838829874992371
0.7909590005874634
0.5952079892158508
0.7963820099830627
