0.1480650007724762
0.6147559881210327
0.15835900604724884
0.6218469738960266
0.1686529964208603
0.6289389729499817
0.17894600331783295
0.6360300183296204
0.1892399936914444
0.6431220173835754
0.19953399896621704
0.6502130031585693
0.2098270058631897
0.6573050022125244
0.22012099623680115
0.6643959879875183
0.2304150015115738
0.6714879870414734
0.23763300478458405
0.6612820029258728
0.24484999477863312
0.6510769724845886
0.25206801295280457
0.640870988368988
0.25928598642349243
0.6306650042533875
0.2665039896965027
0.6204599738121033
0.27372100949287415
0.6102539896965027
0.2809390127658844
0.6000490188598633
0.28815698623657227
0.5898429751396179
0.29065799713134766
0.5775960087776184
0.29315999150276184
0.5653489828109741
0.29566100239753723
0.5531020164489746
0.2981620132923126
0.5408539772033691
0.3006640076637268
0.5286070108413696
0.3031649887561798
0.5163599848747253
0.3056659996509552
0.5041130185127258
0.3081679940223694
0.49186599254608154
0.31566399335861206
0.48186299204826355
0.32315900921821594
0.47185900807380676
0.3306550085544586
0.46185600757598877
0.3381510078907013
0.4518530070781708
0.34564700722694397
0.4418500065803528
0.35314300656318665
0.4318470060825348
0.36063799262046814
0.4218440055847168
0.3681339919567108
0.4118410050868988
0.3639819920063019
0.40005001425743103
0.35982900857925415
0.38826000690460205
0.3556770086288452
0.37646999955177307
0.3515239953994751
0.3646799921989441
0.34737199544906616
0.3528900146484375
0.34321901202201843
0.3411000072956085
0.3390670120716095
0.32930999994277954
0.3349139988422394
0.31751999258995056
0.3369530141353607
0.3051869869232178
0.3389909863471985
0.2928540110588074
0.3410300016403198
0.2805219888687134
0.34306800365448
0.268189013004303
0.34510698914527893
0.2558560073375702
0.34714600443840027
0.2435240000486374
0.3491840064525604
0.2311909943819046
0.3512229919433594
0.218858003616333
0.3528650104999542
0.20646700263023376
0.3545069992542267
0.19407500326633453
0.35614898800849915
0.1816830039024353
0.357791006565094
0.16929200291633606
0.35943299531936646
0.15690000355243683
0.3610750138759613
0.1445080041885376
0.36271700263023376
0.13211700320243835
0.3643589913845062
0.11972499638795853
0.37460601329803467
0.11256500333547592
0.38485199213027954
0.10540500283241272
0.3950980007648468
0.0982453003525734
0.40534400939941406
0.09108539670705795
0.4155910015106201
0.08392550051212311
0.4258370101451874
0.07676559686660767
0.43608298897743225
0.06960570067167282
0.4463289976119995
0.06244580075144768
0.454135000705719
0.07220940291881561
0.4619399905204773
0.08197300136089325
0.469745010137558
0.09173650294542313
0.47755101323127747
0.1014999970793724
0.48535600304603577
0.11126399785280228
0.49316099286079407
0.12102700024843216
0.5009670257568359
0.13079099357128143
0.5087720155715942
0.14055399596691132
0.5163959860801697
0.15046000480651855
0.5240200161933899
0.1603659987449646
0.5316449999809265
0.17027099430561066
0.539268970489502
0.1801770031452179
0.5468930006027222
0.19008199870586395
0.5545169711112976
0.19998799264431
0.562142014503479
0.20989400148391724
0.5697659850120544
0.2197989970445633
0.5809109807014465
0.22545799612998962
0.5920569896697998
0.23111799359321594
0.6032019853591919
0.23677699267864227
0.6143479943275452
0.2424360066652298
0.6254929900169373
0.24809600412845612
0.6366389989852905
0.25375500321388245
0.6477850079536438
0.2594139873981476
0.6589300036430359
0.2650730013847351
0.6644999980926514
0.2762640118598938
0.6700699925422668
0.2874540090560913
0.6756399869918823
0.2986440062522888
0.6812099814414978
0.3098349869251251
0.6867799758911133
0.321025013923645
0.6923509836196899
0.3322159945964813
0.6979209780693054
0.34340599179267883
0.7034909725189209
0.35459598898887634
0.713653028011322
0.3618749976158142
0.7238150238990784
0.3691529929637909
0.7339779734611511
0.37643200159072876
0.7441400289535522
0.3837110102176666
0.7543020248413086
0.3909890055656433
0.7644649744033813
0.3982680141925812
0.7746269702911377
0.40554600954055786
0.7847890257835388
0.41282498836517334
0.7918230295181274
0.4231579899787903
0.7988560199737549
0.4334920048713684
0.8058890104293823
0.44382500648498535
0.812923014163971
0.4541589915752411
0.8199560046195984
0.46449199318885803
0.826990008354187
0.47482600808143616
0.8340229988098145
0.4851590096950531
0.8410570025444031
0.49549299478530884
0.8528329730033875
0.4996829926967621
0.8646100163459778
0.5038740038871765
0.8763859868049622
0.5080649852752686
0.8881629705429077
0.5122550129890442
0.899940013885498
0.5164459943771362
0.9117159843444824
0.5206369757652283
0.9234930276870728
0.5248280167579651
0.9352689981460571
0.529017984867096
0.9409099817276001
0.5164240002632141
0.9465500116348267
0.5038300156593323
0.9521909952163696
0.49123498797416687
