0.13256099820137024
0.7314220070838928
0.1432259976863861
0.7379419803619385
0.153889998793602
0.7444630265235901
0.16455499827861786
0.7509829998016357
0.17521999776363373
0.7575029730796814
0.1858849972486496
0.7640230059623718
0.19654899835586548
0.7705439925193787
0.20721399784088135
0.7770640254020691
0.21787899732589722
0.7835839986801147
0.22566799819469452
0.7738069891929626
0.23345600068569183
0.7640309929847717
0.24124500155448914
0.7542539834976196
0.24903400242328644
0.7444769740104675
0.25682300329208374
0.7347000241279602
0.26461198925971985
0.7249240279197693
0.27239999175071716
0.7151470184326172
0.28018900752067566
0.7053700089454651
0.279013991355896
0.6929259896278381
0.2778390049934387
0.6804810166358948
0.27666398882865906
0.6680359840393066
0.2754879891872406
0.6555920243263245
0.2743130028247833
0.6431469917297363
0.27313798666000366
0.630702018737793
0.2719630002975464
0.618257999420166
0.27078700065612793
0.6058130264282227
0.26785600185394287
0.5936620235443115
0.2649250030517578
0.5815100073814392
0.2619929909706116
0.5693590044975281
0.2590619921684265
0.5572069883346558
0.25613099336624146
0.5450559854507446
0.2531990110874176
0.5329049825668335
0.25026801228523254
0.520753026008606
0.2473369985818863
0.5086020231246948
0.2537440061569214
0.49786901473999023
0.2601509988307953
0.48713600635528564
0.2665579915046692
0.47640201449394226
0.2729650139808655
0.46566900610923767
0.2793720066547394
0.4549359977245331
0.2857789993286133
0.4442029893398285
0.29218700528144836
0.4334700107574463
0.29859399795532227
0.4227370023727417
0.30417799949645996
0.4115540087223053
0.30976200103759766
0.4003709852695465
0.31534698605537415
0.3891870081424713
0.32093098759651184
0.3780040144920349
0.32651498913764954
0.3668209910392761
0.3321000039577484
0.3556370139122009
0.3376840054988861
0.34445399045944214
0.3432680070400238
0.33327099680900574
