0.8738880157470703
0.5663589835166931
0.8717079758644104
0.5786669850349426
0.8695269823074341
0.5909759998321533
0.867347002029419
0.6032840013504028
0.8651670217514038
0.6155930161476135
0.8629869818687439
0.627901017665863
0.8608059883117676
0.6402090191841125
0.8586260080337524
0.6525179743766785
0.8564460277557373
0.664825975894928
0.8552929759025574
0.6772729754447937
0.8541399836540222
0.6897199749946594
0.8529880046844482
0.7021660208702087
0.8518350124359131
0.7146130204200745
0.8506820201873779
0.7270600199699402
0.8495299816131592
0.7395070195198059
0.848376989364624
0.7519530057907104
0.8472239971160889
0.7644000053405762
0.8459420204162598
0.7768340110778809
0.8446609973907471
0.7892680168151855
0.843379020690918
0.8017020225524902
0.8420969843864441
0.8141360282897949
0.840815007686615
0.826570987701416
0.8395329713821411
0.8390049934387207
0.838250994682312
0.8514389991760254
0.8369690179824829
0.8638730049133301
0.8298959732055664
0.856099009513855
