0.2575649917125702
0.7633370161056519
0.26590800285339355
0.7540289759635925
0.2742519974708557
0.744720995426178
0.2825950086116791
0.7354130148887634
0.29093900322914124
0.7261049747467041
0.2992820143699646
0.7167969942092896
0.30762600898742676
0.7074900269508362
0.31596899032592773
0.6981819868087769
0.3243130147457123
0.6888740062713623
0.3228040039539337
0.6764649748802185
0.32129499316215515
0.6640570163726807
0.31978699564933777
0.6516479849815369
0.3182780146598816
0.6392390131950378
0.316769003868103
0.6268309950828552
0.31525999307632446
0.6144220232963562
0.3137519955635071
0.6020140051841736
0.3122430145740509
0.5896049737930298
0.3089370131492615
0.5775499939918518
0.30562999844551086
0.5654950141906738
0.30232399702072144
0.5534409880638123
0.2990170121192932
0.5413860082626343
0.2957110106945038
0.5293310284614563
0.2924039959907532
0.5172759890556335
0.28909799456596375
0.5052220225334167
0.2857919931411743
0.4931670129299164
0.28576499223709106
0.48066699504852295
0.285739004611969
0.4681670069694519
0.28571200370788574
0.45566698908805847
0.2856859862804413
0.4431670010089874
0.28565898537635803
0.4306670129299164
0.28563299775123596
0.41816699504852295
0.2856059968471527
0.4056670069694519
0.28558000922203064
0.39316698908805847
0.29090800881385803
0.3818590044975281
0.2962360084056854
0.3705520033836365
0.3015640079975128
0.3592439889907837
0.3068920075893402
0.3479369878768921
0.3122200071811676
0.3366290032863617
0.3175489902496338
0.3253220021724701
0.3228769898414612
0.3140139877796173
0.3282049894332886
0.3027060031890869
0.3304699957370758
0.2904129922389984
0.33273500204086304
0.2781200110912323
0.33500000834465027
0.2658270001411438
0.3372650146484375
0.2535339891910553
0.33952999114990234
0.241240993142128
0.3417949974536896
0.22894799709320068
0.3440600037574768
0.21665500104427338
0.34632501006126404
0.20436200499534607
0.347584992647171
0.1919260025024414
0.3488459885120392
0.17948900163173676
0.35010701417922974
0.1670529991388321
0.3513669967651367
0.15461699664592743
0.3526279926300049
0.14217999577522278
0.35388800501823425
0.12974399328231812
0.3551490008831024
0.11730799823999405
0.3564090132713318
0.10487200319766998
0.3688740134239197
0.10580799728631973
0.38133901357650757
0.10674399882555008
0.39380401372909546
0.10768000036478043
0.40626901388168335
0.10861600190401077
0.41873401403427124
0.10955200344324112
0.43119901418685913
0.11048799753189087
0.443664014339447
0.11142399907112122
0.45612800121307373
0.11236099898815155
0.466403990983963
0.11947900056838989
0.4766789972782135
0.12659700214862823
0.486954003572464
0.13371600210666656
0.4972290098667145
0.1408340036869049
0.5075039863586426
0.14795300364494324
0.5177789926528931
0.15507100522518158
0.5280539989471436
0.1621900051832199
0.538329005241394
0.16930800676345825
0.5434799790382385
0.18069800734519958
0.5486299991607666
0.19208699464797974
0.5537809729576111
0.20347699522972107
0.5589309930801392
0.21486599743366241
0.5640820264816284
0.22625599801540375
0.5692319869995117
0.23764599859714508
0.574383020401001
0.24903500080108643
0.5795329809188843
0.26042500138282776
0.5873519778251648
0.2701770067214966
0.5951719880104065
0.2799299955368042
0.602990984916687
0.289682000875473
0.6108099818229675
0.29943498969078064
0.618628978729248
0.30918699502944946
0.6264479756355286
0.31894001364707947
0.6342669725418091
0.3286919891834259
0.6420860290527344
0.3384450078010559
0.6531670093536377
0.3444739878177643
0.6642469763755798
0.35050299763679504
0.6753280162811279
0.3565320074558258
