0.2720760107040405
0.556551992893219
0.2821899950504303
0.549206018447876
0.2923029959201813
0.5418599843978882
0.30241701006889343
0.534512996673584
0.3125300109386444
0.527167022228241
0.3226439952850342
0.5198209881782532
0.33275699615478516
0.5124750137329102
0.3428710103034973
0.505128026008606
0.3529840111732483
0.49778199195861816
0.346000999212265
0.48741400241851807
0.3390190005302429
0.47704699635505676
0.33203598856925964
0.46667900681495667
0.32505300641059875
0.4563109874725342
0.3180699944496155
0.44594401121139526
0.3110870122909546
0.4355759918689728
0.3041040003299713
0.4252080023288727
0.29712098836898804
0.4148409962654114
0.3028709888458252
0.4037419855594635
0.30862098932266235
0.392643004655838
0.3143709897994995
0.38154399394989014
0.32012099027633667
0.37044501304626465
0.32587099075317383
0.3593460023403168
0.33162200450897217
0.3482469916343689
0.3373720049858093
0.3371480107307434
0.3431220054626465
0.32604900002479553
0.3317849934101105
0.32078200578689575
0.32044899463653564
0.31551599502563477
0.3091129958629608
0.310249000787735
0.2977760136127472
0.304982990026474
0.28644001483917236
0.2997159957885742
0.27510300278663635
0.2944500148296356
0.2637670040130615
0.28918299078941345
0.2524310052394867
0.28391700983047485
0.24427899718284607
0.2744399905204773
0.23612700402736664
0.2649640142917633
0.227974995970726
0.25548800826072693
0.21982400119304657
0.24601200222969055
0.21167199313640594
0.2365349978208542
0.2035199999809265
0.227059006690979
0.19536800682544708
0.21758300065994263
0.18721699714660645
0.20810699462890625
0.19019800424575806
0.19596800208091736
0.19317999482154846
0.18382799625396729
0.19616200029850006
0.1716890037059784
0.19914400577545166
0.1595499962568283
0.20212599635124207
0.14741100370883942
0.20510800182819366
0.13527199625968933
0.20809000730514526
0.12313300371170044
0.21107099950313568
0.11099400371313095
0.22283700108528137
0.10677099972963333
0.23460200428962708
0.10254800319671631
0.24636699259281158
0.09832590073347092
0.2581320106983185
0.09410329908132553
0.2698970139026642
0.08988069742918015
0.2816630005836487
0.08565810322761536
0.2934280037879944
0.08143550157546997
0.3051930069923401
0.07721289992332458
0.3174329996109009
0.0797462984919548
0.32967400550842285
0.08227969706058502
0.3419150114059448
0.08481310307979584
0.3541550040245056
0.08734650164842606
0.3663960099220276
0.08987990021705627
0.3786360025405884
0.09241329878568649
0.39087700843811035
0.09494669735431671
0.4031180143356323
0.09748020023107529
0.41132301092147827
0.10690999776124954
0.4195280075073242
0.11633999645709991
0.42773398756980896
0.12577000260353088
0.4359390139579773
0.13519999384880066
0.44414401054382324
0.14462999999523163
0.452349990606308
0.15405899286270142
0.46055498719215393
0.16348899900913239
0.46876001358032227
0.17291900515556335
0.48121199011802673
0.174018993973732
0.4936630129814148
0.17511899769306183
0.5061150193214417
0.17621900141239166
0.5185660123825073
0.1773190051317215
0.5310180187225342
0.17842000722885132
0.5434690117835999
0.17951999604701996
0.5559210181236267
0.1806199997663498
0.5683720111846924
0.18172000348567963
0.5744209885597229
0.19265900552272797
0.5804700255393982
0.2035979926586151
0.5865190029144287
0.21453699469566345
0.5925679802894592
0.2254759967327118
0.5986170172691345
0.23641499876976013
0.604665994644165
0.24735300242900848
0.6107149720191956
0.25829198956489563
0.6167640089988708
0.26923099160194397
0.6260169744491577
0.27763500809669495
0.6352710127830505
0.28603899478912354
0.6445239782333374
0.2944430112838745
0.653777003288269
0.3028469979763031
0.6630309820175171
0.3112510144710541
0.6722840070724487
0.3196539878845215
0.6815379858016968
0.32805800437927246
0.6907910108566284
0.33646199107170105
0.693306028842926
0.3487060070037842
0.6958209872245789
0.3609510064125061
0.6983370184898376
0.37319499254226685
0.7008519768714905
0.38543900847435
0.7033669948577881
0.3976840078830719
0.7058820128440857
0.40992799401283264
0.7083979845046997
0.42217200994491577
0.7109130024909973
0.4344170093536377
0.7185239791870117
0.4450030028820038
0.7261360287666321
0.4555889964103699
0.7337470054626465
0.46617400646209717
0.7413589954376221
0.47675999999046326
0.7489699721336365
0.48734599351882935
0.7565810084342957
0.49793198704719543
