0.3895280063152313
0.2752250134944916
0.37711599469184875
0.27374398708343506
0.3647040128707886
0.2722629904747009
0.352292001247406
0.2707819938659668
0.3398810029029846
0.26930099725723267
0.32746899127960205
0.26782000064849854
0.31505700945854187
0.2663390040397644
0.3026449978351593
0.2648580074310303
0.29023298621177673
0.26337799429893494
0.2805140018463135
0.25551700592041016
0.27079498767852783
0.24765600264072418
0.2610760033130646
0.2397949993610382
0.25135698914527893
0.23193499445915222
0.24163800477981567
0.22407400608062744
0.23191900551319122
0.21621300280094147
0.22220000624656677
0.2083519995212555
0.21248100697994232
0.2004919946193695
0.2032870054244995
0.20896099507808685
0.1940930038690567
0.2174289971590042
0.1848990023136139
0.22589799761772156
0.17570599913597107
0.2343669980764389
0.16651199758052826
0.24283599853515625
0.15731799602508545
0.2513050138950348
0.14812399446964264
0.25977399945259094
0.13892999291419983
0.2682430148124695
0.13536199927330017
0.28022301197052
0.1317940056324005
0.29220300912857056
0.12822599709033966
0.3041830062866211
0.12465699762105942
0.31616300344467163
0.12108899652957916
0.32814300060272217
0.1175210028886795
0.3401229977607727
0.11395300179719925
0.35210299491882324
0.110385000705719
0.3640829920768738
0.10614900290966034
0.37584298849105835
0.10191299766302109
0.3876030147075653
0.09767709672451019
0.39936399459838867
0.09344130009412766
0.41112399101257324
0.08920550346374512
0.422885000705719
0.08496960252523422
0.43464499711990356
0.08073379844427109
0.4464060068130493
0.07649800181388855
0.4581660032272339
0.07469510287046432
0.470535010099411
0.0728921964764595
0.48290500044822693
0.07108929753303528
0.49527400732040405
0.06928650289773941
0.5076429843902588
0.06748359650373459
0.5200129747390747
0.06568069756031036
0.5323820114135742
0.06387779861688614
0.544750988483429
0.06207500025629997
0.5571200251579285
0.06816679984331131
0.5680360198020935
0.07425860315561295
0.5789510011672974
0.08035039901733398
0.5898659825325012
0.08644220232963562
0.6007810235023499
0.09253399819135666
0.6116960048675537
0.0986258015036583
0.6226109862327576
0.10471799969673157
0.6335260272026062
0.11080899834632874
0.6444410085678101
0.12147899717092514
0.650954008102417
0.13214899599552155
0.6574659943580627
0.14281900227069855
0.6639779806137085
0.15348799526691437
0.670490026473999
0.16415800154209137
0.6770020127296448
0.17482799291610718
0.6835139989852905
0.1854970008134842
0.6900259852409363
0.1961670070886612
0.696537971496582
0.20747900009155273
0.7018560171127319
0.21879200637340546
0.7071740031242371
0.230103999376297
0.7124930024147034
0.24141600728034973
0.7178109884262085
0.25272899866104126
0.7231289744377136
0.264041006565094
0.7284470200538635
0.27535301446914673
0.7337650060653687
0.2866649925708771
0.7390829920768738
0.29869601130485535
0.7424780130386353
0.31072598695755005
0.745872974395752
0.32275599241256714
0.7492679953575134
0.33478599786758423
0.7526630163192749
0.3468160033226013
0.7560579776763916
0.3588460087776184
0.7594529986381531
0.3708760142326355
0.7628480195999146
0.3829059898853302
0.7662429809570312
0.39507898688316345
0.7690860033035278
0.4072510004043579
0.7719280123710632
0.41942399740219116
0.774770975112915
0.4315960109233856
0.7776139974594116
0.44376900792121887
0.780456006526947
0.45594099164009094
0.7832990288734436
0.4681139886379242
0.7861419916152954
0.48028600215911865
0.7889840006828308
0.49096301198005676
0.7967870235443115
0.5016400218009949
0.8045899868011475
0.5123170018196106
0.8123930096626282
0.5229939818382263
0.8201959729194641
0.5336710214614868
0.8279989957809448
0.5443480014801025
0.8358010053634644
