0.5505769848823547
0.09810779988765717
0.5523139834403992
0.11048699915409088
0.5540500283241272
0.12286499887704849
0.5557870268821716
0.1352439969778061
0.5575240254402161
0.1476230025291443
0.5592610239982605
0.1600009948015213
0.5609980225563049
0.1723800003528595
0.5627350211143494
0.1847590059041977
0.5644720196723938
0.1971379965543747
0.5674610137939453
0.2092750072479248
0.5704500079154968
0.22141200304031372
0.5734400153160095
0.23354999721050262
0.576429009437561
0.24568699300289154
0.5794180035591125
0.25782400369644165
0.5824069976806641
0.26996201276779175
0.5853959918022156
0.28209900856018066
0.5883859992027283
0.2942360043525696
0.591575026512146
0.30632299184799194
0.594763994216919
0.3184089958667755
0.5979530215263367
0.3304949998855591
0.6011419892311096
0.34258198738098145
0.6043310165405273
0.354667991399765
0.6075199842453003
0.3667539954185486
0.6107100248336792
0.37884101271629333
0.6138989925384521
0.3909269869327545
0.6201019883155823
0.4017789959907532
0.6263049840927124
0.41263100504875183
0.6325089931488037
0.4234830141067505
0.6387119889259338
0.43433499336242676
0.6449159979820251
0.4451870024204254
0.6511189937591553
0.45603999495506287
0.6573219895362854
0.4668920040130615
0.6635259985923767
0.4777440130710602
0.670291006565094
0.48825499415397644
0.6770560145378113
0.4987660050392151
0.6838210225105286
0.5092769861221313
0.6905859708786011
0.5197880268096924
0.6973509788513184
0.5302990078926086
0.7041170001029968
0.5408099889755249
0.7108820080757141
0.5513210296630859
0.7176470160484314
0.5618320107460022
0.722133994102478
0.5741389989852905
0.7266219854354858
0.5864459872245789
0.7311090230941772
0.5987529754638672
0.7355970144271851
0.6110600233078003
0.7400839924812317
0.6233659982681274
0.7445709705352783
0.6356729865074158
