0.38763898611068726
0.7313989996910095
0.375247985124588
0.7330420017242432
0.36285600066185
0.7346850037574768
0.35046499967575073
0.7363280057907104
0.3380729854106903
0.7379720211029053
0.32568201422691345
0.7396150231361389
0.313289999961853
0.7412580251693726
0.3008989989757538
0.7429010272026062
0.28850701451301575
0.7445440292358398
0.29419198632240295
0.7334120273590088
0.29987698793411255
0.7222790122032166
0.30556198954582214
0.7111470103263855
0.31124600768089294
0.7000139951705933
0.31693100929260254
0.6888819932937622
0.32261601090431213
0.67774897813797
0.32830101251602173
0.6666169762611389
0.33398500084877014
0.6554840207099915
0.32627400755882263
0.6456459760665894
0.31856200098991394
0.6358090043067932
0.31084999442100525
0.6259710192680359
0.30313798785209656
0.616133987903595
0.29542601108551025
0.6062960028648376
0.28771498799324036
0.5964580178260803
0.28000301122665405
0.5866209864616394
0.27229100465774536
0.5767830014228821
0.2764109969139099
0.564981997013092
0.28053098917007446
0.5531799793243408
0.2846510112285614
0.5413780212402344
0.28876999020576477
0.5295770168304443
0.2928900122642517
0.5177749991416931
0.29701000452041626
0.5059739947319031
0.3011299967765808
0.49417200684547424
0.30524998903274536
0.4823710024356842
0.2986989915370941
0.4717249870300293
0.29214799404144287
0.4610779881477356
0.2855980098247528
0.4504320025444031
0.27904701232910156
0.43978598713874817
0.2724960148334503
0.42914000153541565
0.26594600081443787
0.41849398612976074
0.2593950033187866
0.4078480005264282
0.2528440058231354
0.3972019851207733
0.24163900315761566
0.39166098833084106
0.23043400049209595
0.38612100481987
0.21922899782657623
0.38058000802993774
0.20802399516105652
0.3750399947166443
0.196819007396698
0.36949899792671204
0.18561400473117828
0.36395901441574097
0.17440900206565857
0.35841798782348633
0.16320399940013885
0.3528769910335541
0.15313300490379333
0.3454740047454834
0.14306099712848663
0.33807098865509033
0.13298900425434113
0.33066698908805847
0.12291800230741501
0.3232640027999878
0.1128460019826889
0.31586000323295593
0.1027740016579628
0.30845698714256287
0.09270240366458893
0.301052987575531
0.0826307013630867
0.2936500012874603
0.09503710269927979
0.2921229898929596
0.10744400322437286
0.29059600830078125
0.11985000222921371
0.2890700101852417
0.13225600123405457
0.28754299879074097
0.144663006067276
0.28601598739624023
0.15706899762153625
0.2844890058040619
0.1694760024547577
0.28296199440956116
0.18188199400901794
0.2814350128173828
0.1702370047569275
0.27689099311828613
0.15859299898147583
0.27234700322151184
0.14694799482822418
0.26780200004577637
0.13530300557613373
0.2632580101490021
0.12365800142288208
0.2587139904499054
0.11201400309801102
0.2541700005531311
0.10036899894475937
0.24962499737739563
0.0887243002653122
0.24508099257946014
0.09994889795780182
0.23958000540733337
0.11117299646139145
0.2340790033340454
0.1223979964852333
0.22857800126075745
0.13362300395965576
0.22307799756526947
0.14484700560569763
0.2175769954919815
0.1560720056295395
0.21207599341869354
0.16729600727558136
0.20657500624656677
0.17852100729942322
0.2010740041732788
0.18685300648212433
0.1917559951543808
0.19518500566482544
0.18243899941444397
0.20351800322532654
0.17312100529670715
0.21185000240802765
0.16380299627780914
0.22018200159072876
0.15448500216007233
0.22851400077342987
0.14516699314117432
0.23684699833393097
0.1358489990234375
0.24517899751663208
0.12653100490570068
0.25697600841522217
0.12239900231361389
0.26877298951148987
0.1182669997215271
0.28057101368904114
0.11413499712944031
0.29236799478530884
0.11000200361013412
0.3041650056838989
0.10587000101804733
0.3159619867801666
0.10173799842596054
0.3277600109577179
0.09760580211877823
0.3395569920539856
0.09347359836101532
0.3518750071525574
0.0955955982208252
0.36419400572776794
0.09771759808063507
0.3765130043029785
0.09983959794044495
0.3888309895992279
0.10196200013160706
0.4011499881744385
0.10408399999141693
0.41346800327301025
0.1062059998512268
0.4257870018482208
0.10832799971103668
0.4381049871444702
0.11044999957084656
0.44944798946380615
0.11570300161838531
0.4607900083065033
0.12095700204372406
0.47213199734687805
0.1262110024690628
0.483474999666214
0.13146400451660156
0.49481698870658875
0.1367180049419403
0.5061600208282471
0.14197200536727905
0.5175020098686218
0.1472250074148178
0.5288439989089966
0.15247899293899536
0.5413249731063843
0.15177799761295319
0.5538049936294556
0.151077002286911
0.5662850141525269
0.15037600696086884
0.5787659883499146
0.14967499673366547
0.5912460088729858
0.1489740014076233
0.6037260293960571
0.14827300608158112
0.6162070035934448
0.14757199585437775
0.6286870241165161
0.14687100052833557
0.6411830186843872
0.14655600488185883
0.6536790132522583
0.14624199271202087
0.6661750078201294
0.14592799544334412
0.6786710023880005
0.14561299979686737
0.6911669969558716
0.1452990025281906
0.7036629915237427
0.14498400688171387
0.7161589860916138
0.14466999471187592
0.7286549806594849
0.14435599744319916
0.7406839728355408
0.14775699377059937
0.7527120113372803
0.15115800499916077
0.764739990234375
0.15455900132656097
0.7767689824104309
0.15795999765396118
0.7887970209121704
0.16136200726032257
0.8008260130882263
0.16476300358772278
0.812853991985321
0.16816399991512299
0.8248819708824158
0.1715649962425232
0.8373609781265259
0.1708430051803589
0.8498409986495972
0.1701209992170334
0.8623200058937073
0.16939899325370789
0.8747990131378174
0.1686760038137436
0.8872780203819275
0.1679539978504181
0.8997570276260376
0.16723200678825378
0.9122359752655029
0.16651000082492828
0.924714982509613
0.16578799486160278
