0.5806019902229309
0.1565210074186325
0.577335000038147
0.16858699917793274
0.574068009853363
0.18065199255943298
0.5708010196685791
0.1927179992198944
0.5675340294837952
0.20478400588035583
0.5642669796943665
0.21684899926185608
0.5610010027885437
0.2289150059223175
0.5577340126037598
0.24097999930381775
0.5544670224189758
0.2530460059642792
0.5506839752197266
0.26495999097824097
0.5469009876251221
0.27687299251556396
0.5431180000305176
0.28878700733184814
0.5393350124359131
0.30070099234580994
0.5355520248413086
0.3126150071620941
0.5317689776420593
0.3245289921760559
0.5279849767684937
0.3364419937133789
0.5242019891738892
0.3483560085296631
0.5117539763450623
0.34721699357032776
0.49930599331855774
0.34607699513435364
0.486858993768692
0.3449380099773407
0.4744110107421875
0.3437980115413666
0.4619629979133606
0.34265899658203125
0.4495150148868561
0.34151899814605713
0.4370670020580292
0.3403800129890442
0.42461898922920227
0.33924001455307007
0.41804298758506775
0.3498710095882416
0.4114669859409332
0.3605009913444519
0.4048910140991211
0.3711319863796234
0.3983150124549866
0.38176199793815613
0.39173901081085205
0.39239299297332764
0.38516300916671753
0.40302300453186035
0.378587007522583
0.41365399956703186
0.3720110058784485
0.4242840111255646
0.36230799555778503
0.4321640133857727
0.3526049852371216
0.44004499912261963
0.3429020047187805
0.44792500138282776
0.33319899439811707
0.4558059871196747
0.323496013879776
0.4636859893798828
0.31379300355911255
0.4715670049190521
0.3040899932384491
0.47944700717926025
0.29438701272010803
0.4873279929161072
0.2846840023994446
0.4952079951763153
0.27498099207878113
0.5030890107154846
0.26527801156044006
0.5109689831733704
0.2555750012397766
0.5188500285148621
0.24587200582027435
0.5267300009727478
0.2361689954996109
0.5346099734306335
0.22646600008010864
0.5424910187721252
0.21676300466060638
0.550370991230011
0.20964600145816803
0.5561509728431702
