0.4331569969654083
0.1405390053987503
0.4456560015678406
0.14035600423812866
0.4581550061702728
0.14017300307750702
0.4706529974937439
0.13999100029468536
0.48315200209617615
0.13980799913406372
0.4956510066986084
0.13962499797344208
0.5081490278244019
0.13944299519062042
0.5206480026245117
0.13925999402999878
0.5331460237503052
0.13907699286937714
0.5419719815254211
0.14792999625205994
0.5507969856262207
0.15678200125694275
0.5596219897270203
0.16563500463962555
0.5684469938278198
0.17448699474334717
0.5772719979286194
0.18333999812602997
0.586097002029419
0.19219300150871277
0.5949220061302185
0.20104500651359558
0.6037470102310181
0.2098979949951172
0.6122270226478577
0.21908099949359894
0.6207079887390137
0.22826500236988068
0.6291880011558533
0.23744800686836243
0.6376680135726929
0.24663199484348297
0.6461480259895325
0.2558149993419647
0.6546279788017273
0.26499900221824646
0.6631079912185669
0.274181991815567
0.6715890169143677
0.28336599469184875
0.677390992641449
0.2944369912147522
0.6831939816474915
0.3055090010166168
0.6889960169792175
0.31658101081848145
0.69479900598526
0.3276520073413849
0.7006009817123413
0.3387239873409271
0.7064039707183838
0.34979501366615295
0.7122060060501099
0.3608669936656952
0.7180089950561523
0.3719390034675598
0.7267109751701355
0.38091200590133667
0.7354130148887634
0.3898859918117523
0.7441149950027466
0.3988589942455292
0.7528169751167297
0.4078330099582672
0.7615190148353577
0.41680601239204407
0.7702209949493408
0.4257799983024597
0.7789239883422852
0.4347530007362366
0.7876260280609131
0.4437269866466522
0.7976239919662476
0.45122799277305603
0.807623028755188
0.458730012178421
0.8176209926605225
0.4662320017814636
0.8276200294494629
0.4737339913845062
0.8376179933547974
0.4812360107898712
0.847616970539093
0.4887380003929138
0.8576160073280334
0.4962399899959564
0.8676139712333679
0.503741979598999
0.8571799993515015
0.4950290024280548
