0.8467879891395569
0.1633179932832718
0.8463330268859863
0.17580999433994293
0.845878005027771
0.18830199539661407
0.8454229831695557
0.20079299807548523
0.8449680209159851
0.21328499913215637
0.8445129990577698
0.22577700018882751
0.8440579771995544
0.23826800286769867
0.8436030149459839
0.2507599890232086
0.8431479930877686
0.26325199007987976
0.8425869941711426
0.27573901414871216
0.8420270085334778
0.28822699189186096
0.8414660096168518
0.30071398615837097
0.840906023979187
0.31320199370384216
0.840345025062561
0.3256889879703522
0.8397849798202515
0.33817601203918457
0.8392239809036255
0.3506639897823334
0.8386639952659607
0.36315101385116577
0.8380889892578125
0.3756380081176758
0.8375149965286255
0.3881250023841858
0.8369410037994385
0.4006119966506958
0.8363670110702515
0.413098007440567
0.8357930183410645
0.425585001707077
0.8352190256118774
0.43807199597358704
0.8346440196037292
0.45055899024009705
0.8340700268745422
0.46304601430892944
0.834197998046875
0.4755449891090393
0.834326982498169
0.48804399371147156
0.8344550132751465
0.500544011592865
0.8345829844474792
0.5130429863929749
0.834712028503418
0.5255420207977295
0.8348399996757507
0.5380420088768005
0.8349679708480835
0.5505409836769104
0.8350970149040222
0.563040018081665
0.8350750207901001
0.5755400061607361
0.8350539803504944
0.5880399942398071
0.8350329995155334
0.6005399823188782
0.8350120186805725
0.6130399703979492
0.8349900245666504
0.625540018081665
0.8349689841270447
0.6380400061607361
0.8349480032920837
0.6505399942398071
0.8349270224571228
0.6630399823188782
0.8342459797859192
0.6755220293998718
0.8335649967193604
0.6880030035972595
0.8328840136528015
0.7004849910736084
0.8322029709815979
0.7129660248756409
0.8315219879150391
0.7254469990730286
0.8308410048484802
0.7379289865493774
0.8301600217819214
0.7504100203514099
0.8294789791107178
0.7628920078277588
0.828656017780304
0.7753649950027466
0.8278319835662842
0.787837028503418
0.8270090222358704
0.8003100156784058
0.8261860013008118
0.8127830028533936
0.8253629803657532
0.8252559900283813
0.8245400190353394
0.8377289772033691
0.8237169981002808
0.8502020239830017
0.8228930234909058
0.8626750111579895
0.8219500184059143
0.8505939841270447
0.8210070133209229
0.838513970375061
0.8200640082359314
0.8264340162277222
