0.9007430076599121
0.29178500175476074
0.8884140253067017
0.293844997882843
0.8760849833488464
0.2959049940109253
0.863756000995636
0.29796499013900757
0.8514270186424255
0.300025999546051
0.8390979766845703
0.3020859956741333
0.8267689943313599
0.3041459918022156
0.8144400119781494
0.30620598793029785
0.802111029624939
0.3082660138607025
0.7908669710159302
0.313728004693985
0.7796229720115662
0.31918901205062866
0.7683789730072021
0.32464998960494995
0.7571349740028381
0.33011099696159363
0.7458909749984741
0.3355720043182373
0.7346479892730713
0.3410339951515198
0.7234039902687073
0.34649500250816345
0.7121599912643433
0.35195600986480713
0.7011010050773621
0.34612900018692017
0.6900429725646973
0.3403010070323944
0.6789839863777161
0.33447301387786865
0.667926013469696
0.3286460041999817
0.6568679809570312
0.32281801104545593
0.64580899477005
0.31699100136756897
0.63475102186203
0.3111630082130432
0.623691976070404
0.30533498525619507
0.6166139841079712
0.29503199458122253
0.6095370054244995
0.28472900390625
0.6024590134620667
0.27442601323127747
0.5953810214996338
0.26412299275398254
0.5883030295372009
0.25382000207901
0.5812249779701233
0.24351699650287628
0.5741469860076904
0.23321400582790375
0.5670689940452576
0.22291100025177002
0.5554080009460449
0.22741200029850006
0.5437459945678711
0.2319130003452301
0.5320850014686584
0.23641400039196014
0.5204240083694458
0.24091599881649017
0.508762001991272
0.24541699886322021
0.4971010088920593
0.24991799890995026
0.4854390025138855
0.2544189989566803
0.47377800941467285
0.2589209973812103
0.4648759961128235
0.2501460015773773
0.4559729993343353
0.2413710057735443
0.44707098603248596
0.2325959950685501
0.438169002532959
0.2238209992647171
0.4292669892311096
0.2150460034608841
0.42036399245262146
0.2062709927558899
0.4114620089530945
0.19749599695205688
0.4025599956512451
0.18872100114822388
0.41564300656318665
0.1837179958820343
0.428725004196167
0.17871500551700592
