0.904384970664978
0.24751299619674683
0.8995239734649658
0.25902900099754333
0.8946629762649536
0.27054500579833984
0.8898029923439026
0.28206101059913635
0.8849419951438904
0.29357799887657166
0.8800809979438782
0.30509400367736816
0.8752210140228271
0.3166100084781647
0.8703600168228149
0.3281260132789612
0.8654990196228027
0.3396430015563965
0.8618519902229309
0.35159799456596375
0.8582040071487427
0.3635540008544922
0.8545560240745544
0.37551000714302063
0.8509089946746826
0.3874660134315491
0.8472610116004944
0.3994219899177551
0.8436139822006226
0.41137799620628357
0.8399659991264343
0.423334002494812
0.8363180160522461
0.43529000878334045
0.8338289856910706
0.4475399851799011
0.8313400149345398
0.4597890079021454
0.8288509845733643
0.47203901410102844
0.8263620138168335
0.4842889904975891
0.8238720297813416
0.4965380132198334
0.821382999420166
0.508787989616394
0.8188940286636353
0.5210379958152771
0.8164049983024597
0.533286988735199
0.8139659762382507
0.5455470085144043
0.8115280270576477
0.5578070282936096
0.8090890049934387
0.5700669884681702
0.8066509962081909
0.5823270082473755
0.8042119741439819
0.5945870280265808
0.8017740249633789
0.6068459749221802
0.7993350028991699
0.6191059947013855
0.7968969941139221
0.6313660144805908
0.7947829961776733
0.6436859965324402
0.7926679849624634
0.6560059785842896
0.7905539870262146
0.6683260202407837
0.7884399890899658
0.6806460022926331
0.786325991153717
0.6929659843444824
0.7842109799385071
0.7052860260009766
0.7820969820022583
0.7176049947738647
0.7799829840660095
0.7299249768257141
0.7777919769287109
0.7422320246696472
0.7756019830703735
0.7545390129089355
0.7734119892120361
0.7668449878692627
0.7712209820747375
0.779151976108551
0.7690309882164001
0.791458010673523
0.7668409943580627
0.8037649989128113
0.7646499872207642
0.8160709738731384
0.7624599933624268
0.8283780217170715
0.7508739829063416
0.8245030045509338
0.7392889857292175
0.820626974105835
0.7277029752731323
0.816752016544342
0.7161179780960083
0.8128769993782043
0.7045320272445679
0.8090010285377502
0.6929460167884827
0.8051260113716125
