0.7313590049743652
0.13702499866485596
0.7308390140533447
0.14951500296592712
0.7303190231323242
0.1620039939880371
0.7297980189323425
0.1744929999113083
0.729278028011322
0.18698200583457947
0.7287579774856567
0.19947099685668945
0.728236973285675
0.21196000277996063
0.7277169823646545
0.2244500070810318
0.727196991443634
0.23693899810314178
0.7273889780044556
0.24943700432777405
0.7275810241699219
0.2619360089302063
0.7277730107307434
0.27443400025367737
0.7279649972915649
0.2869330048561096
0.7281569838523865
0.2994309961795807
0.728348970413208
0.31193000078201294
0.7285419702529907
0.324427992105484
0.728734016418457
0.33692699670791626
0.7290350198745728
0.34942299127578735
0.7293360233306885
0.36191999912261963
0.7296370267868042
0.3744159936904907
0.7299379706382751
0.3869119882583618
0.7302389740943909
0.3994089961051941
0.7305399775505066
0.4119049906730652
0.7308409810066223
0.4244009852409363
0.731141984462738
0.43689799308776855
0.7327340245246887
0.4492959976196289
0.7343260049819946
0.46169400215148926
0.7359179854393005
0.4740929901599884
0.73750901222229
0.48649099469184875
0.739100992679596
0.4988889992237091
0.7406929731369019
0.5112869739532471
0.7422850131988525
0.5236859917640686
0.7438759803771973
0.536083996295929
0.7482519745826721
0.5477929711341858
0.7526289820671082
0.5595020055770874
0.757004976272583
0.5712109804153442
0.7613809704780579
0.5829200148582458
0.7657570242881775
0.5946279764175415
0.7701330184936523
0.6063370108604431
0.7745100259780884
0.6180459856987
0.7788860201835632
0.6297550201416016
0.7927539944648743
0.6321460008621216
0.8066229820251465
0.6345369815826416
0.8204920291900635
0.6369280219078064
0.8343610167503357
0.6393190026283264
0.8482289910316467
0.6417099833488464
0.862097978591919
0.6441010236740112
