0.9436060190200806
0.38457798957824707
0.9333950281143188
0.3917880058288574
0.9231839776039124
0.3989970088005066
0.9129729866981506
0.40620699524879456
0.9027619957923889
0.4134170114994049
0.8925510048866272
0.42062699794769287
0.8823400139808655
0.4278370141983032
0.8721280097961426
0.4350470006465912
0.8619170188903809
0.44225698709487915
0.8540359735488892
0.4325540065765381
0.8461549878120422
0.42285099625587463
0.8382740020751953
0.41314899921417236
0.8303930163383484
0.4034459888935089
0.8225119709968567
0.39374399185180664
0.8146309852600098
0.3840410113334656
0.8067499995231628
0.3743380010128021
0.7988690137863159
0.36463600397109985
0.7909929752349854
0.35493001341819763
0.7831159830093384
0.345223993062973
0.7752389907836914
0.3355180025100708
0.7673619985580444
0.3258120119571686
0.7594850063323975
0.31610599160194397
0.7516080141067505
0.30640000104904175
0.7437310218811035
0.2966940104961395
0.7358540296554565
0.2869879901409149
0.7425500154495239
0.27643299102783203
0.7492449879646301
0.26587700843811035
0.7559409737586975
0.25532200932502747
0.7626360058784485
0.2447659969329834
0.7693309783935547
0.23420999944210052
0.7760270237922668
0.22365500032901764
0.782721996307373
0.21309900283813477
0.7894179821014404
0.2025430053472519
0.7787169814109802
0.2090039998292923
0.76801598072052
0.2154649943113327
0.7573149800300598
0.22192500531673431
0.7466139793395996
0.22838599979877472
0.7359129786491394
0.23484699428081512
0.7252119779586792
0.24130800366401672
0.714510977268219
0.24776799976825714
0.70381098985672
0.25422900915145874
0.6925920248031616
0.25974199175834656
0.6813730001449585
0.26525500416755676
0.6701549887657166
0.2707679867744446
0.6589360237121582
0.2762809991836548
0.6477180123329163
0.281794011592865
0.6364989876747131
0.2873069941997528
0.6252800226211548
0.292820006608963
0.6140620112419128
0.29833298921585083
0.6017770171165466
0.3006399869918823
0.5894910097122192
0.3029470145702362
0.577206015586853
0.3052540123462677
0.5649210214614868
0.307559996843338
0.5526350140571594
0.3098669946193695
0.5403500199317932
0.312173992395401
0.528065025806427
0.3144800066947937
0.5157790184020996
0.3167870044708252
0.5081999897956848
0.3267270028591156
0.5006200075149536
0.3366659879684448
0.4930399954319
0.34660598635673523
0.4854600131511688
0.356546014547348
0.47788000106811523
0.36648499965667725
0.47029998898506165
0.37642499804496765
0.46272099018096924
0.38636401295661926
0.45514100790023804
0.39630401134490967
0.44461899995803833
0.4030529856681824
0.4340980052947998
0.40980198979377747
0.4235759973526001
0.41655099391937256
0.4130550026893616
0.42329999804496765
0.40253299474716187
0.43004900217056274
0.39201200008392334
0.43679800629615784
0.38148999214172363
0.44354701042175293
0.3709689974784851
0.450296014547348
0.363523006439209
0.46033599972724915
0.35607799887657166
0.47037699818611145
0.34863200783729553
0.48041701316833496
0.341185986995697
0.49045801162719727
0.3337399959564209
0.5004979968070984
0.32629498839378357
0.5105389952659607
0.31884899735450745
0.5205789804458618
0.3114030063152313
0.5306199789047241
0.32185301184654236
0.5374789834022522
0.3323040008544922
0.5443379878997803
0.3427540063858032
0.5511969923973083
0.35320401191711426
0.5580549836158752
0.3636539876461029
0.5649139881134033
0.37410399317741394
0.5717729926109314
0.384553998708725
0.5786319971084595
0.3950049877166748
0.5854910016059875
0.3938469886779785
0.5979369878768921
0.3926889896392822
0.6103829741477966
0.39153099060058594
0.6228299736976624
0.39037299156188965
0.6352760195732117
0.38921499252319336
0.6477220058441162
0.38805699348449707
0.6601679921150208
0.3868989944458008
0.6726149916648865
0.3857409954071045
0.685060977935791
0.3965499997138977
0.6913390159606934
0.4073590040206909
0.6976169943809509
0.41816800832748413
0.7038949728012085
0.42897701263427734
0.7101730108261108
0.43978598713874817
0.7164509892463684
0.4505949914455414
0.7227290272712708
0.4614050090312958
0.7290070056915283
0.472214013338089
0.7352839708328247
0.47481900453567505
0.7475100159645081
0.4774239957332611
0.7597360014915466
0.48002898693084717
0.771960973739624
0.4826340079307556
0.7841870188713074
0.4852389991283417
0.7964119911193848
0.48784399032592773
0.8086379766464233
0.490449994802475
0.8208630084991455
0.49305498600006104
0.8330889940261841
0.5041390061378479
0.8270270228385925
0.5152230262756348
0.8209649920463562
0.5263059735298157
0.8149030208587646
0.5373899936676025
0.8088409900665283
0.5484740138053894
0.8027799725532532
