0.2715739905834198
0.5126299858093262
0.2750239968299866
0.5006150007247925
0.27847400307655334
0.4886009991168976
0.28192299604415894
0.4765860140323639
0.2853730022907257
0.4645709991455078
0.2888219952583313
0.4525569975376129
0.29227200150489807
0.4405420124530792
0.29572099447250366
0.4285280108451843
0.29917100071907043
0.41651299595832825
0.2940709888935089
0.4051010012626648
0.28897199034690857
0.39368799328804016
0.28387200832366943
0.3822759985923767
0.2787719964981079
0.3708629906177521
0.2736720144748688
0.3594509959220886
0.26857298612594604
0.34803900122642517
0.2634730041027069
0.33662599325180054
0.2583729922771454
0.3252139985561371
0.2558709979057312
0.3129670023918152
0.253369003534317
0.3007200062274933
0.2508679926395416
0.2884730100631714
0.24836599826812744
0.2762250006198883
0.24586400389671326
0.2639780044555664
0.24336199462413788
0.2517310082912445
0.2408600002527237
0.2394839972257614
0.2383580058813095
0.22723700106143951
