0.2591409981250763
0.9421619772911072
0.2714119851589203
0.9397789835929871
0.2836819887161255
0.9373970031738281
0.29595300555229187
0.935014009475708
0.30822399258613586
0.9326320290565491
0.32049500942230225
0.9302489757537842
0.33276599645614624
0.9278669953346252
0.3450370132923126
0.9254850149154663
0.3573080003261566
0.9231020212173462
0.35743001103401184
0.9106029868125916
0.35755300521850586
0.8981029987335205
0.3576759994029999
0.8856040239334106
0.3577989935874939
0.873104989528656
0.3579219877719879
0.860605001449585
0.35804399847984314
0.8481060266494751
0.35816699266433716
0.8356059789657593
0.3582899868488312
0.8231070041656494
0.358132004737854
0.8106080293655396
0.35797399282455444
0.7981089949607849
0.35781601071357727
0.785610020160675
0.3576579988002777
0.7731109857559204
0.35749998688697815
0.7606120109558105
0.35734298825263977
0.7481129765510559
0.3571850061416626
0.735614001750946
0.35702699422836304
0.7231150269508362
0.34495800733566284
0.7198600172996521
0.33288899064064026
0.7166039943695068
0.32082098722457886
0.7133489847183228
0.30875200033187866
0.7100939750671387
0.29668301343917847
0.7068390250205994
0.28461501002311707
0.7035830020904541
0.2725459933280945
0.70032799243927
0.2604770064353943
0.6970729827880859
0.25630199909210205
0.6852909922599792
0.2521269917488098
0.6735079884529114
0.24795299768447876
0.6617259979248047
0.24377800524234772
0.649944007396698
0.23960299789905548
0.6381620168685913
0.23542800545692444
0.6263800263404846
0.2312529981136322
0.6145970225334167
0.22707800567150116
0.6028149724006653
0.22512799501419067
0.5904679894447327
0.22317899763584137
0.5781210064888
0.22122900187969208
0.5657740235328674
0.21927900612354279
0.55342698097229
0.2173299938440323
0.5410799980163574
0.215379998087883
0.5287330150604248
0.2134310007095337
0.5163859724998474
0.2114810049533844
0.5040389895439148
0.2095309942960739
0.4916920065879822
0.2075819969177246
0.4793449938297272
0.20563200116157532
0.46699801087379456
0.20368200540542603
0.45465099811553955
0.20173299312591553
0.44230398535728455
0.19978299736976624
0.42995700240135193
0.19783399999141693
0.4176099896430969
0.19588400423526764
0.4052630066871643
0.19393399357795715
0.3929159939289093
0.19198499619960785
0.3805690109729767
0.19003500044345856
0.3682219982147217
0.18808500468730927
0.3558749854564667
0.18613600730895996
0.34352800250053406
0.18418599665164948
0.33118098974227905
0.18223600089550018
0.31883400678634644
0.18028700351715088
0.30648699402809143
0.1783369928598404
0.2941400110721588
0.1763879954814911
0.2817929983139038
0.1744379997253418
0.2694459855556488
0.1724880039691925
0.2570990025997162
0.1705390065908432
0.24475200474262238
0.16858899593353271
0.23240500688552856
0.16663900017738342
0.22005799412727356
0.16469000279903412
0.20771099627017975
0.16274000704288483
0.19536399841308594
0.16079099476337433
0.18301600217819214
0.15884099900722504
0.17066900432109833
0.15689100325107574
0.15832200646400452
0.15494200587272644
0.1459749937057495
0.15299199521541595
0.1336279958486557
0.15104199945926666
0.12128099799156189
0.14909300208091736
0.10893400013446808
0.14700700342655182
0.09572610259056091
0.14492200314998627
0.08251789957284927
0.14283600449562073
0.06930959969758987
0.1407500058412552
0.05610140040516853
