0.04619939997792244
0.9627360105514526
0.0584121011197567
0.9600710272789001
0.07062479853630066
0.9574069976806641
0.08283740282058716
0.9547420144081116
0.09505009651184082
0.9520769715309143
0.1072629988193512
0.9494119882583618
0.11947499960660934
0.9467470049858093
0.13168799877166748
0.9440829753875732
0.1439010053873062
0.9414179921150208
0.15121500194072723
0.9312809705734253
0.15852899849414825
0.9211440086364746
0.16584299504756927
0.9110080003738403
0.1731570065021515
0.9008709788322449
0.1804710030555725
0.8907340168952942
0.18778599798679352
0.8805969953536987
0.19509999454021454
0.8704609870910645
0.20241400599479675
0.8603240251541138
0.20192700624465942
0.847832977771759
0.2014400064945221
0.8353430032730103
0.20095400512218475
0.8228520154953003
0.20046700537204742
0.8103619813919067
0.1999800056219101
0.7978709936141968
0.19949400424957275
0.785381019115448
0.19900700449943542
0.7728899717330933
0.1985200047492981
0.7603999972343445
0.2062080055475235
0.750544011592865
0.2138960063457489
0.7406870126724243
0.2215840071439743
0.7308310270309448
0.2292719930410385
0.7209749817848206
0.23695999383926392
0.7111189961433411
0.24464799463748932
0.7012619972229004
0.2523359954357147
0.6914060115814209
0.2600240111351013
0.6815500259399414
0.25811201333999634
0.6691970229148865
0.25620099902153015
0.6568440198898315
0.25428900122642517
0.6444910168647766
0.252377986907959
0.6321380138397217
0.250465989112854
0.6197850108146667
0.2485550045967102
0.6074320077896118
0.24664300680160522
0.5950790047645569
0.24473200738430023
0.582726001739502
0.2531000077724457
0.5734410285949707
0.2614690065383911
0.5641549825668335
0.26983699202537537
0.5548700094223022
0.2782059907913208
0.5455840229988098
0.28657400608062744
0.5362989902496338
0.2949430048465729
0.5270140171051025
0.30331099033355713
0.5177279710769653
0.31167900562286377
0.5084429979324341
0.3141320049762726
0.4961859881877899
0.3165850043296814
0.48392900824546814
0.3190380036830902
0.471671998500824
0.32148998975753784
0.4594149887561798
0.32394298911094666
0.44715800881385803
0.32639598846435547
0.43490099906921387
0.3288489878177643
0.4226439893245697
0.3313019871711731
0.4103870093822479
0.3376379907131195
0.3996120095252991
0.3439739942550659
0.3888370096683502
0.35030999779701233
0.3780609965324402
0.35664600133895874
0.36728599667549133
0.36298200488090515
0.3565109968185425
0.36931800842285156
0.34573599696159363
0.375654011964798
0.3349609971046448
0.381989985704422
0.3241859972476959
0.37821999192237854
0.3122679889202118
0.37445101141929626
0.30035001039505005
0.3706809878349304
0.2884320020675659
0.36691099405288696
0.2765139937400818
0.3631410002708435
0.26459598541259766
0.35937100648880005
0.2526780068874359
0.3556019961833954
0.24075999855995178
0.35183200240135193
0.22884200513362885
0.35879001021385193
0.21845799684524536
0.36574798822402954
0.20807300508022308
0.3727070093154907
0.1976889967918396
0.37966498732566833
0.1873050034046173
0.38662299513816833
0.17692099511623383
0.39358198642730713
0.16653600335121155
0.40053999423980713
0.15615199506282806
0.40749800205230713
0.14576800167560577
0.4198090136051178
0.14793600142002106
0.4321190118789673
0.15010400116443634
0.44442999362945557
0.15227100253105164
0.45674100518226624
0.15443900227546692
0.4690510034561157
0.1566070020198822
0.481361985206604
0.15877500176429749
0.4936720132827759
0.16094200313091278
0.5059829950332642
0.16311000287532806
0.5076670050621033
0.15028999745845795
0.5093500018119812
0.13746899366378784
0.5110340118408203
0.12464900314807892
0.5127180218696594
0.11182799935340881
