0.6603360176086426
0.5309399962425232
0.6478369832038879
0.5308060050010681
0.6353369951248169
0.530672013759613
0.622838020324707
0.5305370092391968
0.6103389859199524
0.5304030179977417
0.5978400111198425
0.5302690267562866
0.5853400230407715
0.5301349759101868
0.5728409886360168
0.5300009846687317
0.560342013835907
0.5298669934272766
0.5482860207557678
0.5265629887580872
0.5362309813499451
0.5232589840888977
0.5241749882698059
0.5199549794197083
0.5121200084686279
0.5166509747505188
0.5000640153884888
0.5133470296859741
0.4880090057849884
0.5100430250167847
0.47595301270484924
0.5067399740219116
0.4638980031013489
0.5034360289573669
0.45181599259376526
0.500229001045227
0.4397349953651428
0.49702200293540955
0.4276530146598816
0.49381500482559204
0.415571004152298
0.49060899019241333
0.40349000692367554
0.4874019920825958
0.3914079964160919
0.4841949939727783
0.3793259859085083
0.4809879958629608
0.36724498867988586
0.4777820110321045
0.3571319878101349
0.4851289987564087
0.3470189869403839
0.4924750030040741
0.33690500259399414
0.4998219907283783
0.32679200172424316
0.5071690082550049
0.3166790008544922
0.5145159959793091
0.3065659999847412
0.5218629837036133
0.29645299911499023
0.5292099714279175
0.28633999824523926
0.5365560054779053
0.2807430028915405
0.5477330088615417
0.2751460075378418
0.5589100122451782
0.26954901218414307
0.5700870156288147
0.26395198702812195
0.5812640190124512
0.2583549916744232
0.5924410223960876
0.2527579963207245
0.6036180257797241
0.24716100096702576
0.6147950291633606
0.24156400561332703
0.6259719729423523
0.23292799293994904
0.6350089907646179
0.22429199516773224
0.6440460085868835
0.21565599739551544
0.6530830264091492
0.20701999962329865
0.6621209979057312
0.19838500022888184
0.6711580157279968
0.18974900245666504
0.6801949739456177
0.18111300468444824
0.6892319917678833
0.17247700691223145
0.6982690095901489
0.16945600509643555
0.7103989720344543
0.16643500328063965
0.7225279808044434
0.16341400146484375
0.7346580028533936
0.16039299964904785
0.7467870116233826
0.15737199783325195
0.758916974067688
0.15435099601745605
0.771045982837677
0.15132999420166016
0.7831760048866272
0.14831000566482544
0.7953050136566162
0.1575320065021515
0.8037430047988892
0.16675500571727753
0.8121809959411621
0.17597700655460358
0.8206179738044739
0.18520000576972961
0.8290560245513916
0.19442200660705566
0.8374930024147034
0.2036450058221817
0.8459309935569763
0.21286800503730774
0.8543689846992493
0.2220900058746338
0.8628060221672058
0.22803300619125366
0.873803973197937
0.23397499322891235
0.8848009705543518
0.23991699516773224
0.8957980275154114
0.2458599954843521
0.9067950248718262
0.251801997423172
0.917792022228241
0.25774499773979187
0.9287890195846558
0.26368701457977295
0.939786970615387
0.26962900161743164
0.9507840275764465
0.2732129991054535
0.9574159979820251
