0.8405659794807434
0.20115900039672852
0.839909017086029
0.21364200115203857
0.8392530083656311
0.22612500190734863
0.838595986366272
0.2386070042848587
0.8379390239715576
0.25108999013900757
0.8372820019721985
0.2635729908943176
0.8366249799728394
0.2760559916496277
0.8359689712524414
0.28853800892829895
0.835312008857727
0.301021009683609
0.8472689986228943
0.30083900690078735
0.8592259883880615
0.3006579875946045
0.8711829781532288
0.3004760146141052
0.8831400275230408
0.30029401183128357
0.895097017288208
0.3001129925251007
