0.6112689971923828
0.716949999332428
0.6237350106239319
0.7160320281982422
0.636201024055481
0.7151139974594116
0.6486679911613464
0.7141969799995422
0.6611340045928955
0.7132790088653564
0.6736000180244446
0.7123609781265259
0.6860659718513489
0.7114430069923401
0.6985329985618591
0.7105259895324707
0.7109990119934082
0.7096080183982849
0.7004860043525696
0.7028459906578064
0.6899719834327698
0.6960849761962891
0.6794589757919312
0.6893230080604553
0.6689460277557373
0.682561993598938
0.6584320068359375
0.6758000254631042
0.6479189991950989
0.6690379977226257
0.6374059915542603
0.6622769832611084
0.6268919706344604
0.6555150151252747
0.6390359997749329
0.6525499820709229
0.6511790156364441
0.649586021900177
0.6633219718933105
0.6466209888458252
0.6754649877548218
0.6436560153961182
0.6876090168952942
0.6406909823417664
0.6997519731521606
0.6377270221710205
0.7118949890136719
0.6347619891166687
0.7240390181541443
0.6317970156669617
0.7118359804153442
0.6290850043296814
0.6996340155601501
0.6263729929924011
0.6874319911003113
0.623661994934082
0.6752300262451172
0.6209499835968018
0.6630269885063171
0.6182379722595215
0.650825023651123
0.615526020526886
0.6386229991912842
0.6128150224685669
0.6264200210571289
0.6101030111312866
0.6366379857063293
0.6029019951820374
0.6468549966812134
0.5957009792327881
0.6570730209350586
0.5885009765625
0.667290985584259
0.5813000202178955
0.6775079965591431
0.5740990042686462
0.6877260208129883
0.566897988319397
0.6979429721832275
0.5596969723701477
0.7081609964370728
0.5524970293045044
0.7061859965324402
0.540153980255127
0.7042099833488464
0.5278109908103943
0.7022349834442139
0.5154680013656616
0.7002599835395813
0.503125011920929
0.6982839703559875
0.4907819926738739
0.696308970451355
0.47843900322914124
0.6943339705467224
0.46609601378440857
0.6923580169677734
0.4537529945373535
0.6856719851493835
0.4641270041465759
0.6789860129356384
0.47450101375579834
0.6723009943962097
0.48487401008605957
