0.7290850281715393
0.18307499587535858
0.7189300060272217
0.19036400318145752
0.7087759971618652
0.19765399396419525
0.6986209750175476
0.2049430012702942
0.6884660124778748
0.21223199367523193
0.6783109903335571
0.21952100098133087
0.6681569814682007
0.22680999338626862
0.6580020189285278
0.23409900069236755
0.6478469967842102
0.2413879930973053
0.6364160180091858
0.24644500017166138
0.6249840259552002
0.2515009939670563
0.6135519742965698
0.25655800104141235
0.6021209955215454
0.26161500811576843
0.5906890034675598
0.26667100191116333
0.5792580246925354
0.2717280089855194
0.567825973033905
0.2767849862575531
0.5563949942588806
0.2818410098552704
0.5474309921264648
0.2905530035495758
0.5384669899940491
0.2992649972438812
0.5295029878616333
0.30797699093818665
0.5205389857292175
0.31668901443481445
0.5115749835968018
0.3254010081291199
0.5026100277900696
0.3341119885444641
0.4936459958553314
0.3428240120410919
0.48468199372291565
0.35153600573539734
0.47572699189186096
0.36025598645210266
0.4667710065841675
0.36897599697113037
0.4578149914741516
0.3776969909667969
0.44885900616645813
0.3864170014858246
0.43990299105644226
0.3951370120048523
0.4309470057487488
0.4038569927215576
0.4219909906387329
0.4125779867172241
0.4130359888076782
0.42129799723625183
0.4029200077056885
0.4286409914493561
0.39280399680137634
0.4359839856624603
0.3826879858970642
0.44332700967788696
0.37257200479507446
0.45066899061203003
0.36245599389076233
0.45801201462745667
0.3523400127887726
0.4653550088405609
0.34222400188446045
0.47269800305366516
0.3321079909801483
0.4800409972667694
0.32441800832748413
0.4701859951019287
0.31672799587249756
0.460330992937088
0.3090380132198334
0.4504759907722473
0.3013480007648468
0.4406220018863678
0.2936590015888214
0.4307669997215271
0.28596898913383484
0.4209119975566864
0.27827900648117065
0.4110569953918457
0.2705889940261841
0.4012030065059662
0.2639229893684387
0.39062899351119995
0.25725600123405457
0.3800550103187561
0.2505899965763092
0.36948099732398987
0.24392299354076385
0.358907014131546
0.2372570037841797
0.3483330011367798
0.23059099912643433
0.33775898814201355
0.22392399609088898
0.3271850049495697
0.2172580063343048
0.31661099195480347
0.21059100329875946
0.3060370087623596
0.2039249986410141
0.2954629957675934
0.19725899398326874
0.28488901257514954
0.19059200584888458
0.2743149995803833
0.18392600119113922
0.26374098658561707
0.17725899815559387
0.2531670033931732
0.1705929934978485
0.24259300529956818
0.16392700374126434
0.23201900720596313
0.15647199749946594
0.2201939970254898
0.14901700615882874
0.20837000012397766
0.14156199991703033
0.19654500484466553
0.13410699367523193
0.1847199946641922
0.12665200233459473
0.17289599776268005
