0.805653989315033
0.3808479905128479
0.7959750294685364
0.38875800371170044
0.786296010017395
0.3966679871082306
0.7766169905662537
0.40457800030708313
0.7669379711151123
0.41248801350593567
0.7572590112686157
0.4203979969024658
0.7475799918174744
0.42830801010131836
0.737900972366333
0.4362179934978485
0.7282220125198364
0.44412699341773987
0.7180050015449524
0.45132800936698914
0.7077869772911072
0.458528995513916
0.6975690126419067
0.4657300114631653
0.6873520016670227
0.47293099761009216
0.6771339774131775
0.48013100028038025
0.6669170260429382
0.48733198642730713
0.656699001789093
0.4945330023765564
0.6464809775352478
0.5017340183258057
0.6330649852752686
0.5024399757385254
0.6196479797363281
0.5031470060348511
0.6062309741973877
0.5038530230522156
0.592814028263092
0.5045599937438965
0.579397976398468
0.505266010761261
