0.6292510032653809
0.10951899737119675
0.6246860027313232
0.12115500122308731
0.6201199889183044
0.13279199600219727
0.6155549883842468
0.14442799985408783
0.610988974571228
0.1560640037059784
0.6064239740371704
0.16770100593566895
0.6018580198287964
0.17933699488639832
0.5972930192947388
0.19097399711608887
0.59272700548172
0.20261000096797943
0.586654007434845
0.21353599429130554
0.5805799961090088
0.22446100413799286
0.5745069980621338
0.23538599908351898
0.5684329867362976
0.2463109940290451
0.5623599886894226
0.2572369873523712
0.5562859773635864
0.2681620121002197
0.5502129793167114
0.27908700704574585
0.54413902759552
0.29001298546791077
0.5361819863319397
0.29965299367904663
0.5282250046730042
0.3092930018901825
0.5202680230140686
0.31893399357795715
0.5123109817504883
0.328574001789093
0.5043540000915527
0.3382149934768677
0.4963969886302948
0.34785500168800354
0.48844099044799805
0.3574950098991394
0.4804840087890625
0.36713600158691406
0.4706760048866272
0.35751500725746155
0.4608690142631531
0.3478949964046478
0.4510610103607178
0.3382740020751953
0.44125398993492126
0.3286539912223816
0.43144598603248596
0.3190329968929291
0.42163899540901184
0.30941298604011536
