0.2192700058221817
0.24664300680160522
0.21197499334812164
0.23649300634860992
0.20467999577522278
0.22634300589561462
0.1973849982023239
0.21619200706481934
0.19009000062942505
0.20604200661182404
0.18279500305652618
0.19589099287986755
0.17550000548362732
0.18574100732803345
0.16820499300956726
0.17558999359607697
0.1609099954366684
0.16543999314308167
0.1529659926891327
0.15578800439834595
0.14502300322055817
0.14613699913024902
0.13707999885082245
0.1364849954843521
0.12913599610328674
0.1268330067396164
0.12119299918413162
0.11718200147151947
0.1132500022649765
0.10752999782562256
0.1053059995174408
0.09787850081920624
0.09736300259828568
0.08822689950466156
0.08588559925556183
0.08621370047330856
0.07440820336341858
0.08420050144195557
0.06293080002069473
0.08218730241060257
0.051453299820423126
0.08017420023679733
