0.11611700057983398
0.03629149869084358
0.12378799915313721
0.04616130143404007
0.13145799934864044
0.0560309998691082
0.13912899792194366
0.06590069830417633
0.1467989981174469
0.07577049732208252
0.15446999669075012
0.08564019948244095
0.16214099526405334
0.09550999850034714
0.16981099545955658
0.10537999868392944
0.1774819940328598
0.11524900048971176
0.18680399656295776
0.12357699871063232
0.19612500071525574
0.13190500438213348
0.2054470032453537
0.14023299515247345
0.21476900577545166
0.1485610008239746
0.22409099340438843
0.15688900649547577
0.2334129959344864
0.16521699726581573
0.24273499846458435
0.1735450029373169
0.2520560026168823
0.18187299370765686
0.25450098514556885
0.194131001830101
0.25694599747657776
0.20638999342918396
0.2593899965286255
0.2186480015516281
0.2618350088596344
0.23090699315071106
0.26427900791168213
0.2431659996509552
0.26672399044036865
0.25542399287223816
0.26916900277137756
0.2676829993724823
0.2716130018234253
0.27994200587272644
0.2841089963912964
0.27959901094436646
0.2966040074825287
0.2792559862136841
0.3090989887714386
0.2789140045642853
0.3215950131416321
0.2785710096359253
0.334089994430542
0.2782280147075653
0.3465850055217743
0.2778860032558441
0.3590799868106842
0.27754300832748413
0.3715760111808777
0.27720001339912415
0.37223300337791443
0.29058700799942017
0.37288999557495117
0.3039740025997162
0.3735469877719879
0.3173609972000122
0.37420400977134705
0.3307479918003082
0.3748610019683838
0.34413400292396545
0.3755190074443817
0.3575209975242615
