0.3981100022792816
0.8046839833259583
0.39260900020599365
0.7934589982032776
0.38710901141166687
0.7822350263595581
0.3816080093383789
0.7710099816322327
0.37610799074172974
0.759784996509552
0.37060800194740295
0.7485600113868713
0.365106999874115
0.7373350262641907
0.3596070110797882
0.7261109948158264
0.35410699248313904
0.7148860096931458
0.34177300333976746
0.7128530144691467
0.3294390141963959
0.7108200192451477
0.3171060085296631
0.7087870240211487
0.3047719895839691
0.7067530155181885
0.2924390137195587
0.7047200202941895
0.28010499477386475
0.7026870250701904
0.26777198910713196
0.7006539702415466
0.2554379999637604
0.6986209750175476
0.24357900023460388
0.7025719881057739
0.2317200005054474
0.7065230011940002
0.2198610007762909
0.7104750275611877
0.2080020010471344
0.7144259810447693
0.1961430013179779
0.7183769941329956
0.1842840015888214
0.7223280072212219
0.17242400348186493
0.7262790203094482
0.16056500375270844
0.7302299737930298
0.1499290019273758
0.7337740063667297
0.13929399847984314
0.7373179793357849
0.1286579966545105
0.7408609986305237
