0.7099069952964783
0.6740450263023376
0.6980509757995605
0.6780049800872803
0.6861950159072876
0.6819639801979065
0.6743389964103699
0.6859239935874939
0.6624829769134521
0.6898840069770813
0.650626003742218
0.6938440203666687
0.6387699842453003
0.6978039741516113
0.6269140243530273
0.7017639875411987
0.6150580048561096
0.705722987651825
0.6045809984207153
0.7125419974327087
0.5941050052642822
0.7193610072135925
0.5836290121078491
0.7261800169944763
0.5731520056724548
0.7329990267753601
0.5626760125160217
0.7398179769515991
0.5522000193595886
0.7466359734535217
0.5417230129241943
0.7534549832344055
0.5312470197677612
0.7602739930152893
0.5206069946289062
0.766834020614624
0.5099660158157349
0.773393988609314
0.4993259906768799
0.7799540162086487
0.4886850118637085
0.7865129709243774
0.4780449867248535
0.7930729985237122
0.4674049913883209
0.7996330261230469
0.45676401257514954
0.8061929941177368
0.44612398743629456
0.8127530217170715
0.4351649880409241
0.8187659978866577
0.4242059886455536
0.8247780203819275
0.4132469892501831
0.8307909965515137
0.4022879898548126
0.8368039727210999
0.3913300037384033
0.8428170084953308
0.38037100434303284
0.848829984664917
0.36941200494766235
0.8548420071601868
0.35845300555229187
0.860854983329773
0.350585013628006
0.8511419892311096
0.3427169919013977
0.8414289951324463
0.33484798669815063
0.8317170143127441
0.32697999477386475
0.8220040202140808
0.31911200284957886
0.8122910261154175
0.3112429976463318
0.8025779724121094
0.3033750057220459
0.792864978313446
0.29550701379776
0.7831519842147827
0.29477599263191223
0.7706739902496338
0.29404398798942566
0.7581949830055237
0.29331299662590027
0.7457159757614136
0.2925820052623749
0.7332379817962646
0.2918510138988495
0.7207589745521545
0.2911199927330017
0.7082809805870056
0.29038798809051514
0.6958019733428955
0.28965699672698975
0.6833230257034302
0.28014999628067017
0.6752079725265503
0.2706420123577118
0.6670929789543152
0.2611350119113922
0.6589779853820801
0.25162699818611145
0.650862991809845
0.24211899936199188
0.6427469849586487
0.2326119989156723
0.6346319913864136
0.22310400009155273
0.6265169978141785
0.21359699964523315
0.6184020042419434
0.2137400060892105
0.6059030294418335
0.21388299763202667
0.5934029817581177
0.21402700245380402
0.5809040069580078
0.21416999399662018
0.5684049725532532
0.21431300044059753
0.5559059977531433
0.21445700526237488
0.5434070229530334
0.21459999680519104
0.5309069752693176
0.2147430032491684
0.5184080004692078
0.2245050072669983
0.5106009840965271
0.234266996383667
0.50279301404953
0.2440290004014969
0.49498599767684937
0.2537899911403656
0.4871779978275299
0.2635520100593567
0.47937101125717163
0.2733139991760254
0.4715630114078522
0.2830759882926941
0.4637550115585327
0.2928380072116852
0.45594799518585205
0.3030399978160858
0.46317100524902344
0.31324198842048645
0.47039300203323364
0.3234440088272095
0.47761601209640503
0.3336459994316101
0.48483899235725403
0.34384799003601074
0.49206098914146423
0.35405001044273376
0.4992839992046356
0.3642520010471344
0.5065069794654846
0.37445399165153503
0.5137289762496948
0.38471201062202454
0.5065860152244568
0.39496898651123047
0.4994420111179352
0.40522700548171997
0.49229899048805237
0.4154849946498871
0.48515498638153076
0.4257420003414154
0.47801101207733154
0.4359999895095825
0.47086799144744873
0.446258008480072
0.4637239873409271
0.45651501417160034
0.4565809965133667
0.4667949974536896
0.4494209885597229
0.47707599401474
0.4422619938850403
0.4873560070991516
0.43510299921035767
0.49763599038124084
0.42794299125671387
0.5079159736633301
0.42078399658203125
