0.2159689962863922
0.3610000014305115
0.21173100173473358
0.37275999784469604
0.20749400556087494
0.3845199942588806
0.20325599610805511
0.3962799906730652
0.19901800155639648
0.40803998708724976
0.19478100538253784
0.41979900002479553
0.19054299592971802
0.4315589964389801
0.18630599975585938
0.4433189928531647
0.18206800520420074
0.45507898926734924
0.1743530035018921
0.4649139940738678
0.16663900017738342
0.47474899888038635
0.15892399847507477
0.4845849871635437
0.1512089967727661
0.49441999197006226
0.14349499344825745
0.5042549967765808
0.13578000664710999
0.5140910148620605
0.12806500494480133
0.5239260196685791
0.12035100162029266
0.5337619781494141
0.1177780032157898
0.545993983745575
0.11520499736070633
0.5582259893417358
0.11263199895620346
0.5704590082168579
0.11005900055170059
0.5826910138130188
0.10748600214719772
0.5949230194091797
0.10491299629211426
0.607155978679657
0.10233999788761139
0.6193879842758179
0.09976760298013687
0.6316199898719788
0.09232000261545181
0.6416590213775635
0.08487240225076675
0.6516979932785034
0.07742469757795334
0.6617379784584045
0.06997709721326828
0.6717770099639893
0.06252949684858322
0.6818159818649292
0.05508190020918846
0.6918550133705139
0.0476342998445034
0.7018939852714539
0.040186598896980286
0.7119330167770386
0.0485324002802372
0.722993016242981
0.05687810108065605
0.7340530157089233
0.06522390246391296
0.7451130151748657
