0.13230599462985992
0.2700810134410858
0.13229399919509888
0.2575809955596924
0.13228200376033783
0.24508099257946014
0.1322699934244156
0.2325810045003891
0.13225799798965454
0.22008100152015686
0.1322460025548935
0.20758099853992462
0.13223400712013245
0.19508099555969238
0.1322229951620102
0.18258099257946014
0.13221099972724915
0.1700810045003891
0.14324499666690826
0.17595399916172028
0.15427899360656738
0.18182699382305145
0.16531400382518768
0.1877010017633438
0.1763480007648468
0.193573996424675
0.18738199770450592
0.19944700598716736
0.19841599464416504
0.20532000064849854
0.20945100486278534
0.2111929953098297
0.22048500180244446
0.21706700325012207
0.2313240021467209
0.21084000170230865
0.24216200411319733
0.20461300015449524
0.25300100445747375
0.19838599860668182
0.263839989900589
0.1921599954366684
0.27467799186706543
0.18593299388885498
0.28551700711250305
0.17970600724220276
0.2963559925556183
0.17347900569438934
0.3071950078010559
0.16725300252437592
0.3196530044078827
0.16623400151729584
0.3321110010147095
0.16521500051021576
0.34457001090049744
0.16419699788093567
0.3570280075073242
0.1631779968738556
0.3694869875907898
0.1621589958667755
0.38194501399993896
0.16114099323749542
0.39440399408340454
0.16012200713157654
0.4068619906902313
0.15910300612449646
0.4109880030155182
0.17090199887752533
0.41511499881744385
0.18270200490951538
0.4192419946193695
0.19450099766254425
0.42336800694465637
0.20630000531673431
0.42749500274658203
0.21809899806976318
0.4316209852695465
0.22989900410175323
0.43574801087379456
0.2416979968547821
0.43987399339675903
0.25349700450897217
0.44609200954437256
0.26434099674224854
0.4523110091686249
0.2751840054988861
0.458528995513916
0.2860279977321625
0.46474701166152954
0.29687100648880005
0.4709649980068207
0.3077149987220764
0.477183997631073
0.3185589909553528
0.4834020137786865
0.32940199971199036
0.48962000012397766
0.3402459919452667
0.5014280080795288
0.3349910080432892
0.5132359862327576
0.32973599433898926
0.5250440239906311
0.3244810104370117
0.5368520021438599
0.3192259967327118
0.5486609935760498
0.31397199630737305
