0.0786110982298851
0.23915599286556244
0.08818230032920837
0.2471960037946701
0.09775350242853165
0.2552359998226166
0.1073250025510788
0.26327601075172424
0.11689600348472595
0.2713159918785095
0.1264670044183731
0.2793560028076172
0.13603800535202026
0.28739601373672485
0.14560900628566742
0.29543599486351013
0.15518100559711456
0.3034760057926178
0.16698700189590454
0.29937100410461426
0.1787939965724945
0.29526498913764954
0.19060100615024567
0.291159987449646
0.20240700244903564
0.28705498576164246
0.2142139971256256
0.2829500138759613
0.2260199934244156
0.2788439989089966
0.23782700300216675
0.27473899722099304
0.2496339976787567
0.2706339955329895
0.26211100816726685
0.269881010055542
0.2745879888534546
0.2691290080547333
0.2870660126209259
0.2683759927749634
0.29954299330711365
0.26762399077415466
0.3120200037956238
0.26687100529670715
0.3244979977607727
0.26611900329589844
0.33697500824928284
0.26536598801612854
0.3494519889354706
0.2646139860153198
0.3616879880428314
0.26205500960350037
0.37392300367355347
0.25949499011039734
0.3861579895019531
0.2569360136985779
0.39839300513267517
0.25437700748443604
0.410629004240036
0.2518180012702942
0.42286399006843567
0.24925899505615234
0.4350990056991577
0.2467000037431717
0.4473339915275574
0.24414099752902985
0.4574440121650696
0.2514919936656952
0.4675540030002594
0.25884300470352173
0.4776639938354492
0.2661939859390259
0.4877740144729614
0.2735449969768524
0.49788400530815125
0.28089600801467896
0.5079939961433411
0.2882469892501831
0.5181040167808533
0.2955990135669708
0.5282139778137207
0.302949994802475
0.540198028087616
0.29939600825309753
0.5521820187568665
0.2958430051803589
0.5641670227050781
0.29228898882865906
0.5761510133743286
0.2887359857559204
0.5881350040435791
0.28518199920654297
0.6001189947128296
0.2816289961338043
0.6121039986610413
0.2780750095844269
0.6240879893302917
0.27452099323272705
0.6348919868469238
0.2808080017566681
0.6456959843635559
0.28709399700164795
0.6565009951591492
0.293381005525589
0.6673049926757812
0.29966700077056885
0.6781089901924133
0.3059529960155487
0.6889129877090454
0.31224000453948975
0.6997179985046387
0.3185259997844696
0.7105219960212708
0.32481300830841064
0.7230219841003418
0.32481399178504944
0.7355219721794128
0.3248159885406494
0.7480220198631287
0.3248179852962494
0.7605220079421997
0.32482001185417175
0.7730219960212708
0.32482200860977173
0.7855219841003418
0.3248240053653717
0.7980219721794128
0.3248260021209717
0.8105220198631287
0.32482799887657166
0.8080440163612366
0.3375149965286255
0.8055670261383057
0.3502010107040405
0.8030890226364136
0.36288800835609436
0.8006119728088379
0.375573992729187
0.798134982585907
0.38826099038124084
0.7956569790840149
0.4009470045566559
