0.8016989827156067
0.7143290042877197
0.7893069982528687
0.7126849889755249
0.7769160270690918
0.7110409736633301
0.764523983001709
0.70939701795578
0.7521330118179321
0.7077530026435852
0.7397410273551941
0.7061089873313904
0.7273499965667725
0.7044649720191956
0.7149590253829956
0.7028210163116455
0.7025669813156128
0.7011770009994507
0.7150179743766785
0.7000749707221985
0.7274699807167053
0.6989730000495911
0.739920973777771
0.6978710293769836
0.7523729801177979
0.6967689990997314
0.7648239731788635
0.695667028427124
0.777275025844574
0.694566011428833
0.789726972579956
0.6934639811515808
0.8021780252456665
0.6923620104789734
0.7903559803962708
0.6883000135421753
0.778535008430481
0.684237003326416
0.76671302318573
0.6801750063896179
0.7548919916152954
0.6761130094528198
0.7430700063705444
0.6720510125160217
0.7312489748001099
0.6679890155792236
0.7194269895553589
0.6639270186424255
0.7076050043106079
0.6598650217056274
0.695160984992981
0.6610419750213623
0.6827170252799988
0.6622189879417419
0.6702719926834106
0.6633970141410828
0.6578279733657837
0.6645740270614624
0.6453830003738403
0.6657519936561584
0.6329389810562134
0.6669290065765381
0.62049400806427
0.6681060194969177
0.6080499887466431
0.6692839860916138
0.618412971496582
0.6622939705848694
0.6287760138511658
0.6553040146827698
0.6391389966011047
0.6483139991760254
0.6495019793510437
0.641323983669281
0.6598650217056274
0.6343340277671814
0.6702280044555664
0.627344012260437
0.6805909872055054
0.6203539967536926
0.6909540295600891
0.6133639812469482
0.6786770224571228
0.6110100150108337
0.6664010286331177
0.6086570024490356
0.6541249752044678
0.6063029766082764
0.6418480277061462
0.6039490103721619
0.6295719742774963
0.6015949845314026
0.6172950267791748
0.5992419719696045
0.6050189733505249
0.59688800573349
0.5927429795265198
0.5945339798927307
0.6023659706115723
0.5865569710731506
0.6119899749755859
0.5785800218582153
0.6216139793395996
0.5706030130386353
0.6312369704246521
0.562624990940094
0.6408609747886658
0.5546479821205139
0.6504849791526794
0.5466709733009338
0.6601089835166931
0.5386940240859985
0.6697319746017456
0.5307170152664185
0.6618660092353821
0.5223770141601562
0.6539999842643738
0.514037013053894
0.6461340188980103
0.5056959986686707
0.6382669806480408
0.49735599756240845
