0.8084589838981628
0.6098319888114929
0.7972959876060486
0.6154559850692749
0.7861319780349731
0.6210799813270569
0.7749689817428589
0.6267039775848389
0.7638059854507446
0.6323279738426208
0.7526419758796692
0.6379520297050476
0.7414789795875549
0.6435760259628296
0.7303159832954407
0.6492000222206116
0.7191519737243652
0.6548240184783936
0.7076849937438965
0.6597999930381775
0.6962190270423889
0.6647760272026062
0.6847519874572754
0.6697520017623901
0.6732850074768066
0.6747279763221741
0.6618180274963379
0.6797040104866028
0.6503509879112244
0.6846799850463867
0.6388840079307556
0.6896569728851318
0.6274170279502869
0.6946330070495605
0.6149539947509766
0.6955909729003906
0.602491021156311
0.6965489983558655
0.5900279879570007
0.6975079774856567
0.5775650143623352
0.6984660029411316
0.5651010274887085
0.6994240283966064
0.5526379942893982
0.7003830075263977
0.5401750206947327
0.7013409733772278
0.5277119874954224
0.7023000121116638
0.5152530074119568
0.7033129930496216
0.5027940273284912
0.7043259739875793
0.49033498764038086
0.7053390145301819
0.4778760075569153
0.7063519954681396
0.4654169976711273
0.7073649764060974
0.45295900106430054
0.7083789706230164
0.4404999911785126
0.7093920111656189
0.428041011095047
0.7104049921035767
0.41578999161720276
0.7128909826278687
0.4035399854183197
0.7153769731521606
0.39129000902175903
0.7178630232810974
0.3790389895439148
0.7203490138053894
0.3667890131473541
0.7228339910507202
0.35453900694847107
0.7253199815750122
0.34228798747062683
0.7278059720993042
0.33003801107406616
0.730292022228241
0.33000001311302185
0.7177919745445251
0.32996198534965515
0.7052919864654541
0.32992398738861084
0.6927919983863831
0.32988598942756653
0.680292010307312
0.3298479914665222
0.667792022228241
0.3298099935054779
0.6552919745445251
0.3297719955444336
0.6427919864654541
0.32973501086235046
0.6302919983863831
0.3226250112056732
0.6200109720230103
0.31551599502563477
0.6097300052642822
0.3084059953689575
0.5994489789009094
0.30129700899124146
0.5891669988632202
0.2941870093345642
0.5788859724998474
0.28707799315452576
0.5686050057411194
0.2799679934978485
0.5583230257034302
0.27285900712013245
0.5480419993400574
0.2706350088119507
0.5357409715652466
0.26840999722480774
0.5234410166740417
0.266185998916626
0.511139988899231
0.2639620006084442
0.49884000420570374
0.26173800230026245
0.48653900623321533
0.2595140039920807
0.4742389917373657
0.25728899240493774
0.4619379937648773
0.255064994096756
0.4496380090713501
0.26405099034309387
0.4409489929676056
0.27303698658943176
0.43226000666618347
0.28202301263809204
0.42357000708580017
0.2910099923610687
0.41488099098205566
0.2999959886074066
0.40619200468063354
0.3089820146560669
0.39750298857688904
0.3179680109024048
0.3888140022754669
0.3269540071487427
0.3801249861717224
0.3355860114097595
0.3717769980430603
0.34421899914741516
0.363429993391037
0.3528519868850708
0.35508298873901367
