0.7624710202217102
0.6548629999160767
0.7509390115737915
0.6500380039215088
0.739408016204834
0.6452140212059021
0.7278770208358765
0.6403890252113342
0.7163450121879578
0.6355640292167664
0.7048140168190002
0.6307389736175537
0.6932830214500427
0.625914990901947
0.681751012802124
0.6210899949073792
0.6702200174331665
0.6162649989128113
0.6614289879798889
0.6073790192604065
0.6526380181312561
0.5984920263290405
0.6438480019569397
0.5896049737930298
0.6350569725036621
0.5807179808616638
0.6262660026550293
0.571832001209259
0.6174759864807129
0.5629450082778931
0.6086850166320801
0.5540580153465271
0.5998939871788025
0.5451719760894775
0.6095179915428162
0.5376650094985962
0.6191419959068298
0.5301579833030701
0.6287660002708435
0.5226510167121887
