0.786221981048584
0.6985480189323425
0.7758439779281616
0.70551598072052
0.7654669880867004
0.7124840021133423
0.7550889849662781
0.719452977180481
0.7447119951248169
0.7264209985733032
0.7343339920043945
0.7333890199661255
0.7239570021629333
0.740356981754303
0.713578999042511
0.7473260164260864
0.7032009959220886
0.7542939782142639
0.6909260153770447
0.7566530108451843
0.678650975227356
0.7590129971504211
0.666375994682312
0.761372983455658
0.6541000008583069
0.7637320160865784
0.6418250203132629
0.7660920023918152
0.6295499801635742
0.7684509754180908
0.6172739863395691
0.7708110213279724
0.6049990057945251
0.773169994354248
0.5925120115280151
0.773734986782074
0.5800250172615051
0.7743009924888611
0.5675380229949951
0.774865984916687
0.5550500154495239
0.7754309773445129
0.5425630211830139
0.7759960293769836
0.5300760269165039
0.7765610218048096
0.5175889730453491
0.7771270275115967
0.5051010251045227
0.7776920199394226
0.4941079914569855
0.7717429995536804
0.48311400413513184
0.7657949924468994
0.4721199870109558
0.7598459720611572
0.4611259996891022
0.753898024559021
0.45013201236724854
0.7479490041732788
0.4391379952430725
0.7419999837875366
0.42814499139785767
0.7360519766807556
0.41715100407600403
0.7301030158996582
0.4081229865550995
0.7214580178260803
0.39909499883651733
0.7128120064735413
0.3900670111179352
0.7041659951210022
0.3810400068759918
0.6955199837684631
0.3720119893550873
0.6868739724159241
0.3629840016365051
0.6782280206680298
0.35395699739456177
0.6695830225944519
0.3449290096759796
0.6609370112419128
0.33456099033355713
0.6625159978866577
