0.5102859735488892
0.3209959864616394
0.4990130066871643
0.3263950049877167
0.4877389967441559
0.33179500699043274
0.47646498680114746
0.3371939957141876
0.4651910066604614
0.3425930142402649
0.453916996717453
0.3479920029640198
0.4426429867744446
0.35339099168777466
0.43136999011039734
0.35879001021385193
0.4200960099697113
0.364190012216568
0.414218008518219
0.37522101402282715
0.4083400070667267
0.3862529993057251
0.4024620056152344
0.39728501439094543
0.39658400416374207
0.4083169996738434
0.39070600271224976
0.41934800148010254
0.38482800126075745
0.4303799867630005
0.37894999980926514
0.4414120018482208
0.3730719983577728
0.4524439871311188
0.3616519868373871
0.4473609924316406
0.35023200511932373
0.44227901101112366
0.3388110101222992
0.4371959865093231
0.32739099860191345
0.43211400508880615
0.3159709870815277
0.4270319938659668
0.30455100536346436
0.42194899916648865
0.2931309938430786
0.4168669879436493
0.28171101212501526
0.4117850065231323
0.27233201265335083
0.40352100133895874
0.2629530131816864
0.39525699615478516
0.253574013710022
0.38699400424957275
0.24419599771499634
0.37872999906539917
0.2348169982433319
0.3704659938812256
0.22543799877166748
0.3622030019760132
0.21605899930000305
0.3539389967918396
0.20667999982833862
0.345674991607666
0.21339699625968933
0.33513298630714417
0.22011500597000122
0.3245919942855835
0.22683200240135193
0.31404998898506165
0.23354899883270264
0.3035080134868622
0.24026599526405334
0.29296600818634033
0.24698300659656525
0.2824240028858185
0.25369998812675476
0.27188199758529663
0.26041701436042786
0.2613399922847748
0.270099014043808
0.2534340023994446
0.2797810137271881
0.24552799761295319
0.28946301341056824
0.2376209944486618
0.29914501309394836
0.2297150045633316
0.3088259994983673
0.22180800139904022
0.31850799918174744
0.21390199661254883
0.32818999886512756
0.20599600672721863
0.3378719985485077
0.19808900356292725
0.33172398805618286
0.18830199539661407
0.3255760073661804
0.1785150021314621
