0.8224959969520569
0.21716199815273285
0.8135089874267578
0.22585000097751617
0.8045219779014587
0.2345390021800995
0.7955350279808044
0.2432270050048828
0.7865480184555054
0.25191500782966614
0.7775620222091675
0.26060399413108826
0.7685750126838684
0.2692919969558716
0.7595880031585693
0.2779799997806549
0.7506009936332703
0.286668986082077
0.7435950040817261
0.2970210015773773
0.7365890145301819
0.3073729872703552
0.7295830249786377
0.3177250027656555
0.7225769758224487
0.3280769884586334
0.7155709862709045
0.3384290039539337
0.7085649967193604
0.3487809896469116
0.7015590071678162
0.3591330051422119
0.694553017616272
0.3694849908351898
0.6845759749412537
0.37701600790023804
0.6746000051498413
0.38454699516296387
0.6646230220794678
0.3920780122280121
0.6546459794044495
0.3996089994907379
0.6446689963340759
0.40713998675346375
0.6346930265426636
0.41467100381851196
0.6247159838676453
0.4222019910812378
0.6147390007972717
0.429733008146286
0.6036329865455627
0.43546798825263977
0.5925260186195374
0.4412029981613159
0.5814189910888672
0.44693899154663086
0.5703129768371582
0.452674001455307
0.5592060089111328
0.45840901136398315
0.5480999946594238
0.4641450047492981
0.5369930267333984
0.46988001465797424
0.5258859992027283
0.475614994764328
0.5141100287437439
0.4798069894313812
0.5023339986801147
0.48399901390075684
0.490557998418808
0.48819199204444885
0.4787819981575012
0.4923839867115021
0.46700599789619446
0.4965760111808777
0.4552299976348877
0.5007680058479309
0.44345399737358093
0.5049600005149841
0.43167799711227417
0.5091519951820374
0.41929298639297485
0.5108429789543152
0.40690699219703674
0.5125330090522766
0.3945220112800598
0.5142239928245544
0.3821370005607605
0.5159140229225159
0.3697519898414612
0.5176050066947937
0.35736700892448425
0.5192949771881104
0.34498199820518494
0.520986020565033
0.3325969874858856
0.5226759910583496
0.326198011636734
0.5119379758834839
0.31979900598526
0.5012000203132629
0.313400000333786
0.490462988615036
0.307000994682312
0.4797250032424927
0.300601989030838
0.46898698806762695
0.2942030131816864
0.4582490026950836
0.2878040075302124
0.4475109875202179
0.2814050018787384
0.43677300214767456
0.2721109986305237
0.44513198733329773
0.26281699538230896
0.4534899890422821
0.25352299213409424
0.46184900403022766
0.2442290037870407
0.47020798921585083
0.234934002161026
0.4785670042037964
0.22563999891281128
0.48692598938941956
0.21634599566459656
0.4952850043773651
0.20705200731754303
0.5036439895629883
0.1977580040693283
0.5120019912719727
0.1884640008211136
0.5203610062599182
0.17916999757289886
0.5287200212478638
0.16987599432468414
0.5370789766311646
0.16058200597763062
0.5454379916191101
0.1512880027294159
0.5537970066070557
0.14199399948120117
0.56215500831604
0.13269999623298645
0.5705140233039856
