0.31449300050735474
0.606374979019165
0.3059310019016266
0.615481972694397
0.29736799001693726
0.6245890259742737
0.2888059914112091
0.6336950063705444
0.28024300932884216
0.6428020000457764
0.271681010723114
0.6519089937210083
0.2631179988384247
0.6610159873962402
0.25455600023269653
0.6701229810714722
0.2459930032491684
0.6792299747467041
0.24862800538539886
0.691448986530304
0.25126200914382935
0.7036679983139038
0.25389599800109863
0.7158870100975037
0.2565310001373291
0.7281069755554199
0.2591649889945984
0.7403259873390198
0.26179900765419006
0.7525449991226196
0.26443400979042053
0.7647640109062195
0.2670679986476898
0.7769839763641357
0.27741000056266785
0.7840039730072021
0.2877520024776459
0.7910249829292297
0.2980940043926239
0.7980459928512573
0.3084369897842407
0.8050670027732849
0.31877899169921875
0.8120869994163513
0.3291209936141968
0.8191080093383789
0.3394629955291748
0.8261290192604065
0.34980499744415283
0.8331490159034729
0.35579898953437805
0.8229029774665833
0.36179301142692566
0.8126559853553772
0.3677879869937897
0.8024100065231323
0.3737820088863373
0.7921630144119263
