0.48333099484443665
0.06133190169930458
0.47901099920272827
0.07306169718503952
0.4746919870376587
0.084791399538517
0.4703719913959503
0.09652119874954224
0.46605199575424194
0.10825099796056747
0.46173200011253357
0.11998099833726883
0.4574120044708252
0.13171100616455078
0.4530920088291168
0.14343999326229095
0.44877201318740845
0.1551699936389923
0.4442499876022339
0.16682399809360504
0.4397279918193817
0.17847700417041779
0.43520599603652954
0.19012999534606934
0.43068400025367737
0.20178399980068207
0.4261620044708252
0.2134370058774948
0.4216409921646118
0.22509099543094635
0.41711899638175964
0.2367440015077591
0.41259700059890747
0.24839800596237183
0.4088380038738251
0.2603189945220947
0.4050790071487427
0.2722409963607788
0.4013200104236603
0.2841620147228241
0.3975610136985779
0.296083003282547
0.3938019871711731
0.3080050051212311
0.3900429904460907
0.319925993680954
0.3862830102443695
0.33184701204299927
0.3825240135192871
0.34376901388168335
0.38350099325180054
0.3317570090293884
0.38447898626327515
0.3197459876537323
