0.49251100420951843
0.48020100593566895
0.49521899223327637
0.4924040138721466
0.4979270100593567
0.5046070218086243
0.500635027885437
0.5168099999427795
0.5033419728279114
0.5290129780769348
0.5060499906539917
0.541217029094696
0.508758008480072
0.5534200072288513
0.5114660263061523
0.5656229853630066
0.5141729712486267
0.5778260231018066
0.5157060027122498
0.5902320146560669
0.5172380208969116
0.6026380062103271
0.5187699794769287
0.6150429844856262
0.5203019976615906
0.6274489760398865
0.5218350291252136
0.6398550271987915
0.5233669877052307
0.6522610187530518
0.5248990058898926
0.6646659970283508
0.5264310240745544
0.6770719885826111
0.5397199988365173
0.6767460107803345
0.5530080199241638
0.6764209866523743
0.5662969946861267
0.6760950088500977
