0.9577019810676575
0.8027070164680481
0.9464390277862549
0.7972840070724487
0.9351770281791687
0.7918599843978882
0.9239150285720825
0.7864369750022888
0.9126530289649963
0.7810140252113342
0.9013910293579102
0.7755900025367737
0.890129029750824
0.7701669931411743
0.8788660168647766
0.7647429704666138
0.8676040172576904
0.7593200206756592
0.8555690050125122
0.7626969814300537
0.843533992767334
0.766074001789093
0.8314989805221558
0.7694510221481323
0.8194640278816223
0.7728279829025269
0.8074280023574829
0.7762050032615662
0.7953929901123047
0.7795820236206055
0.7833579778671265
0.782958984375
0.771323025226593
0.7863360047340393
0.76077800989151
0.7796239852905273
0.750232994556427
0.7729120254516602
0.739687979221344
0.7662000060081482
0.7291430234909058
0.759486973285675
0.7185980081558228
0.7527750134468079
0.7080529928207397
0.7460629940032959
0.6975079774856567
0.7393509745597839
0.6869630217552185
0.7326390147209167
0.6746280193328857
0.7346619963645935
0.662293016910553
0.7366849780082703
0.649957001209259
0.7387080192565918
0.6376219987869263
0.7407310009002686
0.6252869963645935
0.7427530288696289
0.6129519939422607
0.7447760105133057
0.600616991519928
0.7467989921569824
0.588280975818634
0.7488219738006592
0.5759029984474182
0.7470859885215759
0.5635240077972412
0.7453500032424927
0.5511450171470642
0.7436140179634094
0.5387660264968872
0.7418779730796814
0.5263869762420654
0.740140974521637
0.5140079855918884
0.7384049892425537
0.5016289949417114
0.7366690039634705
0.4892509877681732
0.7349330186843872
0.49835100769996643
0.726364016532898
0.5074509978294373
0.7177940011024475
0.5165519714355469
0.7092249989509583
0.5256519913673401
0.700655996799469
0.5347530245780945
0.6920859813690186
0.5438529849052429
0.6835169792175293
0.5529530048370361
0.67494797706604
0.5620539784431458
0.6663780212402344
0.5617489814758301
0.6538820266723633
0.5614449977874756
0.6413859724998474
0.5611400008201599
0.6288899779319763
0.5608360171318054
0.6163930296897888
0.5605310201644897
0.603896975517273
0.5602269768714905
0.5914009809494019
0.5599219799041748
0.5789039731025696
0.5596179962158203
0.5664079785346985
0.5520719885826111
0.5564429759979248
0.5445250272750854
0.5464779734611511
0.5369790196418762
0.5365129709243774
0.529433012008667
0.5265470147132874
0.5218870043754578
0.5165820121765137
0.5143409967422485
0.50661700963974
0.5067939758300781
0.4966520071029663
0.4992479979991913
0.4866870045661926
0.48683199286460876
0.4881330132484436
0.47441598773002625
0.4895800054073334
0.4620000123977661
0.49102601408958435
0.4495840072631836
0.4924730062484741
0.4371680021286011
0.4939189851284027
0.42475199699401855
0.49536600708961487
0.41233599185943604
0.49681198596954346
0.3999199867248535
0.4982590079307556
0.3921099901199341
0.4884980022907257
0.38430100679397583
0.478738009929657
0.3764910101890564
0.46897798776626587
0.36868199706077576
0.45921799540519714
0.3608720004558563
0.4494580030441284
0.3530620038509369
0.4396980106830597
0.34525299072265625
0.4299370050430298
0.3374429941177368
0.42017701268196106
0.3434709906578064
0.40922701358795166
0.349498987197876
0.3982760012149811
0.35552701354026794
0.3873249888420105
0.3615550100803375
0.3763749897480011
0.3675819933414459
0.3654240071773529
0.3736099898815155
0.3544740080833435
0.3796379864215851
0.3435229957103729
0.38566601276397705
0.33257201313972473
0.3803670108318329
0.3212510049343109
0.3750680088996887
0.3099299967288971
0.36976900696754456
0.2986089885234833
0.3644700050354004
0.28728699684143066
0.3591710031032562
0.27596598863601685
0.35387200117111206
0.2646450102329254
0.3485729992389679
0.2533240020275116
0.34327399730682373
0.2420019954442978
0.3530980050563812
0.2342739999294281
0.3629229962825775
0.2265460044145584
0.3727479875087738
0.21881799399852753
0.3825730085372925
0.21108999848365784
0.39239799976348877
0.20336200296878815
0.40222299098968506
0.19563399255275726
0.41204699873924255
0.18790599703788757
0.42187198996543884
0.18017800152301788
0.4341430068016052
0.1777929961681366
0.4464130103588104
0.1754090040922165
0.4586839973926544
0.1730249971151352
0.4709540009498596
0.1706400066614151
0.4832249879837036
0.1682559996843338
0.4954949915409088
0.1658719927072525
0.5077660083770752
0.1634870022535324
0.520035982131958
0.1611029952764511
0.5165169835090637
0.14933599531650543
0.5129979848861694
0.13756899535655975
0.5094789862632751
0.12580199539661407
