0.36004701256752014
0.8858529925346375
0.3636449873447418
0.873881995677948
0.3672429919242859
0.8619109988212585
0.37084099650382996
0.8499400019645691
0.374439001083374
0.8379690051078796
0.3780379891395569
0.8259980082511902
0.38163599371910095
0.8140270113945007
0.385233998298645
0.8020560145378113
0.3888320028781891
0.7900850176811218
0.3768649995326996
0.7864720225334167
0.3648979961872101
0.7828599810600281
0.35293200612068176
0.7792479991912842
0.34096500277519226
0.7756350040435791
0.32899799942970276
0.7720230221748352
0.31703200936317444
0.7684109807014465
0.30506500601768494
0.7647979855537415
0.29309800267219543
0.7611860036849976
0.28934499621391296
0.7492629885673523
0.2855910062789917
0.737339973449707
0.28183799982070923
0.7254170179367065
0.27808400988578796
0.7134929895401001
0.2743310034275055
0.7015699744224548
0.27057701349258423
0.6896470189094543
0.26682400703430176
0.6777240037918091
0.2630699872970581
0.6658009886741638
0.2581380009651184
0.6543149948120117
0.2532060146331787
0.6428290009498596
0.24827300012111664
0.6313440203666687
0.24334099888801575
0.6198580265045166
0.23840899765491486
0.6083719730377197
0.23347699642181396
0.5968859791755676
0.22854399681091309
0.5854009985923767
0.2236119955778122
0.5739150047302246
0.23002900183200836
0.5631880164146423
0.23644599318504333
0.5524600148200989
0.2428629994392395
0.5417330265045166
0.24928000569343567
0.5310059785842896
0.25569701194763184
0.5202789902687073
0.2621130049228668
0.5095509886741638
0.268530011177063
0.49882400035858154
0.27494698762893677
0.48809701204299927
0.275285005569458
0.4756009876728058
0.27562201023101807
0.4631060063838959
0.2759590148925781
0.4506109952926636
0.276297003030777
0.4381150007247925
0.27663400769233704
0.4256199896335602
0.2769719958305359
0.4131239950656891
0.27730900049209595
0.4006290137767792
0.277646005153656
0.3881329894065857
0.26539701223373413
0.3906260132789612
0.25314900279045105
0.3931190073490143
0.24089999496936798
0.3956109881401062
0.2286510020494461
0.3981040120124817
0.21640199422836304
0.4005970060825348
0.20415300130844116
0.4030889868736267
0.1919039934873581
0.4055820107460022
0.17965500056743622
0.4080739915370941
0.17476199567317963
0.3965719938278198
0.16986900568008423
0.38506901264190674
0.16497699916362762
0.37356600165367126
0.16008399426937103
0.362064003944397
0.15519100427627563
0.3505609929561615
0.15029799938201904
0.3390589952468872
0.14540499448776245
0.3275560140609741
0.14051300287246704
0.31605300307273865
0.14533700048923492
0.30452200770378113
0.1501609981060028
0.2929899990558624
0.1549849957227707
0.2814579904079437
0.15980899333953857
0.2699269950389862
0.16463300585746765
0.2583949863910675
0.16945700347423553
0.24686299264431
0.17428100109100342
0.23533199727535248
0.1791049987077713
0.22380000352859497
0.18106800317764282
0.21145500242710114
0.18302999436855316
0.1991100013256073
0.18499299883842468
0.18676500022411346
0.1869560033082962
0.17441999912261963
0.18891899287700653
0.1620749980211258
0.19088199734687805
0.14973099529743195
0.19284500181674957
0.1373859941959381
0.1948080062866211
0.12504099309444427
0.2054779976606369
0.11852899938821793
0.2161480039358139
0.11201799660921097
0.2268179953098297
0.10550600290298462
0.2374880015850067
0.0989949032664299
0.24815799295902252
0.09248349815607071
0.2588280141353607
0.08597210049629211
0.2694990038871765
0.07946059852838516
0.2801690101623535
0.07294920086860657
0.29089298844337463
0.07937069982290268
0.3016180098056793
0.08579230308532715
0.31234198808670044
0.09221389889717102
0.32306599617004395
0.09863550215959549
0.33379098773002625
0.1050570011138916
0.34451499581336975
0.11147899925708771
0.35523998737335205
0.11789999902248383
0.36596399545669556
0.12432199716567993
0.37844499945640564
0.12500900030136108
0.3909260034561157
0.12569700181484222
0.4034070074558258
0.12638400495052338
0.4158880114555359
0.12707099318504333
0.42836999893188477
0.12775899469852448
0.44085100293159485
0.12844599783420563
0.45333200693130493
0.12913300096988678
0.465813010931015
0.12982100248336792
0.4748519957065582
0.13845500349998474
0.48389101028442383
0.14708900451660156
0.49292901158332825
0.15572300553321838
0.5019680261611938
0.1643580049276352
0.5110070109367371
0.17299200594425201
0.5200459957122803
0.18162600696086884
0.5290849804878235
0.19025999307632446
0.5381240248680115
0.19889399409294128
0.5451909899711609
0.2092050015926361
0.5522570013999939
0.21951599419116974
0.5593240261077881
0.22982600331306458
0.5663909912109375
0.2401369959115982
0.5734580159187317
0.25044700503349304
0.5805249810218811
0.26075801253318787
0.5875920057296753
0.2710689902305603
0.5946589708328247
0.28137901425361633
0.6036069989204407
0.29010799527168274
0.6125550270080566
0.29883599281311035
0.6215029954910278
0.30756399035453796
0.6304510235786438
0.3162919878959656
0.6394000053405762
0.3250199854373932
0.6483479738235474
0.3337480127811432
0.6572960019111633
0.3424760103225708
0.6662439703941345
0.3512040078639984
0.6761199831962585
0.35886600613594055
0.6859970092773438
0.3665289878845215
0.6958730220794678
0.3741909861564636
0.705748975276947
0.38185301423072815
0.7156260013580322
0.3895150125026703
0.7255020141601562
0.3971770107746124
0.7353780269622803
0.40483999252319336
0.7452539801597595
0.4125019907951355
0.7563679814338684
0.4182240068912506
0.7674810290336609
0.42394599318504333
0.7785940170288086
0.42966899275779724
0.7897080183029175
0.43539100885391235
0.8008210062980652
0.4411129951477051
0.8119339942932129
0.4468350112438202
0.8230479955673218
0.4525580108165741
0.8341609835624695
0.4582799971103668
0.8407750129699707
0.46888700127601624
0.8473889827728271
0.47949299216270447
0.8540040254592896
0.4900999963283539
0.860617995262146
0.5007069706916809
0.8672320246696472
0.5113130211830139
0.8738470077514648
0.5219200253486633
0.8804609775543213
0.5325260162353516
0.8870750069618225
0.543133020401001
0.8949499726295471
0.5528410077095032
0.9028239846229553
0.5625489950180054
0.9106979966163635
0.5722569823265076
0.9185730218887329
0.5819650292396545
0.9264469742774963
0.5916730165481567
0.9343219995498657
0.6013810038566589
0.9421960115432739
0.6110889911651611
0.9500700235366821
0.6207969784736633
0.9399899840354919
0.6281880140304565
0.9299089908599854
0.635578989982605
0.9198279976844788
0.6429700255393982
0.9097470045089722
0.6503610014915466
0.8996660113334656
0.6577519774436951
0.8895859718322754
0.6651430130004883
0.8795049786567688
0.6725339889526367
0.8694239854812622
0.6799259781837463
