0.6903499960899353
0.4064599871635437
0.6801620125770569
0.39921700954437256
0.6699749827384949
0.39197298884391785
0.6597880125045776
0.3847300112247467
0.6496000289916992
0.3774870038032532
0.6394129991531372
0.37024301290512085
0.6292250156402588
0.3630000054836273
0.6190379858016968
0.355756014585495
0.6088500022888184
0.34851300716400146
0.6187189817428589
0.34084099531173706
0.628587007522583
0.33316799998283386
0.6384549736976624
0.32549598813056946
0.6483240127563477
0.31782299280166626
0.658191978931427
0.31015101075172424
0.6680600047111511
0.30247798562049866
0.6779279708862305
0.29480600357055664
0.6877970099449158
0.28713300824165344
0.6997359991073608
0.2834320068359375
0.7116760015487671
0.27973198890686035
0.7236149907112122
0.2760309875011444
0.7355549931526184
0.27232998609542847
0.7474949955940247
0.2686290144920349
0.7594339847564697
0.26492801308631897
0.771373987197876
0.2612279951572418
0.7833139896392822
0.2575269937515259
0.7924129962921143
0.24895699322223663
0.8015130162239075
0.2403869926929474
0.8106129765510559
0.23181800544261932
0.8197129964828491
0.22324800491333008
0.8288130164146423
0.21467800438404083
0.8379129767417908
0.2061080038547516
0.847012996673584
0.19753900170326233
0.8561130166053772
0.18896900117397308
0.8670110106468201
0.19509300589561462
0.8779079914093018
0.20121699571609497
0.8888049721717834
0.20734000205993652
0.8997020125389099
0.21346400678157806
0.9105989933013916
0.2195879966020584
0.9214959740638733
0.22571200132369995
0.9323940277099609
0.2318360060453415
0.9432910084724426
0.23795999586582184
0.9470419883728027
0.22546400129795074
0.9507930278778076
0.21296900510787964
0.9545440077781677
0.20047299563884735
0.9582949876785278
0.18797799944877625
