0.2922140061855316
0.34275099635124207
0.28237399458885193
0.33504199981689453
0.2725349962711334
0.3273319900035858
0.2626950144767761
0.3196229934692383
0.25285598635673523
0.31191399693489075
0.24301600456237793
0.30420398712158203
0.23317599296569824
0.2964949905872345
0.22333699464797974
0.28878599405288696
0.21349699795246124
0.28107699751853943
0.21474699676036835
0.2686389982700348
0.21599699556827545
0.25620201230049133
0.21724699437618256
0.2437639981508255
0.21849699318408966
0.23132699728012085
0.21974700689315796
0.2188899964094162
0.22099700570106506
0.20645199716091156
0.22224700450897217
0.1940149962902069
0.22349700331687927
0.18157799541950226
0.23558799922466278
0.1784050017595291
0.2476779967546463
0.17523300647735596
0.2597689926624298
0.17205999791622162
0.2718600034713745
0.16888800263404846
0.2839510142803192
0.16571499407291412
0.29604101181030273
0.16254299879074097
0.30813199281692505
0.1593710035085678
0.32022300362586975
0.15619799494743347
0.331618994474411
0.16133299469947815
0.34301599860191345
0.16646699607372284
0.3544130027294159
0.17160199582576752
0.36581000685691833
0.1767369955778122
0.3772059977054596
0.18187199532985687
0.38860300183296204
0.18700599670410156
0.4000000059604645
0.19214099645614624
0.41139599680900574
0.19727599620819092
0.4128879904747009
0.20968599617481232
0.4143790006637573
0.2220969945192337
0.4158709943294525
0.2345079928636551
0.4173620045185089
0.2469179928302765
0.4188539981842041
0.2593289911746979
0.4203450083732605
0.27173998951911926
0.4218370020389557
0.28415098786354065
0.4233280122280121
0.29656100273132324
0.41192498803138733
0.2941170036792755
0.40052101016044617
0.2916730046272278
0.3891179859638214
0.28922900557518005
