0.09175500273704529
0.9588800072669983
0.09381730109453201
0.9465510249137878
0.0958796963095665
0.9342219829559326
0.09794200211763382
0.9218940138816833
0.10000400245189667
0.9095649719238281
0.1020670011639595
0.8972359895706177
0.10412900149822235
0.8849070072174072
0.1061910018324852
0.8725789785385132
0.10825400054454803
0.8602499961853027
0.10892900079488754
0.8477680087089539
0.10960400104522705
0.8352869749069214
0.11027999967336655
0.8228049874305725
0.11095499992370605
0.8103229999542236
0.11163099855184555
0.7978410124778748
0.11230599880218506
0.7853599786758423
0.11298199743032455
0.7728779911994934
0.11365699768066406
0.7603960037231445
0.12580199539661407
0.7574359774589539
0.1379459947347641
0.7544749975204468
0.15008999407291412
0.7515149712562561
0.16223500669002533
0.748553991317749
0.17437900602817535
0.7455940246582031
0.18652400374412537
0.7426329851150513
0.1986680030822754
0.7396730184555054
0.21081200242042542
0.7367119789123535
0.20700600743293762
0.724806010723114
0.20319899916648865
0.7128990292549133
0.19939200580120087
0.700993001461029
0.19558599591255188
0.6890869736671448
0.1917790025472641
0.6771810054779053
0.18797199428081512
0.6652740240097046
0.18416599929332733
0.6533679962158203
0.18035900592803955
0.6414620280265808
0.18726800382137299
0.6310439705848694
0.19417700171470642
0.6206269860267639
0.20108500123023987
0.6102100014686584
0.2079939991235733
0.599793016910553
0.21490299701690674
0.5893750190734863
0.22181099653244019
0.5789579749107361
0.22871999442577362
0.5685409903526306
0.23562900722026825
0.558122992515564
0.2420089989900589
0.5473750233650208
0.24839000403881073
0.5366259813308716
0.2547700107097626
0.5258769989013672
0.261150985956192
0.5151280164718628
0.26753100752830505
0.5043789744377136
0.2739120125770569
0.49362999200820923
0.28029298782348633
0.48288100957870483
0.28667300939559937
0.47213199734687805
0.2914409935474396
0.46057701110839844
0.296207994222641
0.44902199506759644
0.3009760081768036
0.4374670088291168
0.305743008852005
0.4259119927883148
0.3105109930038452
0.4143570065498352
0.31527799367904663
0.4028019905090332
0.32004600763320923
0.3912459909915924
0.32481300830841064
0.3796910047531128
0.32242000102996826
0.3674220144748688
0.3200269937515259
0.35515400767326355
0.3176339864730835
0.34288498759269714
0.3152410089969635
0.3306159973144531
0.3128480017185211
0.3183470070362091
0.3104560077190399
0.3060779869556427
0.30806300044059753
0.29381000995635986
0.30566999316215515
0.28154098987579346
0.30829399824142456
0.26814699172973633
0.31091898679733276
0.2547540068626404
0.31354400515556335
0.24136100709438324
0.31616801023483276
0.2279680073261261
