0.8784379959106445
0.8675569891929626
0.8864889740943909
0.857994019985199
0.8945389986038208
0.8484320044517517
0.9025899767875671
0.8388699889183044
0.9106400012969971
0.8293070197105408
0.9186909794807434
0.8197450041770935
0.9267410039901733
0.8101819753646851
0.9347919821739197
0.8006200194358826
0.9428430199623108
0.7910580039024353
0.9317209720611572
0.7853509783744812
0.9205999970436096
0.7796440124511719
0.909479022026062
0.7739369869232178
0.8983579874038696
0.7682300209999084
0.8872359991073608
0.7625240087509155
0.8761150240898132
0.7568169832229614
0.8649939894676208
0.7511100172996521
0.8538730144500732
0.745402991771698
0.8621490001678467
0.7360360026359558
0.8704259991645813
0.7266690135002136
0.8787029981613159
0.7173020243644714
0.8869799971580505
0.7079349756240845
0.8952569961547852
0.6985669732093811
0.9035339951515198
0.6891999840736389
0.9118109941482544
0.6798329949378967
0.920087993144989
0.6704660058021545
0.9103739857673645
0.6625990271568298
0.9006590247154236
0.6547319889068604
0.8909450173377991
0.6468660235404968
0.8812310099601746
0.6389989852905273
0.87151700258255
0.6311320066452026
0.8618029952049255
0.6232650279998779
0.852088987827301
0.6153990030288696
0.8423749804496765
0.6075320243835449
0.8301339745521545
0.604997992515564
0.8178939819335938
0.6024649739265442
0.8056529760360718
0.599931001663208
0.793412983417511
0.5973970293998718
0.781171977519989
0.594864010810852
0.768930971622467
0.5923299789428711
0.7566909790039062
0.5897960066795349
0.7444499731063843
0.5872629880905151
0.7326380014419556
0.5913529992103577
0.7208260297775269
0.5954430103302002
0.7090150117874146
0.5995330214500427
0.6972029805183411
0.6036229729652405
0.6853910088539124
0.6077119708061218
0.6735789775848389
0.6118019819259644
0.6617670059204102
0.6158919930458069
0.6499549746513367
0.6199820041656494
0.6365730166435242
0.6172019839286804
0.6231899857521057
0.614421010017395
0.6098080277442932
0.6116399765014648
0.5964260101318359
0.6088600158691406
0.5830439925193787
0.6060789823532104
