0.09307099878787994
0.5419059991836548
0.10203500092029572
0.5331940054893494
0.11099900305271149
0.524482011795044
0.11996199935674667
0.5157700181007385
0.12892599403858185
0.5070580244064331
0.13788999617099762
0.4983460009098053
0.1468539983034134
0.4896340072154999
0.15581800043582916
0.48092201352119446
0.16478200256824493
0.47220999002456665
0.17708800733089447
0.47002100944519043
0.1893949955701828
0.46783098578453064
0.20170199871063232
0.4656420052051544
0.21400900185108185
0.463452011346817
0.22631500661373138
0.4612630009651184
0.23862199485301971
0.459073007106781
0.25092899799346924
0.4568839967250824
0.26323598623275757
0.454694002866745
0.26284000277519226
0.4422000050544739
0.26244398951530457
0.42970699071884155
0.26204898953437805
0.41721299290657043
0.26165300607681274
0.4047189950942993
0.26125800609588623
0.3922249972820282
0.26086199283599854
0.37973201274871826
0.2604660093784332
0.36723798513412476
0.2600710093975067
0.35474398732185364
0.2544820010662079
0.3435629904270172
0.24889299273490906
0.3323819935321808
0.24330399930477142
0.32120200991630554
0.2377150058746338
0.3100210130214691
0.23212499916553497
0.2988399863243103
0.22653600573539734
0.2876589894294739
0.2209469974040985
0.27647799253463745
0.21535800397396088
0.265296995639801
0.20361700654029846
0.2695859968662262
0.19187599420547485
0.27387499809265137
0.18013499677181244
0.27816399931907654
0.16839399933815002
0.2824530005455017
0.15665200352668762
0.2867420017719269
0.1449110060930252
0.29103100299835205
0.1331699937582016
0.2953200042247772
0.12142899632453918
0.2996090054512024
0.11432100087404251
0.289326012134552
0.10721399635076523
0.2790429890155792
0.10010699927806854
0.26876100897789
0.09299919754266739
0.25847798585891724
0.08589170128107071
0.24819500744342804
0.07878430187702179
0.23791199922561646
0.07167690247297287
0.22763000428676605
0.0645693987607956
0.21734699606895447
0.06745930016040802
0.20518599450588226
0.07034909725189209
0.19302399456501007
0.07323890179395676
0.18086299300193787
0.07612869888544083
0.16870200634002686
0.07901860028505325
0.15654000639915466
0.08190839737653732
0.14437900483608246
0.08479820191860199
0.13221700489521027
0.08768799901008606
0.12005600333213806
0.09064509719610214
0.1076119989156723
0.09360220283269882
0.09516700357198715
0.09655939787626266
0.0827224999666214
0.09951650351285934
0.07027789950370789
0.10247399657964706
0.05783339962363243
