0.22044900059700012
0.46698999404907227
0.22327299416065216
0.47916701436042786
0.22609800100326538
0.49134400486946106
0.22892199456691742
0.5035200119018555
0.23174700140953064
0.5156970024108887
0.23457199335098267
0.5278739929199219
0.2373960018157959
0.5400500297546387
0.24022099375724792
0.5522270202636719
0.24304600059986115
0.5644040107727051
0.23655499517917633
0.5750859975814819
0.23006300628185272
0.58576899766922
0.2235720008611679
0.5964509844779968
0.2170809954404831
0.6071329712867737
0.21059000492095947
0.6178159713745117
0.20409899950027466
0.6284980177879333
0.19760799407958984
0.6391810178756714
0.19111600518226624
0.6498630046844482
0.18635399639606476
0.6614199876785278
0.18159200251102448
0.6729779839515686
0.176828995347023
0.684535026550293
0.17206700146198273
0.6960920095443726
0.16730399429798126
0.7076489925384521
0.16254200041294098
0.7192069888114929
0.1577800065279007
0.7307639718055725
0.15301699936389923
0.7423210144042969
0.14266200363636017
0.735319972038269
0.1323069930076599
0.7283179759979248
0.12195199728012085
0.7213159799575806
0.11159700155258179
0.7143149971961975
0.10124199837446213
0.7073130011558533
0.09088689833879471
0.7003120183944702
0.08053190261125565
0.693310022354126
0.07017680257558823
0.6863080263137817
0.07072050124406815
0.6745619773864746
