0.7261509895324707
0.6043519973754883
0.7144070267677307
0.6086320281028748
0.7026619911193848
0.6129119992256165
0.6909180283546448
0.6171910166740417
0.6791729927062988
0.6214709877967834
0.6674289703369141
0.6257510185241699
0.6556839942932129
0.6300309896469116
0.6439399719238281
0.6343100070953369
0.632194995880127
0.6385899782180786
0.6197969913482666
0.6370019912719727
0.6073979735374451
0.6354140043258667
0.5949990153312683
0.6338260173797607
0.5825999975204468
0.6322389841079712
0.5702019929885864
0.6306509971618652
0.5578029751777649
0.6290630102157593
0.5454040169715881
0.6274750232696533
0.5330049991607666
0.6258869767189026
0.5438590049743652
0.6196860074996948
0.5547130107879639
0.6134859919548035
0.5655670166015625
0.6072850227355957
0.5764200091362
0.6010850071907043
0.5872740149497986
0.5948839783668518
0.5981280207633972
0.5886840224266052
0.6089820265769958
0.5824829936027527
0.6198350191116333
0.5762829780578613
0.6075929999351501
0.5737580060958862
0.595350980758667
0.5712329745292664
0.5831080079078674
0.5687090158462524
0.5708659887313843
0.5661839842796326
0.5586240291595459
0.5636590123176575
0.5463809967041016
0.5611339807510376
0.5341389775276184
0.5586100220680237
0.5218960046768188
0.5560849905014038
0.5339829921722412
0.5528979897499084
0.5460699796676636
0.5497109889984131
0.5581570267677307
0.5465239882469177
0.5702440142631531
0.5433369874954224
0.5823310017585754
0.5401489734649658
0.5944179892539978
0.5369619727134705
0.6065049767494202
0.5337749719619751
0.6185910105705261
0.5305879712104797
0.6061379909515381
0.5295060276985168
0.59368497133255
0.5284240245819092
0.5812320113182068
0.5273410081863403
0.5687789916992188
0.5262590050697327
0.5563259720802307
0.525177001953125
0.5438730120658875
0.5240939855575562
0.5314199924468994
0.5230119824409485
0.5189669728279114
0.5219299793243408
0.5097690224647522
0.5134660005569458
0.5005710124969482
0.5050010085105896
0.4913719892501831
0.4965369999408722
0.48217400908470154
0.4880729913711548
0.4729759991168976
0.47960901260375977
0.46377700567245483
0.47114500403404236
0.4545789957046509
0.46268099546432495
0.4453809857368469
0.45421600341796875
0.4479930102825165
0.44199201464653015
0.45060598850250244
0.42976900935173035
0.453218013048172
0.41754499077796936
0.45583099126815796
0.40532100200653076
0.4584429860115051
0.39309701323509216
0.4610559940338135
0.3808729946613312
0.46366798877716064
0.3686490058898926
0.466280996799469
0.3564249873161316
0.4755080044269562
0.3648580014705658
0.48473501205444336
0.3732900023460388
0.49396198987960815
0.38172298669815063
0.5031890273094177
0.39015600085258484
0.5124160051345825
0.39858898520469666
0.5216429829597473
0.40702199935913086
0.5308700203895569
0.4154540002346039
0.5400969982147217
0.4238870143890381
0.5457540154457092
0.41266000270843506
0.551410973072052
0.4014340043067932
0.5570669770240784
0.3902069926261902
0.5627239942550659
0.37898001074790955
