0.40755000710487366
0.34284600615501404
0.4047029912471771
0.3550170063972473
0.4018569886684418
0.3671889901161194
0.3990100026130676
0.37935999035835266
0.3961640000343323
0.3915320038795471
0.39331701397895813
0.4037039875984192
0.3904710114002228
0.41587498784065247
0.38762399554252625
0.4280470013618469
0.3847779929637909
0.4402180016040802
0.3746039867401123
0.4474810063838959
0.3644300103187561
0.45474299788475037
0.3542560040950775
0.46200600266456604
0.3440819978713989
0.46926799416542053
0.33390799164772034
0.476529985666275
0.32373499870300293
0.4837929904460907
0.31356099247932434
0.4910550117492676
0.30338698625564575
0.49831798672676086
0.2992820143699646
0.5101240277290344
0.29517701268196106
0.521930992603302
0.2910720109939575
0.5337380170822144
0.286967009305954
0.5455449819564819
0.28286299109458923
0.5573520064353943
0.2787579894065857
0.5691580176353455
0.27465298771858215
0.580964982509613
0.2705479860305786
0.5927720069885254
0.25962400436401367
0.5988479852676392
0.24869999289512634
0.6049240231513977
0.2377759963274002
0.6109989881515503
0.22685199975967407
0.6170750260353088
0.21592800319194794
0.6231510043144226
0.2050040066242218
0.6292269825935364
0.19407999515533447
0.6353030204772949
0.18315599858760834
0.6413779854774475
0.1876560002565384
0.6530399918556213
0.19215600192546844
0.6647019982337952
0.1966550052165985
0.676364004611969
0.20115500688552856
0.6880260109901428
0.20565499365329742
0.6996880173683167
0.21015499532222748
0.7113500237464905
0.21465499699115753
0.7230119705200195
0.21915499866008759
0.7346739768981934
0.22359900176525116
0.7463570237159729
0.22804400324821472
0.7580400109291077
0.2324880063533783
0.7697240114212036
0.23693199455738068
0.7814069986343384
0.24137699604034424
0.7930899858474731
0.2458209991455078
0.8047729730606079
0.2502650022506714
0.8164569735527039
0.25470998883247375
0.8281400203704834
0.26588600873947144
0.8337370157241821
0.2770630121231079
0.839335024356842
0.288239985704422
0.8449320197105408
0.2994160056114197
0.8505300283432007
0.31059300899505615
0.8561270236968994
0.3217700123786926
0.8617249727249146
0.3329460024833679
0.8673220276832581
0.3441230058670044
0.8729199767112732
