0.5249119997024536
0.868930995464325
0.5127969980239868
0.8720110058784485
0.5006830096244812
0.875091016292572
0.4885680079460144
0.8781710267066956
0.4764530062675476
0.8812509775161743
0.4643389880657196
0.8843309879302979
0.4522239863872528
0.8874109983444214
0.4401099979877472
0.8904910087585449
0.4279949963092804
0.8935710191726685
0.4162049889564514
0.8977239727973938
0.4044150114059448
0.9018779993057251
0.39262598752975464
0.9060320258140564
0.38083600997924805
0.9101849794387817
0.36904600262641907
0.914339005947113
0.35725700855255127
0.9184920191764832
0.3454670011997223
0.9226459860801697
0.3336769938468933
0.926800012588501
0.32783299684524536
0.9157500267028809
0.32198798656463623
0.904699981212616
0.3161439895629883
0.893651008605957
0.31029999256134033
0.8826010227203369
0.3044550120830536
0.8715519905090332
0.29861098527908325
0.8605020046234131
0.2927660048007965
0.8494529724121094
0.28692200779914856
0.8384029865264893
0.29494500160217285
0.8288180232048035
0.30296799540519714
0.8192319869995117
0.31099098920822144
0.8096470236778259
0.3190140128135681
0.8000620007514954
0.3270379900932312
0.7904760241508484
0.3350610136985779
0.7808910012245178
0.3430840075016022
0.7713050246238708
0.35110700130462646
0.7617200016975403
0.3513909876346588
0.749222993850708
0.35167500376701355
0.7367259860038757
0.3519589900970459
0.7242299914360046
0.35224300622940063
0.7117329835891724
0.352526992559433
0.6992359757423401
0.3528110086917877
0.6867390275001526
0.35309499502182007
0.6742429733276367
0.3533799946308136
0.6617460250854492
0.35690799355506897
0.649753987789154
0.36043599247932434
0.6377620100975037
0.3639639914035797
0.6257699728012085
0.3674919903278351
0.6137790083885193
0.37101998925209045
0.6017869710922241
0.3745479881763458
0.5897949934005737
0.3780759871006012
0.5778030157089233
0.38160398602485657
0.5658119916915894
0.3758780062198639
0.5547000169754028
0.37015199661254883
0.5435889959335327
0.36442598700523376
0.5324779748916626
0.3587000072002411
0.5213660001754761
0.35297301411628723
0.510254979133606
0.34724700450897217
0.4991439878940582
0.3415209949016571
0.4880320131778717
0.33579498529434204
0.4769209921360016
0.32862499356269836
0.46668198704719543
0.3214539885520935
0.45644301176071167
0.31428399682044983
0.4462040066719055
0.30711400508880615
0.43596500158309937
0.2999440133571625
0.4257259964942932
0.2927730083465576
0.41548699140548706
0.28560298681259155
0.4052479863166809
0.2784329950809479
0.39500901103019714
0.2824169993400574
0.3831610083580017
0.28640198707580566
0.3713130056858063
0.29038599133491516
0.35946500301361084
0.29437100887298584
0.3476180136203766
0.29835599660873413
0.33577001094818115
0.30234000086784363
0.3239220082759857
0.3063249886035919
0.3120740056037903
0.3103100061416626
0.30022600293159485
0.3226740062236786
0.30206000804901123
0.3350389897823334
0.3038949966430664
0.34740298986434937
0.3057299852371216
0.35976800322532654
0.30756399035453796
0.3721329867839813
0.3093990087509155
0.3844969868659973
0.3112330138683319
0.3968620002269745
0.3130680024623871
0.40922701358795166
0.31490200757980347
0.41926801204681396
0.3223469853401184
0.42930901050567627
0.32979199290275574
0.4393500089645386
0.33723700046539307
0.4493910074234009
0.3446809947490692
0.459432989358902
0.35212600231170654
0.4694739878177643
0.35957100987434387
0.4795149862766266
0.3670159876346588
0.4895560145378113
0.37446001172065735
0.5006750226020813
0.3801720142364502
0.5117930173873901
0.38588398694992065
0.5229120254516602
0.3915959894657135
0.5340309739112854
0.39730799198150635
0.545149028301239
0.4030199944972992
0.5562679767608643
0.40873199701309204
0.5673869848251343
0.4144439995288849
0.5785049796104431
0.42015498876571655
0.5908780097961426
0.41837701201438904
0.6032509803771973
0.41659799218177795
0.6156240105628967
0.41481998562812805
0.6279969811439514
0.41304099559783936
0.6403689980506897
0.41126200556755066
0.6527420282363892
0.40948399901390076
0.6651149988174438
0.40770500898361206
0.6774880290031433
0.40592700242996216
0.6714349985122681
0.3949899971485138
0.665382981300354
0.38405299186706543
0.6593300104141235
0.37311598658561707
0.6532779932022095
0.3621790111064911
0.647225022315979
0.3512420058250427
0.6411730051040649
0.34030500054359436
0.6351199746131897
0.329367995262146
0.6290680170059204
0.31843098998069763
0.6402400135993958
0.3132550120353699
