0.4955979883670807
0.5496879816055298
0.5040959715843201
0.5405210256576538
0.5125939846038818
0.5313529968261719
0.5210909843444824
0.5221859812736511
0.5295889973640442
0.5130190253257751
0.538087010383606
0.5038520097732544
0.5465840101242065
0.49468401074409485
0.5550820231437683
0.4855169951915741
0.5635799765586853
0.47635000944137573
0.5527809858322144
0.4700540006160736
0.5419819951057434
0.46375900506973267
0.5311830043792725
0.4574640095233917
0.5203840136528015
0.4511680006980896
0.5095850229263306
0.44487300515174866
0.49878600239753723
0.43857699632644653
0.4879870116710663
0.4322820007801056
0.47718799114227295
0.42598700523376465
0.480646014213562
0.4145149886608124
0.4841049909591675
0.4030430018901825
0.48756399750709534
0.3915709853172302
0.4910230040550232
0.38009899854660034
0.49448099732398987
0.3686259984970093
