0.9594529867172241
0.33005398511886597
0.9513139724731445
0.3395409882068634
0.9431750178337097
0.34902799129486084
0.9350360035896301
0.3585149943828583
0.9268969893455505
0.3680030107498169
0.918757975101471
0.37749001383781433
0.9106190204620361
0.3869769871234894
0.9024810194969177
0.3964639902114868
0.8943420052528381
0.40595099329948425
0.8888790011405945
0.41719499230384827
0.883417010307312
0.4284380078315735
0.8779540061950684
0.4396809935569763
0.8724920153617859
0.45092499256134033
0.8670290112495422
0.46216800808906555
0.8615670204162598
0.4734109938144684
0.8561040163040161
0.4846540093421936
0.8506420254707336
0.4958980083465576
0.846917986869812
0.507830023765564
0.8431940078735352
0.5197619795799255
0.8394700288772583
0.5316950082778931
0.8357459902763367
0.5436270236968994
0.8320220112800598
0.5555599927902222
0.8282979726791382
0.5674920082092285
0.8245739936828613
0.5794240236282349
0.8208500146865845
0.5913569927215576
0.8134530186653137
0.6014339923858643
0.8060569763183594
0.6115109920501709
0.7986609935760498
0.6215879917144775
0.7912650108337402
0.6316649913787842
0.7838690280914307
0.6417419910430908
0.7764719724655151
0.6518189907073975
0.7690759897232056
0.6618959903717041
0.761680006980896
0.6719729900360107
0.7548900246620178
0.6824679970741272
0.748100996017456
0.6929630041122437
0.7413110136985779
0.7034590244293213
0.7345209717750549
0.713953971862793
0.7277320027351379
0.7244489789009094
0.7209420204162598
0.7349439859390259
0.7141519784927368
0.7454389929771423
0.7073619961738586
0.75593501329422
0.7038689851760864
0.7686399817466736
0.7003759741783142
0.7813439965248108
0.6968830227851868
0.7940490245819092
0.6933889985084534
0.8067539930343628
0.6898959875106812
0.8194590210914612
0.6864029765129089
0.8321639895439148
