0.6617770195007324
0.0751098021864891
0.6612499952316284
0.08759869635105133
0.6607229709625244
0.10008800029754639
0.6601960062980652
0.11257600039243698
0.6596689820289612
0.12506499886512756
0.659142017364502
0.13755400478839874
0.658614993095398
0.15004299581050873
0.6580880284309387
0.1625320017337799
0.6575610041618347
0.1750209927558899
0.6545339822769165
0.18714900314807892
0.6515079736709595
0.19927699863910675
0.648481011390686
0.21140499413013458
0.645455002784729
0.2235330045223236
0.6424279808998108
0.23566100001335144
0.6394019722938538
0.24778899550437927
0.6363750100135803
0.2599169909954071
0.6333490014076233
0.2720459997653961
0.6319720149040222
0.28446900844573975
0.6305950284004211
0.29689300060272217
0.6292179822921753
0.3093169927597046
0.6278409957885742
0.3217410147190094
0.6264640092849731
0.3341650068759918
0.6250870227813721
0.34658899903297424
0.6237099766731262
0.35901299118995667
0.6223329901695251
0.3714370131492615
0.6202700138092041
0.3837659955024719
0.6182079911231995
0.3960939943790436
0.6161450147628784
0.4084230065345764
0.6140829920768738
0.42075198888778687
0.6120200157165527
0.4330799877643585
0.6099579930305481
0.44540899991989136
0.607895016670227
0.4577380120754242
0.6058319807052612
0.47006601095199585
0.6037089824676514
0.4823850095272064
0.6015859842300415
0.4947029948234558
0.5994619727134705
0.5070210099220276
0.5973389744758606
0.5193399786949158
0.5952159762382507
0.5316579937934875
0.5930920243263245
0.5439760088920593
0.5909690260887146
0.5562949776649475
0.5888460278511047
0.5686129927635193
0.5878850221633911
0.5810760259628296
0.5869230031967163
0.5935389995574951
0.5859619975090027
0.6060019731521606
0.5850009918212891
0.618465006351471
0.5840399861335754
0.6309279799461365
0.5830789804458618
0.6433910131454468
0.5821179747581482
0.6558539867401123
0.5811570286750793
0.6683170199394226
0.5876970291137695
0.6789699792861938
0.5942370295524597
0.6896219849586487
0.6007769703865051
0.7002750039100647
0.6073169708251953
0.7109280228614807
0.6138560175895691
0.7215800285339355
0.6203960180282593
0.7322329878807068
0.6269360184669495
0.7428860068321228
0.6334760189056396
0.7535380125045776
0.6275659799575806
0.7645530104637146
0.6216560006141663
0.7755669951438904
0.615746021270752
0.7865819931030273
0.6098359823226929
0.7975969910621643
0.6039260029792786
0.8086109757423401
0.5980160236358643
0.819625973701477
0.5921059846878052
0.8306400179862976
0.5861949920654297
0.8416550159454346
0.5797799825668335
0.852383017539978
0.5733640193939209
0.8631110191345215
0.5669479966163635
0.8738380074501038
0.5605319738388062
0.8845660090446472
0.5541160106658936
0.8952940106391907
0.5476999878883362
0.9060220122337341
0.5412840247154236
0.9167500138282776
0.5348690152168274
0.927478015422821
0.5225149989128113
0.9293829798698425
0.5101609826087952
0.93128901720047
0.49780699610710144
0.9331939816474915
0.4854530096054077
0.9351000189781189
0.4730989933013916
0.9370049834251404
0.4607450067996979
0.9389110207557678
0.44839099049568176
0.9408169984817505
0.43603700399398804
0.9427220225334167
0.4235599935054779
0.9419749975204468
0.411081999540329
0.9412270188331604
0.39860498905181885
0.9404799938201904
0.3861269950866699
0.9397330284118652
0.373649001121521
0.9389849901199341
0.36117199063301086
0.9382380247116089
0.34869399666786194
0.9374899864196777
0.336216002702713
0.9367430210113525
0.33962199091911316
0.9241679906845093
0.3430280089378357
0.9115920066833496
0.34643399715423584
0.8990169763565063
