0.6319929957389832
0.23862400650978088
0.6255090236663818
0.24931100010871887
0.6190249919891357
0.25999701023101807
0.6125410199165344
0.27068400382995605
0.6060559749603271
0.28137099742889404
0.5995720028877258
0.29205700755119324
0.5930879712104797
0.3027440011501312
0.5866039991378784
0.3134309947490692
0.5801200270652771
0.3241179883480072
0.5730720162391663
0.33444100618362427
0.5660240054130554
0.3447650074958801
0.5589770078659058
0.355089008808136
0.5519289970397949
0.36541301012039185
0.5448819994926453
0.3757370114326477
0.5378339886665344
0.38606101274490356
0.5307869911193848
0.39638400077819824
0.5237389802932739
0.4067080020904541
0.5164139866828918
0.41683700680732727
0.509090006351471
0.42696699500083923
0.5017650127410889
0.4370959997177124
0.4944410026073456
0.44722500443458557
0.4871160089969635
0.45735400915145874
0.4797919988632202
0.4674839973449707
0.47246700525283813
0.47761300206184387
0.46514299511909485
0.48774200677871704
0.4531779885292053
0.491362988948822
0.441213995218277
0.4949829876422882
0.42925000190734863
0.4986039996147156
0.4172860085964203
0.5022240281105042
0.40532198548316956
0.5058450102806091
0.3933579921722412
0.5094649791717529
0.3813929855823517
0.5130860209465027
0.36942899227142334
0.5167070031166077
0.36058399081230164
0.525538980960846
0.3517400026321411
0.5343719720840454
0.3428950011730194
0.5432050228118896
0.3340499997138977
0.5520380139350891
0.325204998254776
0.5608710050582886
0.3163599967956543
0.569703996181488
0.3075149953365326
0.5785359740257263
0.2986699938774109
0.5873690247535706
0.2910029888153076
0.5774970054626465
0.28333500027656555
0.5676249861717224
0.2756679952144623
0.5577530264854431
0.2680000066757202
0.547881007194519
0.26033198833465576
0.538008987903595
0.2526650130748749
0.5281370282173157
0.24499699473381042
0.5182650089263916
0.23732900619506836
0.5083929896354675
0.2256380021572113
0.512814998626709
0.21394599974155426
0.5172370076179504
0.2022549957036972
0.5216599702835083
0.19056299328804016
0.5260819792747498
0.1788720041513443
0.5305050015449524
0.16718000173568726
0.5349270105361938
0.1554879993200302
0.5393490195274353
0.14379699528217316
0.5437719821929932
0.13996699452400208
0.5556700229644775
0.136136993765831
0.5675690174102783
0.1323069930076599
0.5794680118560791
0.12847700715065002
0.5913670063018799
0.12464799731969833
0.6032660007476807
0.12081799656152725
0.6151649951934814
0.11698800325393677
0.627062976360321
0.11315800249576569
0.6389619708061218
0.1129629984498024
0.6514610052108765
0.11276800185441971
0.6639590263366699
0.112574003636837
0.6764580011367798
0.11237899959087372
0.6889560222625732
0.11218400299549103
0.7014549970626831
0.11198899894952774
0.7139530181884766
0.11179400235414505
0.7264519929885864
0.11159899830818176
0.7389500141143799
0.12299799919128418
0.7393119931221008
0.1343960016965866
0.7396739721298218
