0.9019690155982971
0.8209429979324341
0.8894709944725037
0.8207340240478516
0.8769729733467102
0.8205239772796631
0.8644750118255615
0.8203139901161194
0.8519759774208069
0.8201050162315369
0.8394780158996582
0.8198950290679932
0.8269799947738647
0.8196849822998047
0.8144819736480713
0.8194760084152222
0.8019829988479614
0.8192660212516785
0.789493978023529
0.8197739720344543
0.7770040035247803
0.820281982421875
0.7645140290260315
0.8207899928092957
0.7520250082015991
0.8212980031967163
0.7395349740982056
0.821806013584137
0.7270449995994568
0.8223140239715576
0.7145559787750244
0.8228219747543335
0.7020660042762756
0.8233299851417542
0.690434992313385
0.8279100060462952
0.6788049936294556
0.8324909806251526
0.6671749949455261
0.8370710015296936
0.6555439829826355
0.841651976108551
0.643913984298706
0.846231997013092
0.6322829723358154
0.8508129715919495
0.620652973651886
0.8553940057754517
0.6090220212936401
0.8599740266799927
0.5966519713401794
0.8617730140686035
0.5842819809913635
0.8635730147361755
0.5719130039215088
0.8653720021247864
0.5595430135726929
0.8671709895133972
0.547173023223877
0.8689699769020081
0.5348029732704163
0.8707699775695801
0.5224329829216003
0.8725690245628357
0.5100629925727844
0.8743680119514465
0.49756601452827454
0.874127984046936
0.4850679934024811
0.8738870024681091
0.47257000207901
0.8736469745635986
0.46007299423217773
0.8734059929847717
0.44757500290870667
0.873166024684906
0.4350770115852356
0.8729249835014343
0.4225800037384033
0.8726840019226074
0.41008201241493225
0.8724439740180969
0.39832499623298645
0.8766890168190002
0.38656800985336304
0.88093501329422
0.37481099367141724
0.8851799964904785
0.3630540072917938
0.8894259929656982
0.351296991109848
0.8936709761619568
0.3395400047302246
0.8979169726371765
0.3277829885482788
0.9021620154380798
0.3160260021686554
0.9064080119132996
0.30838701128959656
0.8965139985084534
0.30074799060821533
0.8866199851036072
0.2931089997291565
0.876725971698761
0.2854689955711365
0.8668320178985596
0.27783000469207764
0.8569380044937134
0.2701910138130188
0.8470439910888672
0.2625519931316376
0.837149977684021
0.25491198897361755
0.8272560238838196
0.26329100131988525
0.8189120292663574
0.2716690003871918
0.8105679750442505
0.2800480127334595
0.8022249937057495
0.2884269952774048
0.7938809990882874
