0.07642660290002823
0.8915709853172302
0.08649969846010208
0.8841699957847595
0.09657289832830429
0.8767679929733276
0.10664600133895874
0.8693670034408569
0.11671900004148483
0.861965000629425
0.12679199874401093
0.8545640110969543
0.13686500489711761
0.8471620082855225
0.1469389945268631
0.8397610187530518
0.1570120006799698
0.8323590159416199
0.15967699885368347
0.8201469779014587
0.16234299540519714
0.8079339861869812
0.16500799357891083
0.7957220077514648
0.1676740050315857
0.7835090160369873
0.17034000158309937
0.7712969779968262
0.17300499975681305
0.7590839862823486
0.17567099630832672
0.7468720078468323
0.1783359944820404
0.7346590161323547
0.1901250034570694
0.7305009961128235
0.2019129991531372
0.7263429760932922
0.21370099484920502
0.7221850156784058
0.22548900544643402
0.7180269956588745
0.23727700114250183
0.7138689756393433
0.24906499683856964
0.7097100019454956
0.26085299253463745
0.7055519819259644
0.27264100313186646
0.7013940215110779
0.27857300639152527
0.6903910040855408
0.2845059931278229
0.6793889999389648
0.2904379963874817
0.6683859825134277
0.2963699996471405
0.6573830246925354
0.3023020029067993
0.6463810205459595
0.30823400616645813
0.6353780031204224
0.31416600942611694
0.6243749856948853
0.32009801268577576
0.6133720278739929
0.32622700929641724
0.60247802734375
0.3323560059070587
0.5915830135345459
0.338483989238739
0.580689013004303
0.3446129858493805
0.5697939991950989
0.35074201226234436
0.558899998664856
0.35686999559402466
0.5480049848556519
0.36299899220466614
0.5371109843254089
0.3691270053386688
0.5262159705162048
0.3627919852733612
0.5154410004615784
0.3564560115337372
0.5046659708023071
0.35012000799179077
0.4938899874687195
0.34378498792648315
0.48311498761177063
0.33744901418685913
0.472339004278183
0.3311130106449127
0.46156400442123413
0.3247779905796051
0.4507890045642853
0.3184419870376587
0.44001299142837524
0.3094030022621155
0.4313800036907196
0.3003630042076111
0.4227460026741028
0.2913239896297455
0.41411298513412476
0.2822839915752411
0.4054790139198303
0.2732439935207367
0.3968459963798523
0.2642050087451935
0.3882119953632355
0.2551650106906891
0.37957900762557983
0.2461259961128235
0.3709459900856018
0.2384209930896759
0.38078799843788147
0.23071600496768951
0.3906309902667999
0.22301000356674194
0.40047401189804077
0.21530500054359436
0.41031700372695923
0.20759999752044678
0.4201599955558777
0.1998949944972992
0.43000298738479614
0.1921900063753128
0.4398449957370758
0.18448500335216522
0.44968798756599426
0.1769160032272339
0.45963600277900696
0.16934600472450256
0.46958300471305847
0.16177700459957123
0.4795309901237488
0.1542070060968399
0.4894779920578003
0.14663800597190857
0.499426007270813
0.13906799256801605
0.5093740224838257
0.1314990073442459
0.5193210244178772
0.12392999976873398
0.5292689800262451
