0.41189900040626526
0.13675299286842346
0.42204800248146057
0.1440500020980835
0.4321970045566559
0.15134699642658234
0.4423460066318512
0.15864500403404236
0.4524950087070465
0.1659419983625412
0.4626440107822418
0.17323899269104004
0.47279301285743713
0.18053600192070007
0.48294198513031006
0.1878329962491989
0.49309098720550537
0.19513000547885895
0.49876898527145386
0.20626600086688995
0.5044469833374023
0.21740199625492096
0.5101249814033508
0.22853800654411316
0.5158029794692993
0.23967400193214417
0.5214809775352478
0.25080999732017517
0.5271599888801575
0.2619459927082062
0.532837986946106
0.2730819880962372
0.5385159850120544
0.2842180132865906
0.5479329824447632
0.29243698716163635
0.5573509931564331
0.3006570041179657
0.566769003868103
0.30887600779533386
0.576187014579773
0.317095011472702
0.5856040120124817
0.3253139853477478
0.5950220227241516
0.33353400230407715
0.6044399738311768
0.3417530059814453
0.6138579845428467
0.3499720096588135
0.6199629902839661
0.3608799874782562
0.6260690093040466
0.37178701162338257
0.632174015045166
0.3826949894428253
0.6382799744606018
0.39360201358795166
0.6443849802017212
0.4045090079307556
0.6504909992218018
0.41541698575019836
0.6565960049629211
0.4263240098953247
0.6627020239830017
0.43723198771476746
0.6594370007514954
0.4492979943752289
0.6561729907989502
0.4613640010356903
0.6529080271720886
0.47343000769615173
0.6496440172195435
0.48549699783325195
0.6463789939880371
0.4975630044937134
0.6431139707565308
0.5096290111541748
0.6398500204086304
0.5216950178146362
0.636584997177124
0.5337610244750977
0.6445710062980652
0.5421590209007263
0.6525570154190063
0.5505560040473938
