0.6167709827423096
0.7235940098762512
0.6290280222892761
0.7260419726371765
0.6412860155105591
0.7284910082817078
0.653544008731842
0.7309389710426331
0.665802001953125
0.7333880066871643
0.678059995174408
0.7358360290527344
0.6903179883956909
0.7382850050926208
0.7025750279426575
0.7407330274581909
0.7148330211639404
0.7431820034980774
0.7273060083389282
0.7440019845962524
0.7397800087928772
0.7448220252990723
0.752252995967865
0.7456420063972473
0.7647259831428528
0.7464609742164612
0.7771989703178406
0.747281014919281
0.7896720170974731
0.748100996017456
0.8021450042724609
0.7489209771156311
0.8146179914474487
0.7497410178184509
0.8048980236053467
0.7418820261955261
0.7951769828796387
0.7340229749679565
0.7854570150375366
0.7261639833450317
0.7757359743118286
0.7183049917221069
0.7660160064697266
0.7104460000991821
0.7562950253486633
0.7025870084762573
0.7465749979019165
0.6947289705276489
0.7368540167808533
0.6868699789047241
0.7287650108337402
0.6773399710655212
0.7206760048866272
0.6678100228309631
0.7125869989395142
0.6582800149917603
0.7044979929924011
0.6487500071525574
0.6964089870452881
0.6392199993133545
0.688319981098175
0.6296910047531128
0.680230975151062
0.6201609969139099
0.6721420288085938
0.610630989074707
0.6596519947052002
0.6101289987564087
0.6471620202064514
0.6096270084381104
0.6346719861030579
0.609125018119812
0.6221820116043091
0.6086230278015137
0.6096929907798767
0.6081209778785706
0.5972030162811279
0.6076189875602722
0.5847129821777344
0.6071169972419739
0.5722230076789856
0.6066150069236755
0.5801290273666382
0.5969330072402954
0.5880360007286072
0.5872510075569153
0.5959420204162598
0.5775700211524963
0.6038489937782288
0.5678880214691162
0.6117550134658813
0.5582060217857361
0.6196619868278503
0.548524022102356
0.6275680065155029
0.5388420224189758
0.6354749798774719
0.5291609764099121
0.6380959749221802
0.5169389843940735
0.6407179832458496
0.5047169923782349
0.6433389782905579
0.49249500036239624
0.6459609866142273
0.4802730083465576
0.6485829949378967
0.4680509865283966
0.651203989982605
0.455828994512558
0.6538259983062744
0.44360700249671936
0.6564469933509827
0.43138501048088074
0.6529859900474548
0.4193730056285858
0.649524986743927
0.4073620140552521
0.6460639834403992
0.39535099267959595
0.6426029801368713
0.383338987827301
0.6391419768333435
0.3713279962539673
0.6356809735298157
0.35931700468063354
0.6322199702262878
0.3473060131072998
0.6287590265274048
0.3352940082550049
0.617027997970581
0.3396120071411133
0.6052979826927185
0.3439309895038605
0.5935670137405396
0.34824898838996887
0.581836998462677
0.35256698727607727
0.570106029510498
0.35688498616218567
0.5583760142326355
0.36120301485061646
0.546645998954773
0.36552101373672485
0.5349149703979492
0.36983901262283325
0.5233039855957031
0.36520999670028687
0.5116919875144958
0.36058101058006287
0.5000810027122498
0.3559519946575165
0.4884699881076813
0.3513230085372925
0.4768590033054352
0.3466939926147461
0.4652470052242279
0.3420650064945221
0.4536359906196594
0.3374359905719757
0.44202500581741333
0.3328070044517517
0.44380199909210205
0.32043400406837463
0.44557899236679077
0.30806100368499756
0.4473559856414795
0.2956880033016205
0.4491330087184906
0.2833150029182434
0.4509100019931793
0.27094200253486633
0.45268699526786804
0.25856900215148926
0.45446398854255676
0.24619600176811218
0.45624101161956787
0.2338230013847351
0.4564799964427948
0.21986199915409088
0.4567199945449829
0.20589999854564667
0.4569590091705322
0.19193899631500244
0.45719900727272034
0.17797799408435822
