0.7522469758987427
0.6584500074386597
0.7644060254096985
0.6555500030517578
0.7765650153160095
0.652649998664856
0.7887240052223206
0.6497499942779541
0.8008829951286316
0.6468499898910522
0.8130419850349426
0.6439499855041504
0.8252009749412537
0.6410499811172485
0.8373600244522095
0.6381499767303467
0.8495190143585205
0.6352499723434448
0.8515499830245972
0.6229169964790344
0.8535810112953186
0.6105830073356628
0.8556119799613953
0.5982490181922913
0.8576430082321167
0.5859150290489197
0.8596739768981934
0.5735809803009033
0.8617050051689148
0.5612469911575317
0.8637359738349915
0.5489130020141602
0.8657670021057129
0.5365790128707886
0.8546019792556763
0.5422009825706482
0.8434380292892456
0.5478219985961914
0.832273006439209
0.5534430146217346
0.8211079835891724
0.5590639710426331
0.8099430203437805
0.5646860003471375
0.7987790107727051
0.5703070163726807
0.7876139879226685
0.5759279727935791
0.7764490246772766
0.5815489888191223
0.7647420167922974
0.5859299898147583
0.7530350089073181
0.5903120040893555
0.7413280010223389
0.5946930050849915
0.7296209931373596
0.5990740060806274
0.7179139852523804
0.6034550070762634
0.7062069773674011
0.6078360080718994
0.6944990158081055
0.6122170090675354
0.6827920079231262
0.6165980100631714
0.670412003993988
0.6183210015296936
0.6580309867858887
0.6200429797172546
0.6456500291824341
0.6217650175094604
0.6332690119743347
0.6234869956970215
0.6208879947662354
0.6252099871635437
0.6085079908370972
0.6269320249557495
0.5961269736289978
0.6286540031433105
0.5837460160255432
0.6303769946098328
0.5716919898986816
0.633683979511261
0.5596370100975037
0.6369919776916504
0.5475829839706421
0.6402990221977234
0.5355280041694641
0.6436070203781128
0.5234739780426025
0.646914005279541
0.5114189982414246
0.6502220034599304
0.4993650019168854
0.6535289883613586
0.487309992313385
0.656836986541748
0.4805169999599457
0.6673300266265869
0.47372400760650635
0.677823007106781
0.46693098545074463
0.6883159875869751
0.4601379930973053
0.698809027671814
0.45334500074386597
0.7093020081520081
0.44655200839042664
0.7197949886322021
0.4397589862346649
0.730288028717041
0.4329659938812256
0.7407820224761963
0.420632004737854
0.738756000995636
0.40829700231552124
0.7367299795150757
0.3959619998931885
0.7347040176391602
0.3836269974708557
0.7326779961585999
0.37129300832748413
0.7306529879570007
0.35895800590515137
0.7286270260810852
0.3466230034828186
0.7266010046005249
0.33428800106048584
0.7245749831199646
0.32958099246025085
0.7129960060119629
0.3248730003833771
0.701416015625
0.3201650083065033
0.6898369789123535
0.3154579997062683
0.6782569885253906
0.31075000762939453
0.6666769981384277
0.30604198575019836
0.655098021030426
0.30133500695228577
0.6435179710388184
0.296627014875412
0.6319379806518555
0.2872120141983032
0.6237159967422485
0.27779701352119446
0.6154940128326416
0.2683820128440857
0.6072720289230347
0.25896701216697693
0.5990489721298218
0.24955099821090698
0.5908269882202148
0.24013599753379822
0.5826050043106079
0.23072099685668945
0.574383020401001
0.2213059961795807
0.5661600232124329
0.22524699568748474
0.5542979836463928
0.2291879951953888
0.5424349904060364
0.23312899470329285
0.5305730104446411
0.2370689958333969
0.5187100172042847
0.24100999534130096
0.5068479776382446
0.24495099484920502
0.49498501420021057
0.24889199435710907
0.48312199115753174
0.2528330087661743
0.4712600111961365
0.2549949884414673
0.4589479863643646
0.25715699791908264
0.44663700461387634
0.2593199908733368
0.4343250095844269
0.26148200035095215
0.4220139980316162
0.2636440098285675
0.40970200300216675
0.26580700278282166
0.3973909914493561
0.267969012260437
0.3850789964199066
0.27013200521469116
0.37276801466941833
0.2730500102043152
0.36061298847198486
0.275967001914978
0.3484579920768738
0.27888500690460205
0.3363029956817627
0.2818030118942261
0.3241490125656128
0.2847209870815277
0.3119939863681793
0.28763899207115173
0.29983898997306824
0.29055601358413696
0.28768500685691833
0.2934739887714386
0.27553001046180725
0.29344600439071655
0.26380398869514465
0.2934179902076721
0.25207701325416565
