0.45463401079177856
0.7690600156784058
0.44758400321006775
0.7793830037117004
0.4405350089073181
0.7897049784660339
0.4334860146045685
0.8000280261039734
0.42643600702285767
0.8103500008583069
0.41938701272010803
0.8206729888916016
0.4123370051383972
0.8309959769248962
0.4052880108356476
0.8413180112838745
0.39823800325393677
0.8516409993171692
0.3860650062561035
0.8488029837608337
0.3738909959793091
0.8459650278091431
0.36171799898147583
0.8431270122528076
0.3495439887046814
0.8402889966964722
0.33737000823020935
0.8374509811401367
0.3251970112323761
0.834613025188446
0.31302300095558167
0.8317750096321106
0.3008500039577484
0.8289369940757751
0.29676899313926697
0.8171219825744629
0.2926889955997467
0.8053060173988342
0.28860899806022644
0.793491005897522
0.2845290005207062
0.7816759943962097
0.28044798970222473
0.7698609828948975
0.27636799216270447
0.7580450177192688
0.2722879946231842
0.7462300062179565
0.26820799708366394
0.7344149947166443
0.26893600821495056
0.7219359874725342
0.2696639895439148
0.7094569802284241
0.2703920006752014
0.696977972984314
0.27112001180648804
0.684499979019165
0.27184900641441345
0.6720209717750549
0.2725769877433777
0.6595420241355896
0.2733049988746643
0.6470630168914795
0.2740330100059509
0.6345840096473694
0.28189900517463684
0.6248700022697449
0.28976500034332275
0.6151549816131592
0.29763099551200867
0.6054400205612183
0.3054969906806946
0.5957249999046326
0.3133620023727417
0.5860099792480469
0.3212279975414276
0.576295018196106
0.3290939927101135
0.5665799975395203
0.33695998787879944
0.5568659901618958
0.33428099751472473
0.544655978679657
0.3316029906272888
0.532446026802063
0.3289240002632141
0.5202370285987854
0.3262459933757782
0.5080270171165466
0.3235670030117035
0.49581700563430786
0.3208889961242676
0.4836080074310303
0.31821000576019287
0.4713979959487915
0.31553199887275696
0.4591880142688751
0.30453500151634216
0.45324501395225525
0.29353898763656616
0.4473010003566742
0.28254199028015137
0.44135698676109314
0.27154600620269775
0.4354130029678345
0.26054999232292175
0.4294689893722534
0.24955299496650696
0.42352500557899475
0.23855699598789215
0.4175820052623749
0.22755999863147736
0.4116379916667938
0.2231619954109192
0.3999370038509369
0.21876299381256104
0.38823699951171875
0.21436400711536407
0.3765360116958618
0.2099660038948059
0.3648360073566437
0.20556700229644775
0.35313498973846436
0.2011680006980896
0.3414349853992462
0.19676899909973145
0.3297339975833893
0.19237099587917328
0.31803399324417114
0.20000900328159332
0.30813899636268616
0.20764799416065216
0.29824501276016235
0.2152860015630722
0.288349986076355
0.22292399406433105
0.27845498919487
0.2305629998445511
0.2685610055923462
0.23820100724697113
0.2586660087108612
0.24583999812602997
0.24877099692821503
0.2534779906272888
0.23887699842453003
0.26427799463272095
0.23258300125598907
0.2750779986381531
0.22628900408744812
0.2858780026435852
0.21999500691890717
0.29667800664901733
0.21370099484920502
0.30747801065444946
0.20740799605846405
0.3182780146598816
0.2011139988899231
0.32907798886299133
0.19482000172138214
0.33987799286842346
0.1885260045528412
0.352169007062912
0.18625299632549286
0.3644610047340393
0.1839810013771057
0.37675198912620544
0.18170799314975739
0.38904398679733276
0.17943499982357025
0.40133601427078247
0.17716200649738312
0.4136269986629486
0.17488999664783478
0.4259189963340759
0.17261700332164764
0.43821099400520325
0.17034399509429932
0.4427269995212555
0.18199899792671204
0.44724398851394653
0.19365499913692474
0.45176100730895996
0.20531000196933746
0.456277996301651
0.21696600317955017
0.46079498529434204
0.2286210060119629
0.4653109908103943
0.24027599394321442
0.4698280096054077
0.2519319951534271
0.47434499859809875
0.26358699798583984
0.4785259962081909
0.27536699175834656
0.4827060103416443
0.28714799880981445
0.48688700795173645
0.29892799258232117
0.4910680055618286
0.3107079863548279
0.4952479898929596
0.322488009929657
0.49942898750305176
0.3342680037021637
0.5036100149154663
0.3460479974746704
0.5077909827232361
0.3578279912471771
0.5107269883155823
0.36997899413108826
0.5136640071868896
0.3821290135383606
0.5166000127792358
0.39427900314331055
0.5195369720458984
0.4064289927482605
0.5224739909172058
0.41857901215553284
0.525409996509552
0.4307290017604828
0.5283470153808594
0.44287899136543274
0.531283974647522
0.45502999424934387
0.5357720255851746
0.46669599413871765
0.5402609705924988
0.47836199402809143
0.5447499752044678
0.4900279939174652
0.5492380261421204
0.5016949772834778
0.5537269711494446
0.5133609771728516
0.5582159757614136
0.5250269770622253
0.5627049803733826
0.5366929769515991
0.5671929717063904
0.5483599901199341
0.5699530243873596
0.5605509877204895
0.5727120041847229
0.5727429986000061
0.5754719972610474
0.5849350094795227
0.5782309770584106
0.5971260070800781
0.5809910297393799
0.6093180179595947
0.5837500095367432
0.6215090155601501
0.5865089893341064
0.6337010264396667
0.5892689824104309
0.6458929777145386
0.5930529832839966
0.633857011795044
0.5968369841575623
0.6218219995498657
