0.15252499282360077
0.05716890096664429
0.15095999836921692
0.06957049667835236
0.14939400553703308
0.08197209984064102
0.14782899618148804
0.09437370300292969
0.1462640017271042
0.10677500069141388
0.14469799399375916
0.11917699873447418
0.1431329995393753
0.13157899677753448
0.14156800508499146
0.1439799964427948
0.14000199735164642
0.1563819944858551
0.1378840059041977
0.16870099306106567
0.13576500117778778
0.18102000653743744
0.13364599645137787
0.193339005112648
0.13152700662612915
0.20565800368785858
0.12940900027751923
0.21797700226306915
0.12728999555110931
0.23029600083827972
0.1251710057258606
0.24261599779129028
0.12305200099945068
0.25493499636650085
0.1343889981508255
0.26019999384880066
0.14572599530220032
0.26546600461006165
0.15706300735473633
0.27073100209236145
0.16840000450611115
0.27599701285362244
0.17973600327968597
0.28126201033592224
0.1910730004310608
0.28652799129486084
0.2024099975824356
0.2917940020561218
0.21374699473381042
0.29705899953842163
0.22127799689769745
0.2870819866657257
0.22880800068378448
0.2771050035953522
0.2363390028476715
0.26712799072265625
0.24387000501155853
0.2571510076522827
0.2513999938964844
0.24717499315738678
0.2589310109615326
0.23719799518585205
0.2664619982242584
0.22722099721431732
0.27399200201034546
0.2172439992427826
0.28613200783729553
0.21426300704479218
0.2982710003852844
0.21128199994564056
0.3104110062122345
0.20830099284648895
0.3225499987602234
0.20532000064849854
0.3346889913082123
0.20233899354934692
0.34682899713516235
0.1993580013513565
0.35896798968315125
0.19637799263000488
0.3711070120334625
0.19339700043201447
0.3808690011501312
0.185589000582695
0.39063000679016113
0.17778100073337555
0.40039199590682983
0.1699730008840561
0.41015300154685974
0.16216500103473663
0.41991499066352844
0.15435700118541718
0.42967599630355835
0.14654900133609772
0.43943798542022705
0.13874100148677826
0.44919899106025696
0.1309330016374588
0.4552150070667267
0.1418910026550293
0.461230993270874
0.1528480052947998
0.46724599599838257
0.16380499303340912
0.4732620120048523
0.17476199567317963
0.47927799820899963
0.18571999669075012
0.48529401421546936
0.19667699933052063
0.4913089871406555
0.20763400197029114
0.49732500314712524
0.21859100461006165
0.5040270090103149
0.22914299368858337
0.5107290148735046
0.2396939992904663
0.5174300074577332
0.25024598836898804
0.5241320133209229
0.26079800724983215
0.5308340191841125
0.2713490128517151
0.5375360250473022
0.2819010019302368
0.5442370176315308
0.29245200753211975
0.5509390234947205
0.3030039966106415
0.5607280135154724
0.3107770085334778
0.5705180168151855
0.3185510039329529
0.5803070068359375
0.3263239860534668
0.5900959968566895
0.3340969979763031
0.5998849868774414
0.3418700098991394
0.6096739768981934
0.3496429920196533
0.6194630265235901
0.3574169874191284
0.629252016544342
0.3651899993419647
0.6394299864768982
0.3724460005760193
0.6496090292930603
0.37970298528671265
0.6597869992256165
0.3869589865207672
0.6699650287628174
0.3942149877548218
0.6801429986953735
0.4014720022678375
0.6903210282325745
0.4087280035018921
0.7004989981651306
0.41598498821258545
0.7106770277023315
0.42324098944664
0.7181850075721741
0.4332349896430969
0.7256929874420166
0.443230003118515
0.7332000136375427
0.4532240033149719
0.7407079935073853
0.46321800351142883
0.7482150197029114
0.47321298718452454
0.7557229995727539
0.48320698738098145
0.7632309794425964
0.49320098757743835
0.7707380056381226
0.5031949877738953
0.7801640033721924
0.5114049911499023
0.7895900011062622
0.5196149945259094
0.7990170121192932
0.5278239846229553
0.808443009853363
0.5360339879989624
0.8178690075874329
0.5442439913749695
0.8272950053215027
0.5524529814720154
0.8367210030555725
0.5606629848480225
0.8461470007896423
0.5688719749450684
0.8586140275001526
0.5679550170898438
0.8710799813270569
0.5670379996299744
0.883545994758606
0.566120982170105
0.896012008190155
0.5652030110359192
0.9084789752960205
0.5642859935760498
0.9209449887275696
0.5633689761161804
0.9334110021591187
0.5624520182609558
0.9458780288696289
0.5615339875221252
0.9478470087051392
0.5491909980773926
0.9498170018196106
0.5368469953536987
0.951786994934082
0.5245029926300049
0.9537569880485535
0.512158989906311
0.9557260274887085
0.4998149871826172
0.9576960206031799
0.4874710142612457
0.9596660137176514
0.4751279950141907
0.9616360068321228
0.4627839922904968
0.9572719931602478
0.45107001066207886
0.952908992767334
0.4393559992313385
0.9485459923744202
0.4276430010795593
0.9441819787025452
0.41592898964881897
0.9398189783096313
0.404215008020401
0.9354559779167175
0.39250099658966064
0.9310920238494873
0.38078799843788147
0.9267290234565735
0.3690739870071411
0.9377099871635437
0.3757379949092865
0.9486899971961975
0.3824020028114319
