0.6440330147743225
0.7999569773674011
0.6561679840087891
0.7969589829444885
0.6683030128479004
0.7939609885215759
0.6804379820823669
0.7909629940986633
0.6925730109214783
0.7879660129547119
0.704708993434906
0.7849680185317993
0.7168440222740173
0.7819700241088867
0.7289789915084839
0.7789720296859741
0.7411140203475952
0.7759739756584167
0.7292320132255554
0.7720929980278015
0.7173500061035156
0.7682120203971863
0.7054669857025146
0.7643309831619263
0.6935849785804749
0.7604510188102722
0.6817029714584351
0.7565699815750122
0.6698200106620789
0.752689003944397
0.6579380035400391
0.7488080263137817
0.6460559964179993
0.7449269890785217
0.6529600024223328
0.7345070242881775
0.6598629951477051
0.7240859866142273
0.6667670011520386
0.7136650085449219
0.6736710071563721
0.7032449841499329
0.6805750131607056
0.6928240060806274
0.6874780058860779
0.6824039816856384
0.6943820118904114
0.671983003616333
0.7012860178947449
0.661562979221344
0.688946008682251
0.6595669984817505
0.6766070127487183
0.657571017742157
0.6642670035362244
0.6555759906768799
0.6519269943237305
0.6535800099372864
0.6395879983901978
0.6515849828720093
0.6272479891777039
0.6495890021324158
0.61490797996521
0.6475930213928223
0.6025689840316772
0.6455979943275452
0.5901989936828613
0.6437990069389343
0.5778290033340454
0.6420000195503235
0.5654590129852295
0.6402009725570679
0.5530890226364136
0.6384029984474182
0.5407189726829529
0.6366040110588074
0.528348982334137
0.6348050236701965
0.515978991985321
0.6330059766769409
0.5036090016365051
0.6312069892883301
0.5141749978065491
0.6245269775390625
0.5247399806976318
0.6178470253944397
0.5353050231933594
0.6111660003662109
0.5458700060844421
0.6044859886169434
0.5564349889755249
0.5978059768676758
0.5670009851455688
0.591126024723053
0.5775660276412964
0.5844449996948242
0.5881310105323792
0.5777649879455566
0.5927349925041199
0.5661439895629883
0.5973399877548218
0.5545229911804199
0.6019440293312073
0.5429019927978516
0.6065490245819092
0.5312809944152832
0.6111530065536499
0.5196599960327148
0.6157580018043518
0.5080389976501465
0.6203619837760925
0.4964179992675781
0.6249669790267944
0.4847959876060486
0.612667977809906
0.4825640022754669
0.6003689765930176
0.4803310036659241
0.5880699753761292
0.47809898853302
0.5757709741592407
0.4758659899234772
0.5634719729423523
0.4736340045928955
0.5511729717254639
0.47140100598335266
0.5388739705085754
0.4691689908504486
0.5265750288963318
0.46693599224090576
0.5161139965057373
0.4737800061702728
0.505653977394104
0.4806230068206787
0.4951930046081543
0.4874660074710846
0.484732985496521
0.4943099915981293
0.4742729961872101
0.5011529922485352
0.463811993598938
0.5079960227012634
0.4533520042896271
0.5148400068283081
0.4428919851779938
0.5216829776763916
0.4333699941635132
0.5221279859542847
0.4238480031490326
0.5225729942321777
