0.17905600368976593
0.8685160279273987
0.19154000282287598
0.8678849935531616
0.20402400195598602
0.8672540187835693
0.21650800108909607
0.8666229844093323
0.22899200022220612
0.86599200963974
0.24147599935531616
0.8653609752655029
0.2539600133895874
0.8647300004959106
0.26644399762153625
0.8640990257263184
0.2789289951324463
0.8634679913520813
0.2772490084171295
0.8510810136795044
0.27557000517845154
0.8386939764022827
0.2738899886608124
0.826308012008667
0.2722109854221344
0.8139209747314453
0.2705309987068176
0.8015339970588684
0.26885199546813965
0.7891479730606079
0.26717299222946167
0.776760995388031
0.2654930055141449
0.7643740177154541
0.25890401005744934
0.7537519931793213
0.2523140013217926
0.7431300282478333
0.24572399258613586
0.7325080037117004
0.2391349971294403
0.7218859791755676
0.23254500329494476
0.7112640142440796
0.22595499455928802
0.7006419897079468
0.21936599910259247
0.6900209784507751
0.21277600526809692
0.6793990135192871
0.2120549976825714
0.6669189929962158
0.21133500337600708
0.6544399857521057
0.21061399579048157
0.6419609785079956
0.20989400148391724
0.6294819712638855
0.20917299389839172
0.617002010345459
0.2084520012140274
0.6045230031013489
0.20773200690746307
0.5920439958572388
0.20701099932193756
0.5795649886131287
0.19452500343322754
0.5801600217819214
0.1820400059223175
0.5807560086250305
0.1695539951324463
0.5813509821891785
0.15706799924373627
0.5819470286369324
0.14458200335502625
0.5825430154800415
0.13209599256515503
0.5831379890441895
0.11961100250482559
0.5837339758872986
0.10712499916553497
0.5843290090560913
0.09886439889669418
0.5749469995498657
0.09060399979352951
0.5655660033226013
0.08234360069036484
0.5561839938163757
0.07408329844474792
0.5468019843101501
0.06582289934158325
0.5374209880828857
0.05756250023841858
0.5280389785766602
0.049302101135253906
0.5186570286750793
0.041041698306798935
0.5092759728431702
0.042396001517772675
0.496849000453949
0.043750301003456116
0.4844230115413666
0.04510460048913956
0.471996009349823
0.046458899974823
0.4595699906349182
0.04781319946050644
0.4471440017223358
0.04916749894618988
0.43471699953079224
0.05052179843187332
0.42229101061820984
0.05187610164284706
0.40986400842666626
0.06347359716892242
0.4052009880542755
0.07507120072841644
0.40053701400756836
0.0866686999797821
0.3958739936351776
0.09826619923114777
0.39121100306510925
0.1098639965057373
0.3865469992160797
0.12146099656820297
0.38188400864601135
0.13305899500846863
0.3772200047969818
0.1446560025215149
0.37255701422691345
0.14299699664115906
0.3601680099964142
0.14133800566196442
0.34777799248695374
0.13967899978160858
0.33538898825645447
0.13801999390125275
0.3229990005493164
0.1363610029220581
0.31060999631881714
0.13470199704170227
0.29822099208831787
0.13304199278354645
0.2858310043811798
0.1313830018043518
0.27344200015068054
0.12933699786663055
0.26111000776290894
0.12728999555110931
0.24877899885177612
0.12524400651454926
0.2364480048418045
0.123198002576828
0.2241159975528717
0.12115100026130676
0.21178500354290009
0.11910499632358551
0.19945399463176727
0.11705899983644485
0.18712200224399567
0.11501199752092361
0.17479099333286285
0.12105599790811539
0.16384899616241455
0.12709900736808777
0.15290699899196625
0.13314299285411835
0.14196500182151794
0.13918599486351013
0.13102300465106964
0.1452299952507019
0.12008100003004074
0.1512729972600937
0.10913900285959244
0.15731699764728546
0.09819749742746353
0.16335999965667725
0.08725559711456299
0.16968800127506256
0.09803599864244461
0.1760150045156479
0.108815997838974
0.18234199285507202
0.11959700286388397
0.18866899609565735
0.13037699460983276
0.19499599933624268
0.14115799963474274
0.201323002576828
0.15193800628185272
0.20765000581741333
0.1627189964056015
0.21397699415683746
0.1734990030527115
0.22499899566173553
0.167603999376297
0.2360219955444336
0.1617089956998825
0.24704499542713165
0.1558140069246292
0.2580670118331909
0.14991900324821472
0.2690899968147278
0.14402399957180023
0.28011199831962585
0.13812799751758575
0.2911350131034851
0.13223299384117126
0.3021570146083832
0.12633800506591797
0.3009699881076813
0.13878099620342255
0.29978200793266296
0.1512250006198883
0.29859399795532227
0.16366800665855408
0.29740700125694275
0.17611199617385864
0.29621899127960205
0.18855500221252441
0.29503101110458374
0.20099900662899017
0.2938440144062042
0.21344199776649475
0.2926560044288635
0.2258860021829605
0.30017200112342834
0.2358739972114563
0.30768701434135437
0.24586200714111328
0.3152030110359192
0.25585100054740906
0.3227179944515228
0.26583901047706604
0.33023399114608765
0.27582699060440063
0.33774900436401367
0.2858150005340576
0.3452650010585785
0.2958039939403534
0.3527809977531433
0.3057920038700104
0.36071500182151794
0.29613301157951355
0.36864998936653137
0.28647398948669434
0.376583993434906
0.2768149971961975
0.38451799750328064
0.2671569883823395
0.39245301485061646
0.25749799609184265
0.4003869891166687
0.24783900380134583
0.4083220064640045
0.2381799966096878
0.41625601053237915
0.22852100431919098
0.4274959862232208
0.23399199545383453
0.4387350082397461
0.2394620031118393
0.449974000453949
0.24493299424648285
0.46121400594711304
0.2504029870033264
0.4724529981613159
0.25587400794029236
0.4836919903755188
0.2613449990749359
0.49493199586868286
0.2668150067329407
0.5061709880828857
0.27228599786758423
0.5185509920120239
0.2740130126476288
0.5309309959411621
0.27574101090431213
0.5433109998703003
0.2774679958820343
0.5556910037994385
0.27919501066207886
0.5680710077285767
0.2809230089187622
0.5804510116577148
0.2826499938964844
0.592831015586853
0.28437700867652893
0.6052110195159912
0.2861050069332123
0.6143450140953064
0.2775700092315674
0.6234779953956604
0.2690359950065613
0.6326109766960144
0.26050201058387756
0.6417440176010132
0.25196701288223267
0.6508769989013672
0.24343299865722656
0.6600099802017212
0.23489800095558167
0.66914302110672
0.22636400163173676
0.678276002407074
0.21783000230789185
0.6907529830932617
0.2170639932155609
0.7032300233840942
0.21629799902439117
0.7157059907913208
0.21553300321102142
0.7281829714775085
0.2147669941186905
0.7406589984893799
0.21400199830532074
0.7531359791755676
0.213236004114151
0.765612006187439
0.21247099339962006
0.7780889868736267
0.21170499920845032
0.7830479741096497
0.20023100078105927
0.7880070209503174
0.1887570023536682
0.7929660081863403
0.17728300392627716
0.7979249954223633
0.16580800712108612
0.8028849959373474
0.15433399379253387
0.8078439831733704
0.14285999536514282
0.8128029704093933
0.13138599693775177
0.817762017250061
0.11991199851036072
0.8163660168647766
0.10888300091028214
0.814969003200531
0.09785500168800354
0.8135719895362854
0.08682669699192047
