0.8305670022964478
0.6798400282859802
0.8429960012435913
0.6785100102424622
0.8554250001907349
0.6771799921989441
0.8678539991378784
0.675849974155426
0.880282998085022
0.6745210289955139
0.8927119970321655
0.6731910109519958
0.9051409959793091
0.6718609929084778
0.9175699949264526
0.6705319881439209
0.9300000071525574
0.6692020297050476
0.9215760231018066
0.6599670052528381
0.9131519794464111
0.6507319808006287
0.9047279953956604
0.641497015953064
0.8963040113449097
0.6322619915008545
0.8878800272941589
0.6230270266532898
0.8794559836387634
0.6137920022010803
0.8710319995880127
0.6045560240745544
0.862608015537262
0.595320999622345
0.853314995765686
0.5869609713554382
0.8440229892730713
0.5785999894142151
0.8347300291061401
0.5702390074729919
0.8254380226135254
0.5618789792060852
0.8161450028419495
0.5535179972648621
0.8068529963493347
0.5451580286026001
0.7975599765777588
0.5367969870567322
0.7882680296897888
0.528436005115509
0.7768070101737976
0.5234460234642029
0.7653459906578064
0.5184569954872131
0.7538849711418152
0.513467013835907
0.7424250245094299
0.508476972579956
0.7309640049934387
0.5034869909286499
0.7195029854774475
0.49849700927734375
0.7080420255661011
0.4935069978237152
0.6965810060501099
0.48851698637008667
0.6858699917793274
0.48207399249076843
0.6751589775085449
0.475629985332489
0.6644480228424072
0.469186007976532
0.6537370085716248
0.46274301409721375
0.6430249810218811
0.4562990069389343
0.6323140263557434
0.4498549997806549
0.6216030120849609
0.4434109926223755
0.6108919978141785
0.43696799874305725
0.5983970165252686
0.4373230040073395
0.5859019756317139
0.4376780092716217
0.573406994342804
0.43803301453590393
0.560912013053894
0.43838798999786377
0.5484169721603394
0.438742995262146
0.5359219908714294
0.4390980005264282
0.5234270095825195
0.43945300579071045
0.5109320282936096
0.4398080110549927
0.4986740052700043
0.44225698709487915
0.4864169955253601
0.444705992937088
0.47415900230407715
0.4471539855003357
0.4619010090827942
0.44960299134254456
0.44964298605918884
0.4520510137081146
0.4373849928379059
0.4544999897480011
0.4251269996166229
0.45694801211357117
0.41286998987197876
0.45939698815345764
0.40678301453590393
0.4484789967536926
0.4006969928741455
0.43755999207496643
0.3946110010147095
0.4266420006752014
0.38852500915527344
0.4157240092754364
0.382438987493515
0.404805988073349
0.376352995634079
0.3938870131969452
0.37026700377464294
0.3829689919948578
0.3641810119152069
0.3720510005950928
0.35974499583244324
0.36036399006843567
0.35530799627304077
0.34867799282073975
0.3508720099925995
0.3369919955730438
0.3464359939098358
0.3253050148487091
0.34200000762939453
0.3136189877986908
0.33756399154663086
0.3019320070743561
0.3331280052661896
0.29024600982666016
0.3286919891834259
0.27856001257896423
0.31909701228141785
0.2705479860305786
0.3095020055770874
0.26253700256347656
0.29990699887275696
0.25452500581741333
0.2903110086917877
0.24651400744915009
0.2807160019874573
0.23850199580192566
0.27112099528312683
0.23049099743366241
0.2615259885787964
0.22247900068759918
0.25193101167678833
0.21446800231933594
0.24202899634838104
0.2220969945192337
0.23212799429893494
0.22972699999809265
0.22222599387168884
0.2373560070991516
0.21232399344444275
0.24498499929904938
0.20242199301719666
0.2526150047779083
0.19252100586891174
0.2602440118789673
0.18261900544166565
0.26787298917770386
0.17271700501441956
0.2755019962787628
0.16937699913978577
0.2875480055809021
0.16603699326515198
0.2995930016040802
0.16269700229167938
0.3116390109062195
0.1593569964170456
0.3236840069293976
0.156017005443573
0.3357299864292145
0.1526769995689392
0.34777501225471497
0.14933699369430542
0.35982099175453186
0.14599600434303284
0.37186598777770996
0.14996400475502014
0.3812499940395355
0.15393200516700745
0.3906340003013611
