0.33722299337387085
0.8378649950027466
0.3382149934768677
0.8254039883613586
0.3392069935798645
0.8129439949989319
0.34019801020622253
0.800482988357544
0.34119001030921936
0.788021981716156
0.342180997133255
0.7755619883537292
0.34317299723625183
0.7631009817123413
0.34416499733924866
0.7506409883499146
0.3451560139656067
0.7381799817085266
0.33267301321029663
0.7388190031051636
0.3201889991760254
0.7394580245018005
0.30770498514175415
0.7400969862937927
0.2952220141887665
0.7407360076904297
0.28273800015449524
0.7413750290870667
0.270253986120224
0.74201500415802
0.25777098536491394
0.742654025554657
0.2452870011329651
0.7432929873466492
0.2420089989900589
0.7312300205230713
0.2387319952249527
0.7191669940948486
0.2354539930820465
0.7071049809455872
0.2321760058403015
0.6950420141220093
0.2288990020751953
0.6829800009727478
0.22562099993228912
0.6709169745445251
0.22234299778938293
0.6588540077209473
0.21906599402427673
0.6467919945716858
0.23114100098609924
0.6435620188713074
0.24321700632572174
0.6403329968452454
0.25529301166534424
0.6371030211448669
0.26736798882484436
0.6338739991188049
0.27944400906562805
0.6306440234184265
0.2915189862251282
0.6274150013923645
0.30359500646591187
0.6241850256919861
0.31567099690437317
0.6209560036659241
0.311693012714386
0.6091060042381287
0.30771398544311523
0.5972549915313721
0.30373600125312805
0.5854049921035767
0.2997579872608185
0.5735549926757812
0.2957800030708313
0.5617049932479858
0.29180198907852173
0.5498549938201904
0.28782400488853455
0.538004994392395
0.283845990896225
0.5261549949645996
0.2910189926624298
0.5159170031547546
0.29819101095199585
0.5056800246238708
0.3053640127182007
0.4954429864883423
0.31253600120544434
0.4852049946784973
0.31970900297164917
0.47496798634529114
0.326882004737854
0.46473100781440735
0.33405399322509766
0.45449298620224
0.3412269949913025
0.4442560076713562
0.3487809896469116
0.43429699540138245
0.35633501410484314
0.4243369996547699
0.36388900876045227
0.41437798738479614
0.3714430034160614
0.4044190049171448
0.37899699807167053
0.394459992647171
0.38655099272727966
0.38450101017951965
0.39410600066185
0.3745419979095459
0.4016599953174591
0.36458200216293335
0.4084779918193817
0.35269901156425476
0.4152959883213043
0.3408159911632538
0.4221140146255493
0.3289330005645752
0.4289320111274719
0.3170500099658966
0.4357509911060333
0.30516600608825684
0.44256898760795593
0.29328298568725586
