0.5642759799957275
0.6162999868392944
0.5588639974594116
0.6275680065155029
0.5534530282020569
0.6388360261917114
0.5480409860610962
0.6501039862632751
0.5426290035247803
0.6613720059394836
0.5372179746627808
0.6726400256156921
0.5318059921264648
0.6839069724082947
0.5263950228691101
0.6951749920845032
0.5209829807281494
0.7064430117607117
0.5171869993209839
0.7183529734611511
0.5133900046348572
0.7302619814872742
0.5095930099487305
0.7421709895133972
0.5057960152626038
0.7540810108184814
0.5019999742507935
0.7659900188446045
0.49820300936698914
0.777899980545044
0.4944060146808624
0.789808988571167
0.49060899019241333
0.8017190098762512
