0.12005200237035751
0.6813459992408752
0.11623799800872803
0.6932500004768372
0.11242499947547913
0.7051540017127991
0.10861100256443024
0.717058002948761
0.10479699820280075
0.7289620041847229
0.10098300129175186
0.7408660054206848
0.09716950356960297
0.7527700066566467
0.0933557003736496
0.7646740078926086
0.08954189717769623
0.7765780091285706
0.09572330117225647
0.7874429821968079
0.10190500319004059
0.7983070015907288
0.108085997402668
0.8091719746589661
0.11426699906587601
0.8200370073318481
0.12044800072908401
0.8309019804000854
0.1266299933195114
0.8417659997940063
0.13281099498271942
0.8526309728622437
0.13899199664592743
0.8634960055351257
0.15029999613761902
0.8688250184059143
0.16160699725151062
0.8741530179977417
0.17291399836540222
0.8794819712638855
0.18422099947929382
0.8848109841346741
0.19552800059318542
0.8901399970054626
0.20683600008487701
0.8954690098762512
0.21814300119876862
0.9007980227470398
0.22945000231266022
0.9061269760131836
0.24158599972724915
0.903132975101471
0.25372201204299927
0.9001380205154419
0.265857994556427
0.8971440196037292
0.2779940068721771
0.8941500186920166
0.29012998938560486
0.8911550045013428
0.302266001701355
0.8881610035896301
0.3144020140171051
0.8851670026779175
0.32653799653053284
0.8821719884872437
0.31889501214027405
0.8925120234489441
0.3112510144710541
0.9028519988059998
0.3036080002784729
0.9131919741630554
0.29596400260925293
0.9235320091247559
