0.682112991809845
0.2547299861907959
0.6827719807624817
0.26721298694610596
0.683430016040802
0.2796950042247772
0.6840890049934387
0.2921780049800873
0.6847479939460754
0.30465999245643616
0.6854069828987122
0.3171429932117462
0.6860659718513489
0.3296259939670563
0.6867250204086304
0.34210801124572754
0.6873840093612671
0.3545910120010376
0.6888819932937622
0.3670009970664978
0.6903809905052185
0.3794110119342804
0.6918799877166748
0.3918200135231018
0.6933789849281311
0.404229998588562
0.694877028465271
0.4166400134563446
0.6963760256767273
0.4290499985218048
0.6978750228881836
0.4414600133895874
0.6993730068206787
0.4538699984550476
0.7023460268974304
0.4660109877586365
0.7053189873695374
0.47815200686454773
0.7082920074462891
0.4902940094470978
0.7112650275230408
0.502435028553009
0.7142379879951477
0.5145760178565979
0.7172110080718994
0.5267170071601868
0.7201840281486511
0.5388590097427368
0.7231569886207581
0.5509999990463257
0.7300419807434082
0.5614330172538757
0.7369269728660583
0.571865975856781
0.7438120245933533
0.582298994064331
0.7506970167160034
0.5927320122718811
0.7575820088386536
0.6031649708747864
0.7644670009613037
0.6135979890823364
0.7713519930839539
0.6240310072898865
0.778236985206604
0.6344640254974365
0.7902759909629822
0.6378250122070312
0.8023160099983215
0.6411870121955872
0.8143550157546997
0.6445479989051819
0.8263949751853943
0.6479099988937378
0.8384349942207336
0.6512709856033325
0.8504739999771118
0.6546319723129272
0.8625140190124512
0.6579939723014832
0.8745530247688293
0.6613550186157227
0.8768090009689331
0.6736500263214111
0.8790649771690369
0.6859449744224548
0.8813210129737854
0.6982390284538269
0.8835769891738892
0.7105339765548706
0.8858330249786377
0.7228289842605591
0.8880900144577026
0.7351239919662476
0.8903459906578064
0.7474179863929749
0.8926020264625549
0.7597129940986633
0.8830959796905518
0.767831027507782
0.8735910058021545
0.7759479880332947
0.8640850186347961
0.7840660214424133
0.8545799851417542
0.7921839952468872
0.8450750112533569
0.8003020286560059
0.8355690240859985
0.8084189891815186
0.8260639905929565
0.8165370225906372
0.8165580034255981
0.8246549963951111
0.8189780116081238
0.8369179964065552
0.8213970065116882
0.8491820096969604
0.8238170146942139
0.8614460229873657
0.8262360095977783
0.8737090229988098
0.828656017780304
0.8859729766845703
0.8310750126838684
0.8982359766960144
0.833495020866394
0.9104999899864197
0.8359140157699585
0.922764003276825
0.8462110161781311
0.9135869741439819
0.8565080165863037
0.9044110178947449
0.8668050169944763
0.895235002040863
0.8771010041236877
0.88605797290802
0.8873980045318604
0.876882016658783
