0.06606029719114304
0.7580440044403076
0.06396400183439255
0.7457209825515747
0.06186769902706146
0.7333980202674866
0.059771399945020676
0.7210760116577148
0.05767510086297989
0.7087529897689819
0.055578701198101044
0.6964300274848938
0.05348239839076996
0.6841070055961609
0.05138609930872917
0.671783983707428
0.049289800226688385
0.6594610214233398
0.04897560179233551
0.6469650268554688
0.048661500215530396
0.6344689726829529
0.04834730178117752
0.6219729781150818
0.048033200204372406
0.6094759702682495
0.04771900177001953
0.5969799757003784
0.047404900193214417
0.5844839811325073
0.04709070175886154
0.5719879865646362
0.04677660018205643
0.5594919919967651
0.05459529906511307
0.5497390031814575
0.06241400167346001
0.5399870276451111
0.07023269683122635
0.5302339792251587
0.07805140316486359
0.5204809904098511
0.08587010204792023
0.5107280015945435
0.09368880093097687
0.5009750127792358
0.1015079990029335
0.49122199416160583
0.10932599753141403
0.481469988822937
0.10173500329256058
0.4715389907360077
0.09414289891719818
0.46160799264907837
0.08655119687318802
0.45167800784111023
0.07895959913730621
0.4417470097541809
0.07136789709329605
0.4318169951438904
0.06377620249986649
0.42188599705696106
0.05618450045585632
0.4119560122489929
0.04859289899468422
0.4020250141620636
0.051745399832725525
0.38992899656295776
0.05489780008792877
0.3778330087661743
0.05805030092597008
0.3657369911670685
0.06120280176401138
0.35364100337028503
0.06435529887676239
0.3415449857711792
0.067507803440094
0.32944899797439575
0.070660300552845
0.3173530101776123
0.07381270080804825
0.30525699257850647
0.07925979793071747
0.29400700330734253
0.08470679819583893
0.2827560007572174
0.09015379846096039
0.2715049982070923
0.09560079872608185
0.26025399565696716
0.10104800015687943
0.24900400638580322
0.10649500042200089
0.2377530038356781
0.11194200068712234
0.22650200128555298
0.1173890009522438
0.21525099873542786
0.1273999959230423
0.20776599645614624
0.1374109983444214
0.20028099417686462
0.14742200076580048
0.19279499351978302
0.15743300318717957
0.1853100061416626
0.16744400560855865
0.17782500386238098
0.17745499312877655
0.17033900320529938
0.18746599555015564
0.16285400092601776
0.19747699797153473
0.15536899864673615
0.209430992603302
0.15902400016784668
0.22138400375843048
0.16267900168895721
0.23333799839019775
0.16633500158786774
0.24529199302196503
0.16999000310897827
0.2572450041770935
0.1736450046300888
0.269199013710022
0.17730100452899933
0.28115200996398926
0.18095600605010986
0.29310598969459534
0.1846109926700592
0.3010939955711365
0.1942259967327118
0.3090820014476776
0.2038400024175644
0.31707000732421875
0.21345500648021698
0.3250589966773987
0.2230689972639084
0.3330470025539398
0.23268400132656097
0.34103500843048096
0.24229800701141357
0.3490230143070221
0.25191301107406616
0.35701099038124084
0.26152700185775757
0.36383599042892456
0.2510550022125244
0.3706609904766083
0.24058300256729126
0.377485990524292
0.23011000454425812
0.3843109905719757
0.21963800489902496
0.3911359906196594
0.2091660052537918
0.39796099066734314
0.19869300723075867
0.40478599071502686
0.18822099268436432
0.41161099076271057
0.17774899303913116
0.42314600944519043
0.18256500363349915
0.4346800148487091
0.18738199770450592
0.4462150037288666
0.1921990066766739
0.45774999260902405
0.19701500236988068
0.4692850112915039
0.20183199644088745
0.4808189868927002
0.20664800703525543
0.49235400557518005
0.2114650011062622
0.5038890242576599
0.21628199517726898
0.5160049796104431
0.2132059931755066
0.5281199812889099
0.2101300060749054
0.5402359962463379
0.207054004073143
0.5523509979248047
0.20397800207138062
0.5644670128822327
0.20090200006961823
0.5765830278396606
0.19782599806785583
0.5886980295181274
0.19474899768829346
0.6008139848709106
0.19167299568653107
0.6121299862861633
0.18727800250053406
0.6234449744224548
0.18288299441337585
