0.06777119636535645
0.4381609857082367
0.07255320250988007
0.44971001148223877
0.07733509689569473
0.46125999093055725
0.08211710304021835
0.47280898690223694
0.08689899742603302
0.484358012676239
0.09168100357055664
0.4959070086479187
0.09646289795637131
0.5074560046195984
0.10124500095844269
0.5190050005912781
0.10602699965238571
0.5305539965629578
0.11707799881696701
0.5363950133323669
0.1281300038099289
0.5422359704971313
0.13918200135231018
0.5480759739875793
0.15023300051689148
0.5539169907569885
0.16128499805927277
0.5597569942474365
0.17233599722385406
0.5655980110168457
0.18338799476623535
0.5714380145072937
0.19444000720977783
0.5772789716720581
0.1940629929304123
0.5897729992866516
0.19368599355220795
0.6022679805755615
0.1933099925518036
0.614762008190155
0.19293299317359924
0.6272559762001038
0.1925559937953949
0.6397510170936584
0.19217999279499054
0.6522449851036072
0.1918029934167862
0.6647390127182007
0.19142599403858185
0.6772339940071106
0.18601000308990479
0.6884989738464355
0.18059299886226654
0.6997640132904053
0.1751759946346283
0.7110300064086914
0.16976000368595123
0.7222949862480164
0.164342999458313
0.7335609793663025
0.15892699360847473
0.7448260188102722
0.15351000428199768
0.7560920119285583
0.14809300005435944
0.7673569917678833
0.15805800259113312
0.773652970790863
0.1680220067501068
0.7799490094184875
0.1779859960079193
0.7862439751625061
