0.2676610052585602
0.22734500467777252
0.2798190116882324
0.2302509993314743
0.2919760048389435
0.2331559956073761
0.3041340112686157
0.23606200516223907
0.3162919878959656
0.23896700143814087
0.328449010848999
0.24187199771404266
0.3406069874763489
0.24477800726890564
0.3527649939060211
0.24768300354480743
0.3649219870567322
0.2505890130996704
0.37665700912475586
0.2462809979915619
0.38839098811149597
0.24197399616241455
0.40012601017951965
0.2376669943332672
0.41185998916625977
0.23336000740528107
0.42359501123428345
0.22905300557613373
0.43532899022102356
0.2247450053691864
0.44706401228904724
0.22043800354003906
0.45879799127578735
0.21613100171089172
0.4706850051879883
0.21999900043010712
0.482571005821228
0.2238669991493225
0.4944570064544678
0.2277349978685379
0.5063440203666687
0.23160399496555328
0.5182300209999084
0.23547199368476868
0.5301169753074646
0.23934000730514526
0.5420029759407043
0.24320800602436066
0.5538899898529053
0.24707600474357605
0.5663830041885376
0.2474920004606247
0.5788760185241699
0.24790799617767334
0.5913689732551575
0.24832500517368317
0.6038619875907898
0.2487410008907318
0.6163550019264221
0.24915699660778046
0.6288480162620544
0.2495730072259903
0.641340970993042
0.24998900294303894
0.6538339853286743
0.2504050135612488
0.6645969748497009
0.24404899775981903
0.6753609776496887
0.23769299685955048
0.6861240267753601
0.23133699595928192
0.6968870162963867
0.22497999668121338
0.7076510190963745
0.21862399578094482
0.7184140086174011
0.21226799488067627
0.7291769981384277
0.20591199398040771
0.7399410009384155
0.19955599308013916
0.7352669835090637
0.18680299818515778
0.7305920124053955
0.17405100166797638
0.7259179949760437
0.16129900515079498
0.7212439775466919
0.1485459953546524
