0.32636600732803345
0.7234939932823181
0.3235040009021759
0.7356619834899902
0.32064199447631836
0.7478299736976624
0.317779004573822
0.7599980235099792
0.3149169981479645
0.7721660137176514
0.31205499172210693
0.7843340039253235
0.3091920018196106
0.7965009808540344
0.30632999539375305
0.8086689710617065
0.3034679889678955
0.8208370208740234
0.2966650128364563
0.83228600025177
0.2898620069026947
0.8437340259552002
0.2830590009689331
0.8551830053329468
0.2762559950351715
0.8666309714317322
0.2694529891014099
0.8780800104141235
0.2626500129699707
0.8895279765129089
