0.47613099217414856
0.22673100233078003
0.4775019884109497
0.23915599286556244
0.47887200117111206
0.25157999992370605
0.4802420139312744
0.26400500535964966
0.4816119968891144
0.27643001079559326
0.48298200964927673
0.2888540029525757
0.4843519926071167
0.3012790083885193
0.48572200536727905
0.3137040138244629
0.487091988325119
0.3261289894580841
0.49766799807548523
0.33218199014663696
0.5082430243492126
0.338236004114151
0.5188189744949341
0.34428998827934265
0.5293939709663391
0.3503429889678955
0.5399699807167053
0.35639700293540955
0.5505449771881104
0.3624509871006012
