0.8164719939231873
0.8420789837837219
0.8249930143356323
0.8512240052223206
0.8335139751434326
0.8603699803352356
0.8420360088348389
0.8695150017738342
0.8505570292472839
0.8786609768867493
0.8590779900550842
0.8878059983253479
0.8675990104675293
0.8969519734382629
0.8761199712753296
0.9060969948768616
0.8846409916877747
0.9152430295944214
0.89444500207901
0.9077939987182617
0.9042479991912842
0.9003459811210632
0.9140520095825195
0.8928980231285095
0.9238550066947937
0.8854489922523499
0.9336580038070679
0.8780009746551514
