0.5195549726486206
0.2875179946422577
0.5075989961624146
0.29116499423980713
0.4956429898738861
0.29481199383735657
0.48368701338768005
0.298458993434906
0.4717310070991516
0.3021070063114166
0.45977500081062317
0.30575400590896606
0.4478189945220947
0.3094010055065155
0.4358629882335663
0.31304898858070374
0.42390701174736023
0.3166959881782532
0.42092400789260864
0.3029089868068695
0.41794198751449585
0.28912100195884705
0.41495901346206665
0.2753340005874634
0.41197699308395386
0.2615469992160797
0.40899398922920227
0.24775899946689606
0.40601199865341187
0.2339719980955124
