0.6161289811134338
0.8256130218505859
0.6036810278892517
0.8244689702987671
0.591234028339386
0.8233240246772766
0.5787860155105591
0.8221799731254578
0.5663390159606934
0.8210350275039673
0.5538910031318665
0.8198909759521484
0.5414440035820007
0.8187459707260132
0.5289959907531738
0.8176019787788391
0.5165489912033081
0.8164569735527039
0.5106629729270935
0.805429995059967
0.5047770142555237
0.794402003288269
0.49889200925827026
0.7833750247955322
0.49300599098205566
0.7723469734191895
0.48712000250816345
0.7613189816474915
0.48123499751091003
0.7502920031547546
0.4753490090370178
0.7392640113830566
0.4694629907608032
0.7282360196113586
0.45721501111984253
0.7307329773902893
0.44496700167655945
0.7332299947738647
0.43271899223327637
0.7357270121574402
0.4204710125923157
0.7382230162620544
0.4082219898700714
0.7407199740409851
0.3959740102291107
0.7432169914245605
0.38372600078582764
0.7457129955291748
0.37147799134254456
0.7482100129127502
0.3612689971923828
0.7554219961166382
0.3510589897632599
0.7626339793205261
0.34084999561309814
0.7698469758033752
0.3306399881839752
0.777059018611908
0.3204309940338135
0.7842710018157959
0.31022098660469055
0.7914829850196838
0.30001100897789
0.7986950278282166
0.28980201482772827
0.8059080243110657
