0.1819559931755066
0.45447099208831787
0.1855269968509674
0.4424920082092285
0.18909800052642822
0.430512011051178
0.19266900420188904
0.41853299736976624
0.19623999297618866
0.4065540134906769
0.19981099665164948
0.39457499980926514
0.2033820003271103
0.3825959861278534
0.2069530040025711
0.37061700224876404
0.21052399277687073
0.3586379885673523
0.22103500366210938
0.3518730103969574
0.23154599964618683
0.34510698914527893
0.24205699563026428
0.33834201097488403
0.25256800651550293
0.33157598972320557
0.2630780041217804
0.32481101155281067
0.27358898520469666
0.3180449903011322
0.2840999960899353
0.3112800121307373
0.29461100697517395
0.30451399087905884
0.30170199275016785
0.29422101378440857
0.3087939918041229
0.28392699360847473
0.3158850073814392
0.2736330032348633
0.3229759931564331
0.26333901286125183
0.3300670087337494
0.253044992685318
0.33715900778770447
0.24275100231170654
0.34424999356269836
0.2324569970369339
0.35134100914001465
0.22216300666332245
0.3448370099067688
0.2114890068769455
0.33833199739456177
0.20081500709056854
0.3318279981613159
0.1901399940252304
0.3253229856491089
0.17946599423885345
0.31881898641586304
0.1687919944524765
0.3123140037059784
0.15811699628829956
0.30581000447273254
0.1474429965019226
0.2993049919605255
0.13676899671554565
0.30510398745536804
0.12569500505924225
0.31090301275253296
0.11462199687957764
0.3167020082473755
0.10354799777269363
0.322501003742218
0.09247469902038574
0.32829999923706055
0.08140130341053009
0.3340989947319031
0.07032780349254608
0.3398979902267456
0.05925440043210983
0.3456979990005493
0.04818100109696388
0.3581109941005707
0.046716801822185516
0.3705250024795532
0.04525269940495491
0.38293901085853577
0.043788500130176544
0.3953529894351959
0.04232440143823624
0.40776699781417847
0.04086019843816757
0.420181006193161
0.039396099746227264
0.43259501457214355
0.0379319004714489
0.4450089931488037
0.03646780177950859
0.4464620053768158
0.0488830991089344
0.4479140043258667
0.06129840016365051
0.4493669867515564
0.07371369749307632
0.4508199989795685
0.08612900227308273
0.4522719979286194
0.09854429960250854
0.45372501015663147
0.11095999926328659
0.45517799258232117
0.12337499856948853
0.45662999153137207
0.13579000532627106
0.4596869945526123
0.14791099727153778
0.46274301409721375
0.1600310057401657
0.4657999873161316
0.17215199768543243
0.46885600686073303
0.18427200615406036
0.47191300988197327
0.1963929980993271
0.4749689996242523
0.208514004945755
0.47802600264549255
0.22063399851322174
0.4810819923877716
0.23275500535964966
0.4847710132598877
0.24469800293445587
0.4884589910507202
0.2566410005092621
0.4921480119228363
0.2685849964618683
0.49583700299263
0.2805280089378357
0.4995250105857849
0.2924720048904419
0.5032140016555786
0.3044149875640869
0.5069029927253723
0.3163580000400543
0.5105909705162048
0.3283019959926605
0.5169320106506348
0.3390739858150482
0.5232719779014587
0.3498469889163971
0.5296130180358887
0.3606190085411072
0.5359539985656738
0.37139201164245605
0.5422940254211426
0.38216400146484375
0.5486350059509277
0.3929370045661926
0.5549749732017517
0.4037089943885803
0.5613160133361816
0.4144819974899292
0.5685840249061584
0.42465201020240784
0.5758519768714905
0.4348219931125641
0.5831199884414673
0.44499099254608154
0.5903880000114441
0.4551610052585602
0.5976549983024597
0.46533098816871643
0.6049230098724365
0.47550100088119507
0.6121910214424133
0.4856710135936737
0.6194589734077454
0.49584099650382996
0.6269829869270325
0.505823016166687
0.6345070004463196
0.5158050060272217
0.6420310139656067
0.5257869958877563
0.6495550274848938
0.535768985748291
0.6570789813995361
0.5457509756088257
0.6646029949188232
0.5557330250740051
0.6721270084381104
0.5657150149345398
0.6796510219573975
0.5756970047950745
0.6883990168571472
0.5846250057220459
0.6971480250358582
0.5935530066490173
0.7058969736099243
0.60248202085495
0.7146450281143188
0.6114100217819214
0.723393976688385
0.6203380227088928
0.7321419715881348
0.6292660236358643
0.7408909797668457
0.6381940245628357
0.7496399879455566
0.6471220254898071
0.7540900111198425
0.6588029861450195
0.7585409879684448
0.6704840064048767
0.7629920244216919
0.6821650266647339
0.767441987991333
0.6938459873199463
0.7718930244445801
0.7055259943008423
0.7763440012931824
0.7172070145606995
0.7807949781417847
0.7288879752159119
0.7852450013160706
0.740568995475769
0.798213005065918
0.737870991230011
0.8111820220947266
0.7351729869842529
0.824150025844574
0.7324749827384949
0.8371180295944214
0.7297769784927368
0.850085973739624
0.7270789742469788
