0.07027050107717514
0.3642210066318512
0.0817520022392273
0.36916300654411316
0.09323339909315109
0.3741050064563751
0.10471499711275101
0.3790479898452759
0.11619599908590317
0.38398998975753784
0.1276780068874359
0.3889319896697998
0.13915899395942688
0.39387398958206177
0.15064099431037903
0.3988170027732849
0.1621219962835312
0.4037590026855469
0.1592710018157959
0.41592898964881897
0.15641899406909943
0.42809998989105225
0.15356799960136414
0.44027000665664673
0.15071600675582886
0.45244100689888
0.14786499738693237
0.4646109938621521
0.1450130045413971
0.4767810106277466
0.1421619951725006
0.48895201086997986
0.13931000232696533
0.501121997833252
0.13648700714111328
0.5132989883422852
0.13366399705410004
0.5254759788513184
0.13084100186824799
0.5376530289649963
0.12801900506019592
0.5498300194740295
0.12519599497318268
0.5620080232620239
0.12237299978733063
0.5741850137710571
0.11954999715089798
0.5863620042800903
0.11672700196504593
0.5985389947891235
0.12657900154590607
0.6062309741973877
0.1364320069551468
0.6139240264892578
0.14628499746322632
0.6216170191764832
0.15613700449466705
0.6293089985847473
0.16598999500274658
0.6370019912719727
0.17584200203418732
0.644694983959198
0.18569500744342804
0.6523870229721069
0.19554699957370758
0.6600800156593323
0.20143599808216095
0.6711059808731079
0.20732499659061432
0.6821320056915283
0.2132139950990677
0.693157970905304
0.21910299360752106
0.7041839957237244
0.22499200701713562
0.7152100205421448
0.230881005525589
0.7262359857559204
0.23676900565624237
0.7372620105743408
0.24265800416469574
0.7482879757881165
0.24246400594711304
0.7352799773216248
0.24227100610733032
0.7222729921340942
0.24207699298858643
0.7092649936676025
