0.7745770215988159
0.057086799293756485
0.7756869792938232
0.06953740119934082
0.7767969965934753
0.08198799937963486
0.7779070138931274
0.0944385975599289
0.7790169715881348
0.10688900202512741
0.7801269888877869
0.11934000253677368
0.781237006187439
0.13178999722003937
0.7823479771614075
0.14424100518226624
0.7834579944610596
0.1566919982433319
0.7849839925765991
0.16909800469875336
0.7865099906921387
0.1815049946308136
0.7880359888076782
0.19391100108623505
0.7895619869232178
0.20631800591945648
0.7910889983177185
0.21872399747371674
0.7926149964332581
0.23113100230693817
0.7941409945487976
0.24353699386119843
0.7956669926643372
0.25594401359558105
0.8077170252799988
0.25024598836898804
0.8197680115699768
0.2445479929447174
