0.3153589963912964
0.6537479758262634
0.3118300139904022
0.641755998134613
0.30830100178718567
0.629764974117279
0.3047719895839691
0.6177740097045898
0.30124300718307495
0.6057819724082947
0.2977139949798584
0.5937910079956055
0.29418501257896423
0.5817989706993103
0.2906560003757477
0.5698080062866211
0.28712698817253113
0.5578160285949707
0.2824069857597351
0.5462409853935242
0.27768799662590027
0.5346660017967224
0.27296900749206543
0.5230910181999207
0.2682490050792694
0.5115159749984741
0.2635299861431122
0.49994200468063354
0.25881099700927734
0.4883669912815094
0.2540920078754425
0.47679200768470764
0.24937200546264648
0.4652169942855835
0.2537580132484436
0.4535120129585266
0.25814399123191833
0.44180598855018616
0.26252999901771545
0.4301010072231293
0.2669160068035126
0.41839599609375
0.2713020145893097
0.40669000148773193
0.2756879925727844
0.39498499035835266
0.28007298707962036
0.3832800090312958
0.2844589948654175
0.3715740144252777
0.29575398564338684
0.36621901392936707
0.3070479929447174
0.36086300015449524
0.31834301352500916
0.3555069863796234
0.32963699102401733
0.350151002407074
0.3409320116043091
0.34479498863220215
0.35222598910331726
0.3394390046596527
0.3635199964046478
0.3340829908847809
0.3748149871826172
0.32872700691223145
0.38648301362991333
0.3242430090904236
0.3981510102748871
0.3197590112686157
0.40981900691986084
0.31527501344680786
0.4214870035648346
0.3107909858226776
0.43315500020980835
0.30630698800086975
0.4448229968547821
0.3018229901790619
0.45649099349975586
0.29733800888061523
0.4681589901447296
0.2928540110588074
0.4702860116958618
0.30517199635505676
0.47241300344467163
0.31749001145362854
0.47453999519348145
0.32980701327323914
0.47666698694229126
0.3421249985694885
0.47879499197006226
0.3544430136680603
0.48092201352119446
0.3667599856853485
0.4830490052700043
0.3790780007839203
0.4851759970188141
0.3913959860801697
0.4742879867553711
0.3841319978237152
0.4634009897708893
0.37686800956726074
