0.6055229902267456
0.3613649904727936
0.6159060001373291
0.36832401156425476
0.6262900233268738
0.37528300285339355
0.6366739869117737
0.38224101066589355
0.6470580101013184
0.38920000195503235
0.6574419736862183
0.39615899324417114
0.6678259968757629
0.40311700105667114
0.6782100200653076
0.41007599234580994
0.6885939836502075
0.4170350134372711
0.6975870132446289
0.42571699619293213
0.7065790295600891
0.4343999922275543
0.7155709862709045
0.4430820047855377
0.7245640158653259
0.4517650008201599
0.7335559725761414
0.4604479968547821
0.7425479888916016
0.4691300094127655
0.751541018486023
0.4778130054473877
0.7605329751968384
0.4864949882030487
0.766851007938385
0.4972809851169586
0.7731689810752869
0.5080670118331909
0.7794870138168335
0.5188530087471008
0.7858049869537354
0.5296379923820496
0.792123019695282
0.5404239892959595
0.798442006111145
0.5512099862098694
0.8047599792480469
0.5619950294494629
0.8110780119895935
0.5727810263633728
0.8138710260391235
0.5849649906158447
0.81666499376297
0.5971490144729614
0.8194590210914612
0.6093329787254333
0.8222519755363464
0.62151700258255
0.8250460028648376
0.6337000131607056
0.8278390169143677
0.6458839774131775
0.8306329846382141
0.6580680012702942
0.8334270119667053
0.6702520251274109
0.8404430150985718
0.6774719953536987
0.8474590182304382
0.6846929788589478
