0.9369940161705017
0.18826599419116974
0.9293590188026428
0.1981630027294159
0.9217240214347839
0.20806099474430084
0.9140880107879639
0.217958003282547
0.906453013420105
0.22785499691963196
0.8988180160522461
0.2377520054578781
0.8911830186843872
0.24764899909496307
0.8835480213165283
0.257546991109848
0.8759130239486694
0.26744401454925537
0.8701930046081543
0.27855899930000305
0.8644739985466003
0.28967300057411194
0.8587549924850464
0.3007879853248596
0.8530359864234924
0.3119029998779297
0.8473160266876221
0.32301801443099976
0.8415970206260681
0.33413299918174744
0.8358780145645142
0.3452480137348175
0.8301590085029602
0.3563629984855652
0.8229020237922668
0.36654001474380493
0.8156449794769287
0.37671801447868347
0.8083869814872742
0.386896014213562
0.8011299967765808
0.39707300066947937
0.7938730120658875
0.4072510004043579
0.7866160273551941
0.41742900013923645
0.779358983039856
0.4276059865951538
0.7721019983291626
0.43778398633003235
0.7649840116500854
0.44805899262428284
0.7578650116920471
0.4583339989185333
0.7507460117340088
0.4686090052127838
0.7436270117759705
0.4788840115070343
0.7365090250968933
0.4891589879989624
0.729390025138855
0.4994330108165741
0.7222710251808167
0.5097079873085022
0.7151520252227783
0.5199829936027527
0.7039009928703308
0.5254290103912354
0.6926490068435669
0.5308740139007568
0.6813979744911194
0.5363190174102783
0.6701459884643555
0.5417640209197998
0.6588940024375916
0.5472099781036377
0.6476430296897888
0.5526549816131592
0.6363909840583801
0.5580999851226807
0.6251389980316162
0.5635460019111633
0.613910973072052
0.5690379738807678
0.6026819944381714
0.5745289921760559
0.5914530158042908
0.5800210237503052
0.5802239775657654
0.5855129957199097
0.5689949989318848
0.5910050272941589
0.5577660202980042
0.5964969992637634
0.5465369820594788
0.6019889712333679
0.5353080034255981
0.6074810028076172
0.5228509902954102
0.6085140109062195
0.5103930234909058
0.6095479726791382
0.4979360103607178
0.6105809807777405
0.4854789972305298
0.611615002155304
0.4730220139026642
0.6126480102539062
0.4605650007724762
0.613681972026825
0.4481070041656494
0.6147149801254272
0.4356499910354614
0.6157490015029907
0.4231559932231903
0.6161270141601562
0.4106619954109192
0.6165059804916382
0.3981670141220093
0.6168850064277649
0.38567298650741577
0.6172630190849304
0.37317898869514465
0.6176419854164124
0.36068499088287354
0.6180199980735779
0.3481900095939636
0.6183990240097046
0.3356960117816925
0.6187769770622253
0.32699498534202576
0.6277520060539246
0.3182930052280426
0.6367260217666626
0.30959200859069824
0.6456999778747559
0.3008910119533539
0.6546739935874939
0.29218900203704834
0.6636480093002319
0.283488005399704
0.6726229786872864
0.2747870087623596
0.6815969944000244
0.2660849988460541
0.6905710101127625
0.2571600079536438
0.6997770071029663
0.24823400378227234
0.7089830040931702
0.23930799961090088
0.7181879878044128
