0.17319099605083466
0.717960000038147
0.1808840036392212
0.7278130054473877
0.18857599794864655
0.7376649975776672
0.19626900553703308
0.747518002986908
0.20396199822425842
0.7573710083961487
0.21165400743484497
0.7672230005264282
0.2193470001220703
0.777076005935669
0.22703999280929565
0.7869279980659485
0.2347330003976822
0.7967810034751892
0.23886999487876892
0.8085759878158569
0.24300700426101685
0.8203719854354858
0.24714399874210358
0.8321670293807983
0.2512809932231903
0.8439630270004272
0.255418986082077
0.855758011341095
0.25955599546432495
0.8675540089607239
0.2636930048465729
0.8793489933013916
0.2678300142288208
0.8911439776420593
0.28016600012779236
0.8931630253791809
0.2925019860267639
0.8951820135116577
0.30483800172805786
0.8972010016441345
0.3171739876270294
0.8992199897766113
0.32951000332832336
0.9012389779090881
0.3418459892272949
0.9032580256462097
0.35418200492858887
0.9052770137786865
0.36651700735092163
0.9072960019111633
0.3527649939060211
0.9091050028800964
0.3390119969844818
0.9109140038490295
