0.8440279960632324
0.4521540105342865
0.8318589925765991
0.4550130069255829
0.8196899890899658
0.45787298679351807
0.8075219988822937
0.46073201298713684
0.7953529953956604
0.463591992855072
0.7831850051879883
0.4664509892463684
0.771016001701355
0.469310998916626
0.7588480114936829
0.47216999530792236
0.7466790080070496
0.47503000497817993
0.7343940138816833
0.4773379862308502
0.7221090197563171
0.4796459972858429
0.7098240256309509
0.48195400834083557
0.6975389719009399
0.48426198959350586
0.6852539777755737
0.48656898736953735
0.6729689836502075
0.48887699842453003
0.6606839895248413
0.4911850094795227
0.6483989953994751
0.493492990732193
0.6359109878540039
0.49404799938201904
0.6234229803085327
0.4946030080318451
0.6109349727630615
0.49515798687934875
0.5984479784965515
0.495712012052536
0.5859599709510803
0.4962669909000397
0.5734720230102539
0.4968219995498657
0.5609850287437439
0.4973770081996918
0.5484970211982727
0.49793100357055664
0.5362529754638672
0.5004469752311707
0.5240079760551453
0.5029619932174683
0.5117639899253845
0.5054770112037659
0.4995200037956238
0.5079929828643799
0.48727598786354065
0.5105080008506775
0.4750309884548187
0.5130239725112915
0.462787002325058
0.5155389904975891
0.45054298639297485
0.5180540084838867
0.43974998593330383
0.5243610143661499
0.428957998752594
0.5306680202484131
0.41816601157188416
0.5369750261306763
0.40737399458885193
0.5432819724082947
0.3965809941291809
0.5495889782905579
0.38578900694847107
0.555895984172821
0.37499698996543884
0.5622029900550842
0.364205002784729
0.5685099959373474
0.3534429967403412
0.5621510148048401
0.34268099069595337
0.555791974067688
0.33191999793052673
0.5494329929351807
0.3211579918861389
0.5430740118026733
0.3103959858417511
0.5367149710655212
0.29963499307632446
0.5303559899330139
0.28887298703193665
0.5239970088005066
0.2781110107898712
0.5176380276679993
0.27100399136543274
0.5279210209846497
0.26389798521995544
0.5382040143013
0.25679099559783936
0.5484870076179504
0.24968400597572327
0.558771014213562
0.24257700145244598
0.5690540075302124
0.2354699969291687
0.5793370008468628
0.2283640056848526
0.5896199941635132
0.22125700116157532
0.5999029874801636
0.21543000638484955
0.6109619736671448
0.20960299670696259
0.6220210194587708
0.20377600193023682
0.633080005645752
0.19794900715351105
0.6441389918327332
0.19212199747562408
0.655197024345398
0.1862960010766983
0.6662560105323792
0.18046900629997253
0.6773149967193604
0.17464199662208557
0.6883739829063416
0.16461600363254547
0.695838987827301
0.15458999574184418
0.7033039927482605
0.14456400275230408
0.71076899766922
0.13453799486160278
0.7182350158691406
0.12451200187206268
0.7257000207901001
0.11448600143194199
0.7331650257110596
0.10446000099182129
0.7406299710273743
0.09443379938602448
0.7480959892272949
0.1015309989452362
0.757752001285553
0.10862799733877182
0.7674090266227722
0.11572500318288803
0.7770649790763855
