0.8880320191383362
0.4659869968891144
0.875698983669281
0.46395498514175415
0.8633649945259094
0.4619219899177551
0.8510310053825378
0.4598900079727173
0.8386980295181274
0.45785701274871826
0.8263639807701111
0.45582500100135803
0.8140310049057007
0.453792005777359
0.8016970157623291
0.45175901055336
0.7893630266189575
0.44972699880599976
0.7768999934196472
0.4487679898738861
0.7644370198249817
0.44780901074409485
0.7519739866256714
0.4468500018119812
0.7395110130310059
0.44589099287986755
0.7270470261573792
0.4449320137500763
0.7145839929580688
0.44397398829460144
0.7021210193634033
0.4430150091648102
0.689657986164093
0.44205600023269653
0.6772369742393494
0.443462997674942
0.6648169755935669
0.4448699951171875
0.652396023273468
0.4462760090827942
0.6399760246276855
0.4476830065250397
0.6275550127029419
0.44909000396728516
0.6151340007781982
0.45049700140953064
0.6027140021324158
0.4519039988517761
0.5902929902076721
0.4533109962940216
0.5791379809379578
0.44767099618911743
0.567982017993927
0.44203200936317444
0.5568259954452515
0.43639299273490906
0.5456709861755371
0.4307529926300049
0.5345150232315063
0.4251140058040619
0.523360013961792
0.4194749891757965
0.5122039914131165
0.41383498907089233
0.5010480284690857
0.40819600224494934
0.5044010281562805
0.39615398645401
0.5077540278434753
0.38411200046539307
0.511106014251709
0.3720700144767761
0.5144590139389038
0.3600279986858368
0.5178110003471375
0.34798601269721985
0.5211640000343323
0.3359439969062805
0.5245159864425659
0.3239020109176636
0.5278689861297607
0.31185999512672424
0.5155140161514282
0.31376001238822937
0.5031589865684509
0.3156599998474121
0.4908050000667572
0.31755998730659485
0.4784500002861023
0.31946098804473877
0.4660950005054474
0.3213610053062439
0.4537400007247925
0.32326099276542664
0.44138601422309875
0.32516199350357056
0.42903101444244385
0.3270620107650757
0.4262459874153137
0.314875990152359
0.4234600067138672
0.3026899993419647
0.42067500948905945
0.29050499200820923
0.4178900122642517
0.27831900119781494
0.4151040017604828
0.26613301038742065
0.41231900453567505
0.25394800305366516
0.4095340073108673
0.24176199734210968
0.4067479968070984
0.2295760065317154
0.41448599100112915
0.2250010073184967
