0.8101750016212463
0.3559400141239166
0.7978159785270691
0.3578130006790161
0.7854570150375366
0.3596850037574768
0.7730979919433594
0.3615570068359375
0.7607390284538269
0.3634290099143982
0.7483800053596497
0.3653010129928589
0.7360209822654724
0.3671739995479584
0.7236620187759399
0.36904600262641907
0.7113029956817627
0.37091800570487976
0.699629008769989
0.37538599967956543
0.6879550218582153
0.3798539936542511
0.6762809753417969
0.38432198762893677
0.6646069884300232
0.3887909948825836
0.6529330015182495
0.3932589888572693
0.6412580013275146
0.39772701263427734
0.629584014415741
0.402195006608963
0.6179100275039673
0.4066630005836487
0.6062890291213989
0.4112679958343506
0.5946679711341858
0.4158729910850525
0.5830479860305786
0.4204779863357544
0.5714269876480103
0.4250830113887787
0.5598059892654419
0.4296880066394806
0.5481849908828735
0.4342930018901825
0.5365639925003052
0.4388979971408844
0.524944007396698
0.4435029923915863
0.5137969851493835
0.44916000962257385
0.5026500225067139
0.4548160135746002
0.4915030002593994
0.4604730010032654
0.48035600781440735
0.46612900495529175
0.4692089855670929
0.4717859923839569
0.45806199312210083
0.4774419963359833
0.44691500067710876
0.4830990135669708
0.4357680082321167
0.4887549877166748
0.4273270070552826
0.4979740083217621
0.4188849925994873
0.5071939826011658
0.4104439914226532
0.5164129734039307
0.4020029902458191
0.5256320238113403
0.393561989068985
0.5348520278930664
0.3851200044155121
0.5440710186958313
0.376679003238678
0.5532900094985962
0.36823800206184387
0.5625100135803223
0.3583259880542755
0.554893970489502
0.34841400384902954
0.5472779870033264
0.3385019898414612
0.5396620035171509
0.3285900056362152
0.5320460200309753
0.31867799162864685
0.524429976940155
0.3087660074234009
0.5168139934539795
0.2988539934158325
0.509198009967804
0.28894200921058655
0.5015820264816284
0.27787700295448303
0.4957669973373413
0.2668119966983795
0.48995301127433777
0.2557460069656372
0.48413801193237305
0.2446810007095337
0.4783239960670471
0.23361599445343018
0.4725089967250824
0.22255000472068787
0.46669501066207886
0.21148499846458435
0.46088001132011414
0.20041899383068085
0.4550659954547882
0.18825599551200867
0.4486750066280365
0.1760929971933365
0.4422830045223236
0.16392900049686432
0.4358919858932495
0.15176600217819214
0.429500013589859
0.13960300385951996
0.4231089949607849
0.1274390071630478
0.4167180061340332
