0.46164000034332275
0.290571004152298
0.45756199955940247
0.302386999130249
0.45348501205444336
0.3142029941082001
0.44940799474716187
0.3260200023651123
0.4453299939632416
0.33783599734306335
0.44125300645828247
0.3496519923210144
0.437175989151001
0.36146798729896545
0.4330979883670807
0.3732849955558777
0.4290210008621216
0.38510099053382874
0.42524001002311707
0.3970150053501129
0.42145898938179016
0.4089300036430359
0.41767698526382446
0.4208439886569977
0.41389599442481995
0.43275898694992065
0.41011500358581543
0.44467300176620483
0.4063340127468109
0.4565869867801666
0.402552992105484
0.468502014875412
0.3987720012664795
0.4804159998893738
0.3884409964084625
0.48745301365852356
0.37810900807380676
0.49448999762535095
0.3677780032157898
0.5015270113945007
0.3574469983577728
0.5085639953613281
0.34711599349975586
0.5156009793281555
0.3367849886417389
0.5226380228996277
0.3264540135860443
0.5296750068664551
0.31612300872802734
0.5367119908332825
0.3073990046977997
0.5456640124320984
0.2986760139465332
0.5546169877052307
0.28995299339294434
0.5635700225830078
0.2812289893627167
0.5725229978561401
0.2725059986114502
0.5814759731292725
0.2637830078601837
0.5904290080070496
0.25505900382995605
0.5993810296058655
0.24633599817752838
0.6083340048789978
0.23586499691009521
0.6015070080757141
0.22539399564266205
0.5946800112724304
0.21492299437522888
0.5878530144691467
0.20445199310779572
0.581026017665863
0.19398100674152374
0.5741980075836182
0.18351100385189056
0.5673710107803345
0.1730400025844574
0.5605440139770508
0.16256900131702423
0.5537170171737671
0.1548299938440323
0.5635330080986023
0.14709000289440155
0.5733489990234375
0.1393509954214096
0.5831649899482727
0.13161200284957886
0.5929809808731079
0.12387300282716751
0.6027969717979431
0.11613400280475616
0.6126130223274231
0.10839500278234482
0.6224300265312195
0.10065499693155289
0.6322460174560547
0.10537300258874893
0.6438210010528564
0.11009100079536438
0.6553969979286194
0.11480899900197983
0.6669719815254211
0.11952699720859528
0.6785470247268677
0.12424500286579132
0.6901230216026306
0.12896299362182617
0.7016980051994324
0.13368099927902222
0.7132740020751953
0.13839900493621826
0.7248489856719971
0.14369599521160126
0.7378450036048889
0.14899300038814545
0.7508410215377808
0.15429000556468964
0.7638369798660278
0.15958699584007263
0.7768329977989197
