0.8981009721755981
0.18392199277877808
0.8885899782180786
0.19203299283981323
0.8790799975395203
0.20014500617980957
0.8695690035820007
0.20825700461864471
0.8600580096244812
0.21636800467967987
0.8505480289459229
0.22448000311851501
0.8410369753837585
0.23259100317955017
0.831525981426239
0.24070300161838531
0.8220160007476807
0.24881400167942047
0.8178859949111938
0.26061201095581055
0.8137570023536682
0.2724109888076782
0.8096269965171814
0.2842090129852295
0.8054969906806946
0.2960070073604584
0.801367998123169
0.30780500173568726
0.7972379922866821
0.31960299611091614
0.7931089997291565
0.331400990486145
0.7889789938926697
0.3431999981403351
0.7841150164604187
0.3547140061855316
0.779250979423523
0.36622899770736694
0.7743859887123108
0.37774398922920227
0.7695220112800598
0.38925901055336
0.7646579742431641
0.40077298879623413
0.7597939968109131
0.41228801012039185
0.7549300193786621
0.4238030016422272
0.7500659823417664
0.4353179931640625
0.7459560036659241
0.4471229910850525
0.7418469786643982
0.4589279890060425
0.7377369999885559
0.47073298692703247
0.73362797498703
0.48253899812698364
0.7295190095901489
0.49434399604797363
0.7254089713096619
0.5061489939689636
0.7213000059127808
0.5179539918899536
0.7171900272369385
0.5297589898109436
0.7119290232658386
0.5410979986190796
0.7066680192947388
0.5524370074272156
0.7014080286026001
0.5637760162353516
0.6961470246315002
0.5751150250434875
0.6908860206604004
0.5864539742469788
0.6856250166893005
0.5977929830551147
0.6803640127182007
0.6091319918632507
0.6751030087471008
0.6204710006713867
0.6679739952087402
0.6307389736175537
0.6608459949493408
0.6410070061683655
0.6537169814109802
0.6512749791145325
0.6465880274772644
0.6615430116653442
0.639460027217865
0.6718109846115112
0.6323310136795044
0.682079017162323
0.625203013420105
0.6923480033874512
0.6180739998817444
0.7026159763336182
0.6107199788093567
0.7127230167388916
0.6033650040626526
0.7228310108184814
0.5960109829902649
0.7329379916191101
0.5886560082435608
0.7430459856987
0.5813019871711731
0.7531539797782898
0.5739480257034302
0.7632610201835632
0.5665929913520813
0.7733690142631531
0.5592389702796936
0.7834759950637817
0.5497390031814575
0.7915999889373779
0.5402389764785767
0.7997239828109741
0.5307390093803406
0.8078479766845703
0.5212380290031433
0.8159719705581665
0.5117380023002625
0.8240960240364075
0.5022379755973816
0.8322200179100037
0.4927380084991455
0.8403440117835999
0.48323801159858704
0.8484669923782349
0.4728589951992035
0.8554329872131348
0.46248000860214233
0.8623989820480347
0.4521009922027588
0.8693649768829346
0.44172200560569763
0.8763309717178345
0.4313429892063141
0.8832970261573792
0.42096400260925293
0.890263020992279
0.4105840027332306
0.897229015827179
0.40020498633384705
0.9041950106620789
0.3887540102005005
0.899183988571167
0.37730199098587036
0.8941730260848999
0.3658510148525238
0.889162003993988
0.3543989956378937
0.8841509819030762
0.34294700622558594
0.8791400194168091
0.331496000289917
0.8741289973258972
0.32004401087760925
0.8691179752349854
0.3085919916629791
0.8641070127487183
0.2962439954280853
0.86216801404953
0.28389498591423035
0.860230028629303
0.27154600620269775
0.85829097032547
0.2591969966888428
0.8563529849052429
0.24684900045394897
0.8544139862060547
0.2345000058412552
0.8524749875068665
0.2221509963274002
0.8505370020866394
0.20980200171470642
0.8485980033874512
0.2062389999628067
0.8366169929504395
0.202674999833107
0.8246359825134277
0.1991109997034073
0.812654972076416
0.19554799795150757
0.8006730079650879
0.19198399782180786
0.7886919975280762
0.18841999769210815
0.7767109870910645
0.18485599756240845
0.7647299766540527
0.18129299581050873
0.7527480125427246
0.18161000311374664
0.7402520179748535
0.18192699551582336
0.7277560234069824
0.18224400281906128
0.7152600288391113
0.182560995221138
0.7027639746665955
0.18287800252437592
0.6902689933776855
0.18319599330425262
0.6777729988098145
0.18351300060749054
0.6652770042419434
0.18382999300956726
0.6527810096740723
0.18247100710868835
0.6403549909591675
0.18111300468444824
0.6279289722442627
0.17975500226020813
0.6155030131340027
0.17839600145816803
0.6030769944190979
0.17703799903392792
0.5906509757041931
0.17567899823188782
0.5782250165939331
0.1743209958076477
0.5657989978790283
0.1729619950056076
0.5533729791641235
0.16971799731254578
0.5413010120391846
0.16647300124168396
0.529229998588562
0.16322900354862213
0.5171579718589783
0.1599850058555603
0.5050860047340393
0.1567399948835373
0.49301499128341675
0.15349599719047546
0.4809429943561554
0.15025100111961365
0.4688720107078552
0.14700700342655182
0.45680001378059387
0.14339999854564667
0.4433799982070923
0.13979299366474152
0.4299600124359131
0.13618700206279755
0.4165410101413727
0.1325799971818924
0.4031209945678711
0.12897300720214844
0.3897010087966919
