0.8322830200195312
0.1809449940919876
0.8365010023117065
0.1927119940519333
0.8407189846038818
0.20447899401187897
0.8449370265007019
0.21624599397182465
0.8491560220718384
0.22801299393177032
0.8533740043640137
0.23977899551391602
0.857591986656189
0.2515459954738617
0.861810028553009
0.2633129954338074
0.8660280108451843
0.27507999539375305
0.870805025100708
0.2866309881210327
0.8755810260772705
0.29818299412727356
0.8803579807281494
0.3097339868545532
0.8851339817047119
0.3212850093841553
0.8899099826812744
0.33283698558807373
0.8946869969367981
0.3443880081176758
0.8994629979133606
0.3559400141239166
0.9042400121688843
0.3674910068511963
0.915103018283844
0.3731229901313782
0.9259660243988037
0.37875500321388245
0.9368289709091187
0.38438698649406433
0.9476919770240784
0.3900189995765686
