0.9333080053329468
0.23873600363731384
0.921425998210907
0.24261699616909027
0.909542977809906
0.2464980036020279
0.8976609706878662
0.2503800094127655
0.8857790231704712
0.25426098704338074
0.8738970160484314
0.25814199447631836
0.8620150089263916
0.2620239853858948
0.8501330018043518
0.2659049928188324
0.838250994682312
0.26978600025177
0.8294479846954346
0.27866101264953613
0.8206449747085571
0.28753501176834106
0.8118420243263245
0.2964099943637848
0.803039014339447
0.3052850067615509
0.7942360043525696
0.31415900588035583
0.7854329943656921
0.32303398847579956
0.7766299843788147
0.3319079875946045
0.7678269743919373
0.3407829999923706
0.7566969990730286
0.34647199511528015
0.7455670237541199
0.3521620035171509
0.7344369888305664
0.3578509986400604
0.7233060002326965
0.36354100704193115
0.7121760249137878
0.3692300021648407
0.7010459899902344
0.3749200105667114
0.6899160146713257
0.38060900568962097
0.6787859797477722
0.3862990140914917
0.6689850091934204
0.3940570056438446
0.6591839790344238
0.4018160104751587
0.649383008480072
0.4095740020275116
0.6395829916000366
0.4173330068588257
0.6297820210456848
0.4250909984111786
0.6199809908866882
0.4328500032424927
0.6101800203323364
0.4406079947948456
0.6003789901733398
0.4483659863471985
0.5889080166816711
0.45333099365234375
0.5774359703063965
0.458296000957489
0.5659639835357666
0.4632610082626343
0.5544919967651367
0.46822598576545715
0.543021023273468
0.4731909930706024
0.5315489768981934
0.4781560003757477
0.5200769901275635
0.48312100768089294
0.5086060166358948
0.4880859851837158
0.49719199538230896
0.48298901319503784
0.48577800393104553
0.4778920114040375
0.4743640124797821
0.4727959930896759
0.46295100450515747
0.46769899129867554
0.45153701305389404
0.46260198950767517
0.4401229918003082
0.457506000995636
0.4287090003490448
0.4524089992046356
0.41729599237442017
0.44731199741363525
0.40948399901390076
0.4570710062980652
0.40167298913002014
0.46682998538017273
0.39386099576950073
0.47658801078796387
0.3860499858856201
0.4863469898700714
0.3782390058040619
0.49610599875450134
0.3704270124435425
0.5058640241622925
0.36261600255966187
0.5156229734420776
0.35480400919914246
0.5253819823265076
0.34464800357818604
0.5326690077781677
0.3344919979572296
0.5399559736251831
0.3243359923362732
0.5472429990768433
0.314179003238678
0.5545300245285034
0.30402299761772156
0.5618169903755188
0.29386699199676514
0.569104015827179
0.2837109863758087
0.5763909816741943
0.2735539972782135
0.5836780071258545
0.2677119970321655
0.5726270079612732
0.26186999678611755
0.5615760087966919
0.2560279965400696
0.5505260229110718
0.2501850128173828
0.5394750237464905
0.24434299767017365
0.5284240245819092
0.23850099742412567
0.5173730254173279
0.2326589971780777
0.506322979927063
0.22681699693202972
0.4952720105648041
0.2227270007133484
0.48608899116516113
0.21863700449466705
0.4769060015678406
