0.229994997382164
0.21282899379730225
0.24211999773979187
0.2097879946231842
0.25424399971961975
0.20674799382686615
0.2663689851760864
0.2037069946527481
0.2784940004348755
0.20066699385643005
0.29061800241470337
0.197626993060112
0.30274298787117004
0.19458599388599396
0.3148669898509979
0.1915459930896759
0.326992005109787
0.18850499391555786
0.3294549882411957
0.20076000690460205
0.3319169878959656
0.21301500499248505
0.33438000082969666
0.22527000308036804
0.33684301376342773
0.23752500116825104
0.33930501341819763
0.24977999925613403
0.3417679965496063
0.2620350122451782
0.3442310094833374
0.2742899954319
0.3466939926147461
0.2865450084209442
0.35047999024391174
0.2984580099582672
0.3542650043964386
0.3103710114955902
0.35805100202560425
0.3222840130329132
0.3618369996547699
0.3341970145702362
0.36562299728393555
0.3461099863052368
0.3694089949131012
0.358022004365921
0.37319499254226685
0.369935005903244
0.3769809901714325
0.381848007440567
0.3644840121269226
0.3815680146217346
0.35198700428009033
0.38128799200057983
0.33949100971221924
0.38100698590278625
0.32699400186538696
0.38072699308395386
0.3144969940185547
0.38044700026512146
0.3019999861717224
0.3801659941673279
0.2895030081272125
0.3798860013484955
0.27700600028038025
0.3796060085296631
0.26983898878097534
0.3898470103740692
0.2626720070838928
0.40008899569511414
0.2555049955844879
0.41032999753952026
0.2483389973640442
0.4205709993839264
0.24117200076580048
0.4308130145072937
0.23400500416755676
0.44105398654937744
0.22683799266815186
0.45129498839378357
0.21967099606990814
0.4615370035171509
0.22327299416065216
0.47350600361824036
0.22687600553035736
0.48547598719596863
0.23047800362110138
0.4974460005760193
0.23408100008964539
0.5094149708747864
0.2376829981803894
0.5213850140571594
0.2412859946489334
0.5333539843559265
0.24488799273967743
0.5453240275382996
0.24849100410938263
0.5572940111160278
0.2482219934463501
0.5697910189628601
0.24795199930667877
0.5822880268096924
0.24768300354480743
0.5947849750518799
0.2474139928817749
0.6072819828987122
0.24714499711990356
0.6197789907455444
0.24687600135803223
0.6322759985923767
0.2466060072183609
0.644773006439209
0.24633699655532837
0.6572700142860413
0.23429900407791138
0.6606360077857971
0.2222599983215332
0.6640009880065918
0.21022099256515503
0.6673660278320312
0.19818300008773804
0.6707310080528259
0.18614399433135986
0.6740959882736206
0.17410600185394287
0.6774610280990601
0.1620669960975647
0.6808260083198547
0.1500290036201477
0.6841909885406494
0.1461080014705658
0.6974959969520569
0.14218799769878387
0.7108010053634644
0.13826799392700195
0.7241050004959106
