0.7278149724006653
0.5467640161514282
0.7169920206069946
0.5530189871788025
0.7061690092086792
0.5592730045318604
0.6953459978103638
0.5655270218849182
0.6845229864120483
0.5717809796333313
0.6737009882926941
0.5780349969863892
0.6628779768943787
0.584289014339447
0.652055025100708
0.5905439853668213
0.6412320137023926
0.5967980027198792
0.6293720006942749
0.6007469892501831
0.6175119876861572
0.6046950221061707
0.6056519746780396
0.6086440086364746
0.5937920212745667
0.6125929951667786
0.581932008266449
0.6165419816970825
0.5700730085372925
0.6204910278320312
0.5582129955291748
0.624439001083374
0.5463529825210571
0.628387987613678
0.5348610281944275
0.6333060264587402
0.5233690142631531
0.6382229924201965
0.5118770003318787
0.643140971660614
0.5003839731216431
0.6480579972267151
0.48889198899269104
0.6529759764671326
0.477400004863739
0.6578930020332336
0.4659079909324646
0.6628109812736511
0.4544160068035126
0.6677290201187134
0.44194599986076355
0.6685889959335327
0.42947500944137573
0.669448971748352
0.4170050024986267
0.6703090071678162
0.4045349955558777
0.6711689829826355
0.39206400513648987
0.672029972076416
0.37959399819374084
0.6728900074958801
0.3671239912509918
0.6737499833106995
0.354653000831604
0.6746100187301636
0.3492310047149658
0.6633470058441162
0.34380900859832764
0.6520839929580688
0.33838799595832825
0.6408209800720215
0.33296599984169006
0.6295580267906189
0.3275440037250519
0.6182950139045715
0.3221220076084137
0.6070330142974854
0.3167000114917755
0.595770001411438
0.31127798557281494
0.5845069885253906
0.31561100482940674
0.5727819800376892
0.31994399428367615
0.5610560178756714
0.32427600026130676
0.54933100938797
0.32860898971557617
0.5376060009002686
0.3329409956932068
0.5258809924125671
0.3372739851474762
0.5141559839248657
0.341607004404068
0.5024309754371643
0.3459390103816986
0.4907059967517853
0.34853801131248474
0.4784789979457855
0.3511359989643097
0.46625199913978577
0.3537349998950958
0.454025000333786
0.3563329875469208
0.44179800152778625
0.3589319884777069
0.4295710027217865
0.36153000593185425
0.41734400391578674
0.3641279935836792
0.405117005109787
0.36672699451446533
0.39289000630378723
0.35656899213790894
0.38560599088668823
0.34641098976135254
0.37832099199295044
0.33625298738479614
0.37103599309921265
0.32609501481056213
0.36375099420547485
0.31593701243400574
0.35646700859069824
0.30577901005744934
0.34918200969696045
0.29562199115753174
0.34189701080322266
0.28546398878097534
0.33461299538612366
0.2913129925727844
0.3235650062561035
0.2971619963645935
0.31251800060272217
0.3030110001564026
0.3014709949493408
0.30886000394821167
0.2904239892959595
0.31470900774002075
0.2793770134449005
0.32055801153182983
0.26833000779151917
0.32640698552131653
0.2572830021381378
0.3322559893131256
0.24623599648475647
0.3243579864501953
0.23654699325561523
0.3164590001106262
0.22685900330543518
0.3085609972476959
0.21717000007629395
0.3006629943847656
0.2074819952249527
0.29276400804519653
0.19779400527477264
0.28486600518226624
0.1881050020456314
0.27696698904037476
0.17841699719429016
0.26906898617744446
0.16872799396514893
0.27433499693870544
0.1573919951915741
0.2796019911766052
0.14605499804019928
0.2848680019378662
0.13471899926662445
0.2901340126991272
0.12338200211524963
0.2953999936580658
0.1120460033416748
0.3006660044193268
0.10070899873971939
0.30593299865722656
0.08937250077724457
0.31119900941848755
0.07803589850664139
0.32269901037216187
0.07313849776983261
0.334199994802475
0.06824100017547607
0.3457010090351105
0.0633435994386673
0.3572010099887848
0.05844610184431076
0.3687019944190979
0.053548701107501984
0.3802030086517334
0.04865119978785515
0.3917030096054077
0.04375379905104637
0.4032039940357208
0.038856301456689835
0.4161039888858795
0.03895169869065285
0.4290040135383606
0.0390469990670681
