0.08971630036830902
0.3539940118789673
0.09855280071496964
0.34515300393104553
0.10738900303840637
0.3363119959831238
0.11622600257396698
0.327470988035202
0.1250630021095276
0.3186289966106415
0.1338990032672882
0.3097879886627197
0.14273600280284882
0.30094701051712036
0.15157200396060944
0.2921060025691986
0.16040900349617004
0.28326499462127686
0.17245499789714813
0.28660398721694946
0.18449999392032623
0.28994300961494446
0.19654600322246552
0.29328200221061707
0.2085919976234436
0.2966200113296509
0.22063800692558289
0.2999590039253235
0.23268400132656097
0.3032979965209961
0.24472999572753906
0.3066369891166687
0.25677600502967834
0.3099760115146637
0.26552799344062805
0.318901002407074
0.27428001165390015
0.32782500982284546
0.28303200006484985
0.33675000071525574
0.29178398847579956
0.345674991607666
0.30053600668907166
0.3545989990234375
0.30928799510002136
0.3635239899158478
0.31804001331329346
0.37244901061058044
0.32679200172424316
0.3813740015029907
0.33728501200675964
0.3745790123939514
0.34777700901031494
0.3677850067615509
0.35826900601387024
0.3609910011291504
0.36876100301742554
0.3541969954967499
0.379254013299942
0.34740200638771057
0.3897460103034973
0.34060800075531006
0.4002380073070526
0.33381399512290955
0.4107300043106079
0.32701998949050903
0.41769999265670776
0.33535900712013245
0.42467001080513
0.34369799494743347
0.43163999915122986
0.3520370125770569
