0.4436439871788025
0.21581999957561493
0.44183799624443054
0.22818900644779205
0.4400320053100586
0.24055799841880798
0.43822699785232544
0.2529259920120239
0.4364210069179535
0.26529499888420105
0.43461498618125916
0.2776640057563782
0.4328100085258484
0.2900330126285553
0.43100398778915405
0.30240198969841003
0.4291979968547821
0.31477099657058716
0.428276002407074
0.32723701000213623
0.42735299468040466
0.3397029936313629
0.42643100023269653
0.352169007062912
0.4255079925060272
0.36463499069213867
0.4245850145816803
0.37709999084472656
0.4236629903316498
0.38956600427627563
0.42274001240730286
0.4020319879055023
0.42181798815727234
0.4144980013370514
0.4206230044364929
0.42694100737571716
0.4194279909133911
0.43938401341438293
0.4182330071926117
0.4518260061740875
0.41703900694847107
0.4642690122127533
0.41584399342536926
0.4767119884490967
0.41464900970458984
0.48915499448776245
0.4134550094604492
0.5015980005264282
0.4122599959373474
0.5140399932861328
0.4106779992580414
0.5264400243759155
0.40909600257873535
0.5388389825820923
0.4075140058994293
0.551239013671875
0.4059320092201233
0.5636379718780518
0.4043489992618561
0.5760380029678345
0.40276700258255005
0.588437020778656
0.401185005903244
0.600836992263794
0.399603009223938
0.6132360100746155
0.387160986661911
0.6144369840621948
0.3747189939022064
0.615638017654419
0.36227700114250183
0.6168379783630371
0.34983399510383606
0.6180390119552612
0.33739200234413147
0.6192399859428406
0.3249500095844269
0.6204410195350647
0.3125079870223999
0.6216409802436829
0.3000659942626953
0.622842013835907
0.29431700706481934
0.6339420080184937
0.28856799006462097
0.6450409889221191
0.282819002866745
0.6561409831047058
0.27706998586654663
0.6672400236129761
0.27132099866867065
0.6783400177955627
0.2655720114707947
0.6894389986991882
0.2598229944705963
0.7005389928817749
0.25407400727272034
0.7116379737854004
0.25628501176834106
0.7239410281181335
0.2584959864616394
0.7362440228462219
0.26070699095726013
0.7485470175743103
0.26291900873184204
0.7608500123023987
0.26513001322746277
0.7731519937515259
0.2673409879207611
0.7854549884796143
0.26955199241638184
0.7977579832077026
0.27176299691200256
0.810060977935791
0.2715330123901367
0.8225589990615845
0.2713020145893097
0.8350570201873779
0.2710709869861603
0.8475549817085266
0.27083998918533325
0.8600530028343201
0.2706089913845062
0.8725500106811523
0.2703779935836792
0.885047972202301
0.2701469957828522
0.8975459933280945
0.26991599798202515
0.9100440144538879
0.27811598777770996
0.9005339741706848
