0.9184520244598389
0.46278101205825806
0.9062250256538391
0.4601840078830719
0.8939980268478394
0.45758599042892456
0.8817710280418396
0.4549880027770996
0.8695440292358398
0.45239099860191345
0.8573169708251953
0.4497930109500885
0.8450899720191956
0.44719499349594116
0.8328629732131958
0.4445970058441162
0.820635974407196
0.44200000166893005
0.8087589740753174
0.43810200691223145
0.7968819737434387
0.43420499563217163
0.7850049734115601
0.4303080141544342
0.7731279730796814
0.4264099895954132
0.7612509727478027
0.4225130081176758
0.7493739724159241
0.41861599683761597
0.7374969720840454
0.41471800208091736
0.7256199717521667
0.41082099080085754
0.7133550047874451
0.4132330119609833
0.7010899782180786
0.41564399003982544
0.6888250112533569
0.41805601119995117
0.6765599846839905
0.4204680025577545
0.6642950177192688
0.42287999391555786
0.6520299911499023
0.4252910017967224
0.6397650241851807
0.42770299315452576
0.627498984336853
0.4301150143146515
0.6198509931564331
0.4202280044555664
0.6122030019760132
0.4103409945964813
0.6045550107955933
0.40045300126075745
0.5969070196151733
0.39056599140167236
0.5892590284347534
0.38067901134490967
0.5816100239753723
0.3707920014858246
0.5739619731903076
0.3609049916267395
0.5663139820098877
0.3510180115699768
0.5538970232009888
0.3495819866657257
0.5414789915084839
0.3481470048427582
0.5290619730949402
0.34671199321746826
0.5166450142860413
0.34527701139450073
0.5042269825935364
0.3438419997692108
0.49180999398231506
0.3424069881439209
0.47939300537109375
0.3409709930419922
0.46697500348091125
0.33953601121902466
0.4547469913959503
0.3369469940662384
0.4425179958343506
0.33435699343681335
0.43028900027275085
0.3317669928073883
0.4180600047111511
0.32917699217796326
0.4058310091495514
0.3265869915485382
0.39360299706459045
0.32399800419807434
0.3813740015029907
0.3214080035686493
0.369145005941391
0.31881800293922424
0.36579298973083496
0.3067759871482849
0.3624410033226013
0.29473400115966797
0.3590880036354065
0.28269198536872864
0.35573598742485046
0.2706499993801117
0.3523840010166168
0.25860801339149475
0.3490320146083832
0.24656499922275543
0.34567898511886597
0.2345229983329773
0.3423269987106323
0.22248099744319916
0.3389750123023987
0.21043899655342102
0.33562299609184265
0.19839699566364288
0.3322699964046478
0.18635499477386475
0.3289180099964142
0.1743129938840866
0.32556599378585815
0.16227099299430847
0.3222140073776245
0.15022900700569153
0.3188610076904297
0.1381859928369522
0.31550899147987366
0.12614400684833527
0.3123309910297394
0.1147259995341301
0.3091520071029663
0.10330799967050552
0.30597299337387085
0.09188920259475708
0.3027949929237366
0.08047080039978027
