0.23913800716400146
0.651282012462616
0.2299720048904419
0.6597809791564941
0.2208070009946823
0.6682800054550171
0.21164099872112274
0.6767799854278564
0.20247499644756317
0.6852790117263794
0.1933089941740036
0.6937789916992188
0.1841440051794052
0.7022780179977417
0.17497800290584564
0.7107769846916199
0.16581200063228607
0.719277024269104
0.16562500596046448
0.7317749857902527
0.1654379963874817
0.7442740201950073
0.1652510017156601
0.7567729949951172
0.16506299376487732
0.7692710161209106
0.16487599909305573
0.7817699909210205
0.16468900442123413
0.794268012046814
0.16450199484825134
0.8067669868469238
0.16431400179862976
0.8192660212516785
0.15092000365257263
0.8152530193328857
0.1375260055065155
0.811240017414093
0.12413199990987778
0.8072270154953003
0.11073800176382065
0.8032140135765076
0.09734439849853516
0.7992010116577148
