0.3325589895248413
0.951367974281311
0.33846399188041687
0.9403510093688965
0.3443700075149536
0.9293339848518372
0.3502750098705292
0.9183170199394226
0.35618099570274353
0.9072999954223633
0.3620870113372803
0.896282970905304
0.36799201369285583
0.8852660059928894
0.3738979995250702
0.8742489814758301
0.37980398535728455
0.8632320165634155
0.3710649907588959
0.854295015335083
0.3623259961605072
0.8453570008277893
0.35358700156211853
0.8364189863204956
0.34484899044036865
0.8274809718132019
0.33610999584198
0.818543016910553
0.3273710012435913
0.8096060156822205
0.31863200664520264
0.8006680011749268
0.30989399552345276
0.7917299866676331
0.2997739911079407
0.7843919992446899
0.28965499997138977
0.7770540118217468
0.2795349955558777
0.7697160243988037
0.2694160044193268
0.7623779773712158
0.2592960000038147
0.7550399899482727
0.2491769939661026
0.7477020025253296
0.2390580028295517
0.7403640151023865
0.2289379984140396
0.7330250144004822
0.21827299892902374
0.7265059947967529
0.20760700106620789
0.7199869751930237
0.19694200158119202
0.7134680151939392
0.18627600371837616
0.7069500088691711
0.1756110042333603
0.7004309892654419
0.16494500637054443
0.6939120292663574
0.15428000688552856
0.6873930096626282
0.1436139941215515
0.6808739900588989
0.1435070037841797
0.6683740019798279
0.14340099692344666
0.6558740139007568
0.14329400658607483
0.6433749794960022
0.1431870013475418
0.6308749914169312
0.1430799961090088
0.6183760166168213
0.14297300577163696
0.6058760285377502
0.14286699891090393
0.5933769941329956
0.1427599936723709
0.5808770060539246
0.15520699322223663
0.5797330141067505
0.16765500605106354
0.5785890221595764
0.18010200560092926
0.5774449706077576
0.19255000352859497
0.5763009786605835
0.2049970030784607
0.5751569867134094
0.2174450010061264
0.5740129947662354
0.22989299893379211
0.5728690028190613
0.24233999848365784
0.5717250108718872
0.2387859970331192
0.5597410202026367
0.23523199558258057
0.5477570295333862
0.23167699575424194
0.535772979259491
0.2281229943037033
0.5237889885902405
0.22456899285316467
0.51180499792099
0.22101500630378723
0.4998210072517395
0.2174610048532486
0.4878369867801666
0.21390600502490997
0.47585201263427734
0.20495499670505524
0.4671280086040497
0.1960030049085617
0.45840299129486084
0.18705199658870697
0.4496780037879944
0.17810100317001343
0.44095298647880554
0.1691489964723587
0.43222901225090027
0.16019800305366516
0.4235039949417114
0.15124599635601044
0.41477900743484497
0.1422950029373169
0.40605399012565613
0.15090499818325043
0.3969919979572296
0.15951499342918396
0.3879300057888031
0.1681250035762787
0.3788680136203766
0.17673499882221222
0.36980700492858887
0.18534499406814575
0.36074501276016235
0.19395500421524048
0.35168299078941345
0.202564999461174
0.34262099862098694
0.21117499470710754
0.3335590064525604
0.21129000186920166
0.321058988571167
0.21140600740909576
0.30856001377105713
0.2115209996700287
0.2960599958896637
0.2116370052099228
0.28356099128723145
0.2117519974708557
0.2710619866847992
0.21186800301074982
0.25856199860572815
0.21198299527168274
0.2460629940032959
0.21209900081157684
0.23356300592422485
0.22454500198364258
0.23240600526332855
0.2369910031557083
0.23124800622463226
0.24943800270557404
0.23009000718593597
0.26188400387763977
0.22893300652503967
0.2743299901485443
0.2277749925851822
0.28677600622177124
0.22661800682544708
0.29922300577163696
0.2254599928855896
0.3116689920425415
0.2243030071258545
0.32373398542404175
0.22103500366210938
0.3357999920845032
0.21776700019836426
0.3478649854660034
0.21449999511241913
0.35993000864982605
0.2112320065498352
0.3719959855079651
0.20796500146389008
0.3840610086917877
0.20469699800014496
0.39612600207328796
0.20142999291419983
0.4081920087337494
0.1981620043516159
0.4122050106525421
0.20999999344348907
0.41621801257133484
0.22183899581432343
0.4202300012111664
0.2336769998073578
0.4242430031299591
0.24551500380039215
0.42825600504875183
0.2573539912700653
0.43226900696754456
0.26919201016426086
0.4362820088863373
0.2810310125350952
0.44029501080513
0.2928690016269684
0.44363099336624146
0.30491501092910767
0.4469670057296753
0.31696200370788574
0.45030298829078674
0.3290089964866638
0.45364001393318176
0.3410550057888031
0.4569759964942932
0.3531019985675812
0.46031200885772705
0.36514800786972046
0.4636479914188385
0.37719500064849854
0.46698498725891113
0.3892410099506378
0.47683799266815186
0.39693400263786316
0.4866909980773926
0.4046260118484497
0.4965440034866333
0.41231799125671387
0.5063959956169128
0.4200100004673004
0.5162490010261536
0.42770200967788696
0.5261020064353943
0.4353939890861511
0.535955011844635
0.44308599829673767
0.5458080172538757
0.450778990983963
0.5516390204429626
0.4618360102176666
0.5574690103530884
0.47289299964904785
0.5632990002632141
0.4839499890804291
0.569130003452301
0.4950070083141327
0.5749599933624268
0.5060639977455139
0.5807899832725525
0.5171210169792175
0.5866209864616394
0.5281779766082764
0.5924509763717651
0.53923499584198
0.59648597240448
0.5510650277137756
0.600521981716156
0.5628960132598877
0.6045569777488708
0.5747269988059998
0.6085929870605469
0.5865569710731506
0.6126279830932617
0.5983880162239075
0.6166639924049377
0.6102190017700195
0.6206989884376526
0.6220489740371704
0.6247349977493286
0.6338800191879272
0.6287680268287659
0.6457120180130005
0.6328009963035583
0.6575430035591125
0.6368340253829956
0.6693739891052246
0.6408669948577881
0.6812059879302979
0.6449000239372253
0.6930369734764099
0.648934006690979
0.7048689723014832
0.6529669761657715
0.71670001745224
0.6570000052452087
0.7285320162773132
0.669156014919281
0.7224360108375549
0.6813120245933533
0.7163389921188354
0.6934679746627808
0.7102429866790771
0.705623984336853
0.7041460275650024
0.7177799940109253
0.6980500221252441
0.7299360036849976
0.6919540166854858
