0.1668660044670105
0.5474730134010315
0.16089899837970734
0.5364890098571777
0.15493200719356537
0.525505006313324
0.1489659994840622
0.5145210027694702
0.14299899339675903
0.5035369992256165
0.13703200221061707
0.4925529956817627
0.1310659945011139
0.48156800866127014
0.12509900331497192
0.4705840051174164
0.11913300305604935
0.4596000015735626
0.12720200419425964
0.45005398988723755
0.13527099788188934
0.4405069947242737
0.14334100484848022
0.430961012840271
0.15140999853610992
0.42141398787498474
0.15947900712490082
0.41186800599098206
0.16754800081253052
0.4023210108280182
0.1756179928779602
0.3927749991416931
0.1836870014667511
0.38322800397872925
0.19293199479579926
0.3748149871826172
0.2021780014038086
0.3664030134677887
0.21142299473285675
0.35798999667167664
0.2206690013408661
0.34957799315452576
0.22991399466991425
0.3411650061607361
0.23916000127792358
0.3327530026435852
0.24840499460697174
0.32433998584747314
0.2576510012149811
0.31592699885368347
0.2616190016269684
0.3040739893913269
0.2655879855155945
0.2922210097312927
0.26955699920654297
0.28036800026893616
0.2735249996185303
0.2685140073299408
0.27749401330947876
0.25666099786758423
0.28146201372146606
0.24480800330638885
0.28543099761009216
0.2329539954662323
0.28939899802207947
0.22110100090503693
0.29485899209976196
0.2098570019006729
0.30031898617744446
0.1986120045185089
0.30577901005744934
0.1873680055141449
0.31123900413513184
0.1761229932308197
0.31669899821281433
0.1648789942264557
0.3221589922904968
0.1536339968442917
0.3276189863681793
0.14238999783992767
0.3330790102481842
0.13114500045776367
0.34541600942611694
0.1291320025920868
0.3577530086040497
0.1271200031042099
0.3700900077819824
0.12510700523853302
0.382425993680954
0.12309499830007553
0.3947629928588867
0.12108200043439865
0.40709999203681946
0.11907000094652176
0.4194369912147522
0.11705700308084488
0.43177399039268494
0.11504500359296799
0.4420729875564575
0.11336500197649002
0.4523710012435913
0.11168500036001205
