0.8911139965057373
0.4651139974594116
0.880424976348877
0.45863398909568787
0.8697360157966614
0.4521529972553253
0.859046995639801
0.44567200541496277
0.8483589887619019
0.439191997051239
0.8376700282096863
0.43271100521087646
0.8269810080528259
0.4262309968471527
0.8162919878959656
0.41975000500679016
0.80560302734375
0.4132690131664276
0.7949860095977783
0.41986599564552307
0.7843679785728455
0.4264630079269409
0.7737510204315186
0.4330599904060364
0.7631329894065857
0.4396570026874542
0.7525150179862976
0.4462539851665497
0.7418980002403259
0.45285001397132874
0.7312800288200378
0.4594469964504242
0.7206630110740662
0.46604400873184204
0.7083839774131775
0.4683859944343567
0.6961060166358948
0.4707289934158325
0.6838269829750061
0.47307100892066956
0.6715490221977234
0.4754140079021454
0.6592699885368347
0.47775599360466003
0.6469910144805908
0.48009800910949707
0.6347129940986633
0.4824410080909729
0.6224340200424194
0.48478299379348755
0.6153169870376587
0.47450700402259827
0.6082000136375427
0.464231014251709
0.6010839939117432
0.4539549946784973
0.5939670205116272
0.44367799162864685
0.5868499875068665
0.43340200185775757
0.5797330141067505
0.4231260120868683
0.5726159811019897
0.4128499925136566
0.5654990077018738
0.40257400274276733
0.5760059952735901
0.3958030045032501
0.5865129828453064
0.3890320062637329
0.5970209836959839
0.3822599947452545
0.6075279712677002
0.3754889965057373
0.6180350184440613
0.3687179982662201
0.6285420060157776
0.3619470000267029
0.6390500068664551
0.35517600178718567
0.6495569944381714
0.34840500354766846
0.6406159996986389
0.33967000246047974
0.6316750049591064
0.33093398809432983
0.6227329969406128
0.3221989870071411
0.6137920022010803
0.3134630024433136
0.6048510074615479
0.3047280013561249
0.5959100127220154
0.29599300026893616
0.5869690179824829
0.28725698590278625
0.5780280232429504
0.2785220146179199
0.5655310153961182
0.2788049876689911
0.5530340075492859
0.27908799052238464
0.5405369997024536
0.2793720066547394
0.5280410051345825
0.27965500950813293
0.5155439972877502
0.2799380123615265
0.503046989440918
0.28022098541259766
0.4905500113964081
0.2805039882659912
0.4780539870262146
0.28078699111938477
0.4685269892215729
0.28887999057769775
0.45899999141693115
0.29697200655937195
0.44947299361228943
0.30506500601768494
0.4399459958076477
0.31315699219703674
0.430418998003006
0.32124999165534973
0.42089200019836426
0.3293420076370239
0.41136500239372253
0.3374350070953369
0.4018380045890808
0.3455269932746887
0.39635100960731506
0.334634006023407
0.3908640146255493
0.32374000549316406
0.3853769898414612
0.31284698843955994
0.37988999485969543
0.301952987909317
0.3744029998779297
0.2910589873790741
