0.9002379775047302
0.2408670037984848
0.8947460055351257
0.2520959973335266
0.8892549872398376
0.2633250057697296
0.8837640285491943
0.2745549976825714
0.8782719969749451
0.2857840061187744
0.872780978679657
0.2970130145549774
0.8672900199890137
0.30824199318885803
0.8617979884147644
0.31947100162506104
0.8563070297241211
0.33070099353790283
0.8471959829330444
0.33925899863243103
0.8380849957466125
0.34781700372695923
0.8289750218391418
0.3563750088214874
0.8198639750480652
0.3649330139160156
0.8107529878616333
0.3734920024871826
0.8016420006752014
0.3820500075817108
0.7925310134887695
0.390608012676239
0.7834200263023376
0.3991659879684448
0.7800580263137817
0.4112060070037842
0.7766960263252258
0.42324501276016235
0.7733340263366699
0.43528398871421814
0.769972026348114
0.4473240077495575
0.7666100263595581
0.45936301350593567
0.7632480263710022
0.47140198945999146
0.7598860263824463
0.4834420084953308
0.7565240263938904
0.495481014251709
0.7537379860877991
0.5076670050621033
0.7509520053863525
0.5198519825935364
0.748166024684906
0.5320379734039307
0.7453799843788147
0.5442240238189697
0.7425940036773682
0.5564090013504028
0.7398080229759216
0.5685949921607971
0.7370219826698303
0.580780029296875
0.7342360019683838
0.5929660201072693
0.7302029728889465
0.6047970056533813
0.7261689901351929
0.6166279911994934
0.7221350073814392
0.6284599900245667
0.7181010246276855
0.6402909755706787
0.7140669822692871
0.6521220207214355
0.7100340127944946
0.6639530062675476
0.7059999704360962
0.6757850050926208
0.7019659876823425
0.6876159906387329
0.6957600116729736
0.6984660029411316
0.68955397605896
0.7093170285224915
0.6833469867706299
0.7201669812202454
0.677141010761261
0.7310180068016052
0.6709349751472473
0.7418680191040039
0.6647289991378784
0.752718985080719
0.6585230231285095
0.7635689973831177
0.6523159742355347
0.7744200229644775
0.6393880248069763
0.7741119861602783
0.626459002494812
0.7738040089607239
