0.534870982170105
0.05938589945435524
0.5448819994926453
0.0668703019618988
0.554893970489502
0.07435470074415207
0.5649060010910034
0.08183900266885757
0.5749170184135437
0.08932340145111084
0.5849289894104004
0.0968078002333641
0.5949410200119019
0.10429199784994125
0.6049519777297974
0.11177700012922287
0.6149640083312988
0.1192609965801239
0.6253269910812378
0.1262509971857071
0.6356899738311768
0.1332399994134903
0.6460530161857605
0.1402300000190735
0.6564170122146606
0.14722000062465668
0.6667799949645996
0.15421000123023987
0.6771429777145386
0.16119900345802307
0.6875060200691223
0.16818900406360626
0.6978690028190613
0.17517900466918945
0.7067030072212219
0.16622599959373474
0.7155380249023438
0.15727299451828003
0.7243720293045044
0.14831900596618652
0.7332069873809814
0.1393660008907318
0.7420409917831421
0.1304129958152771
0.7508760094642639
0.12145999819040298
