0.9577500224113464
0.8598970174789429
0.946183979511261
0.8646379709243774
0.9346179962158203
0.869379997253418
0.9230530261993408
0.8741210103034973
0.9114869832992554
0.8788629770278931
0.8999210000038147
0.8836039900779724
0.888355016708374
0.8883460164070129
0.8767889738082886
0.8930879831314087
0.8652240037918091
0.897828996181488
0.8535779714584351
0.9023720026016235
0.841933012008667
0.906915009021759
0.8302879929542542
0.9114570021629333
0.8186420202255249
0.9160000085830688
0.8069970011711121
0.9205430150032043
0.7953519821166992
0.9250860214233398
0.78370600938797
0.9296280145645142
0.7720609903335571
0.9341710209846497
0.7655630111694336
0.9236990213394165
0.7590649724006653
0.9132260084152222
0.7525669932365417
0.902754008769989
0.746068000793457
0.8922809958457947
0.7395700216293335
0.8818089962005615
0.7330719828605652
0.8713359832763672
