0.23944300413131714
0.18346700072288513
0.24247199296951294
0.19559499621391296
0.24549999833106995
0.2077219933271408
0.24852900207042694
0.21985000371932983
0.25155699253082275
0.23197700083255768
0.25458601117134094
0.2441049963235855
0.25761500000953674
0.25623199343681335
0.26064300537109375
0.2683599889278412
0.26367199420928955
0.2804880142211914
0.2744559943675995
0.2868080139160156
0.2852399945259094
0.29312899708747864
0.29602399468421936
0.29944899678230286
0.3068090081214905
0.30577000975608826
0.3175930082798004
0.31209099292755127
0.32837700843811035
0.3184109926223755
0.3391610085964203
0.3247320055961609
0.349945992231369
0.3310520052909851
0.3543330132961273
0.319348007440567
0.35872000455856323
0.30764299631118774
0.36310699582099915
0.29593798518180847
0.36749398708343506
0.2842330038547516
0.37188199162483215
0.2725279927253723
0.37626901268959045
0.2608239948749542
0.38065600395202637
0.24911899864673615
0.3850429952144623
0.23741400241851807
0.38314199447631836
0.22691799700260162
