0.8771259784698486
0.36422601342201233
0.8685839772224426
0.3733519911766052
0.8600419759750366
0.3824779987335205
0.8514999747276306
0.3916040062904358
0.8429589867591858
0.4007300138473511
0.8344169855117798
0.40985599160194397
0.8258749842643738
0.41898199915885925
0.8173329830169678
0.42810800671577454
0.8087909817695618
0.4372340142726898
0.8015180230140686
0.4474000036716461
0.7942439913749695
0.4575670063495636
0.7869709730148315
0.4677329957485199
0.7796980142593384
0.4778989851474762
0.7724249958992004
0.4880650043487549
0.7651519775390625
0.4982309937477112
0.7578790187835693
0.5083969831466675
0.7506060004234314
0.518563985824585
0.7456920146942139
0.5300570130348206
0.7407780289649963
0.5415509939193726
0.7358649969100952
0.5530449748039246
0.7309510111808777
0.5645390152931213
0.7260370254516602
0.5760319828987122
0.721123993396759
0.5875260233879089
0.7162100076675415
0.5990200042724609
0.711296021938324
0.6105139851570129
0.7040029764175415
0.6206650137901306
0.6967099905014038
0.6308169960975647
0.6894159913063049
0.6409689784049988
0.6821230053901672
0.6511200070381165
0.6748300194740295
0.6612719893455505
0.6675360202789307
0.6714239716529846
0.6602429747581482
0.6815750002861023
0.6529499888420105
0.6917269825935364
0.6447539925575256
0.7011650204658508
0.6365579962730408
0.7106029987335205
0.6283619999885559
0.7200409770011902
0.620166003704071
0.7294790148735046
0.6119700074195862
0.7389169931411743
0.6037740111351013
0.748354971408844
0.5955780148506165
0.7577930092811584
0.5873820185661316
0.7672309875488281
0.5782510042190552
0.775767982006073
0.5691199898719788
0.7843049764633179
0.5599889755249023
0.7928410172462463
0.5508580207824707
0.8013780117034912
0.5417270064353943
0.8099150061607361
0.5325959920883179
0.818452000617981
0.5234649777412415
0.8269879817962646
0.5143340229988098
0.8355249762535095
0.5054849982261658
0.8443530201911926
0.49663498997688293
0.853181004524231
0.4877859950065613
0.8620100021362305
0.47893598675727844
0.8708379864692688
0.4700869917869568
0.8796659708023071
0.46123701333999634
0.8884940147399902
0.4523879885673523
0.8973219990730286
0.44353801012039185
0.9061499834060669
0.43293699622154236
0.9127740263938904
0.42233601212501526
0.9193969964981079
0.41173499822616577
0.9260200262069702
0.40113401412963867
0.9326429963111877
0.3905330002307892
0.93926602602005
0.3799310028553009
0.9458889961242676
0.3693299889564514
0.9525120258331299
0.3587290048599243
0.9591349959373474
0.3614319860935211
0.946931004524231
0.3641349971294403
0.9347270131111145
0.3668369948863983
0.9225220084190369
0.3695400059223175
0.9103180170059204
0.3722429871559143
0.898114025592804
0.3749450147151947
0.8859090209007263
0.3776479959487915
0.8737050294876099
0.3803510069847107
0.8615009784698486
0.36793801188468933
0.860023021697998
0.35552600026130676
0.8585460186004639
0.3431139886379242
0.8570680022239685
0.33070099353790283
0.8555909991264343
0.31828901171684265
0.854112982749939
0.3058759868144989
0.8526359796524048
0.2934640049934387
0.8511580228805542
0.28105199337005615
0.84968101978302
0.2710059881210327
0.8571199774742126
0.26096099615097046
0.8645600080490112
0.2509160041809082
0.8719990253448486
0.24087099730968475
0.8794379830360413
0.2308260053396225
0.8868780136108398
0.22078099846839905
0.8943169713020325
0.2107349932193756
0.901757001876831
0.20069000124931335
0.9091960191726685
0.1894720047712326
0.9036819934844971
0.17825399339199066
0.8981680274009705
0.1670359969139099
0.8926540017127991
0.15581800043582916
0.8871399760246277
0.1446000039577484
0.8816260099411011
0.13338099420070648
0.8761119842529297
0.12216299772262573
0.8705980181694031
0.11094500124454498
0.8650839924812317
0.11113700270652771
0.8525859713554382
0.11132799834012985
0.8400869965553284
0.11151999980211258
0.8275889754295349
0.1117120012640953
0.815090000629425
0.11190299689769745
0.8025919795036316
0.11209499835968018
0.7900930047035217
0.1122869998216629
0.7775949835777283
0.11247800290584564
0.7650960087776184
0.10614900290966034
0.7543169856071472
0.09982039779424667
0.7435370087623596
0.09349150210618973
0.7327579855918884
0.08716259896755219
0.721979022026062
0.08083370327949524
0.7111989855766296
0.0745048001408577
0.7004200220108032
0.0681758001446724
0.689640998840332
0.06184690073132515
0.6788610219955444
0.07127229869365692
0.670589029788971
0.08069760352373123
0.6623169779777527
0.0901229977607727
0.654043972492218
0.09954830259084702
0.6457719802856445
0.10897400230169296
0.637499988079071
0.1183990016579628
0.6292279958724976
