0.3550879955291748
0.352385014295578
0.34555500745773315
0.3604699969291687
0.3360219895839691
0.3685559928417206
0.32648900151252747
0.37664100527763367
0.31695500016212463
0.38472598791122437
0.307422012090683
0.39281100034713745
0.29788899421691895
0.40089601278305054
0.2883560061454773
0.4089820086956024
0.27882298827171326
0.4170669913291931
0.2911039888858795
0.4147379994392395
0.3033849895000458
0.4124090075492859
0.3156670033931732
0.4100799858570099
0.3279480040073395
0.4077509939670563
0.34022900462150574
0.40542200207710266
0.352510005235672
0.40309301018714905
0.36479100584983826
0.40076398849487305
0.3770720064640045
0.39843499660491943
0.3713589906692505
0.4095520079135895
0.36564499139785767
0.4206700026988983
0.359932005405426
0.43178799748420715
0.3542180061340332
0.442905992269516
0.3485049903392792
0.45402398705482483
0.34279099106788635
0.46514201164245605
0.3370780050754547
0.4762600064277649
0.3313649892807007
0.48737698793411255
0.33605900406837463
0.4989619851112366
0.3407529890537262
0.5105469822883606
0.34544798731803894
0.5221329927444458
0.3501420021057129
0.5337179899215698
0.35483598709106445
0.5453029870986938
0.3595300018787384
0.5568879842758179
0.36422500014305115
0.5684729814529419
0.3689189851284027
0.5800579786300659
0.37955498695373535
0.5734909772872925
0.3901920020580292
0.5669249892234802
0.4008280038833618
0.5603579878807068
0.41146400570869446
0.5537919998168945
0.4221009910106659
0.5472260117530823
0.43273699283599854
0.5406590104103088
0.4433729946613312
0.5340930223464966
0.454010009765625
0.5275260210037231
0.45794400572776794
0.5393909811973572
0.4618780016899109
0.551256000995636
0.46581199765205383
0.5631210207939148
0.4697459936141968
0.5749850273132324
0.4736799895763397
0.5868499875068665
0.47761398553848267
0.5987150073051453
0.481548011302948
0.6105800271034241
0.48548200726509094
0.6224449872970581
0.4919849932193756
0.6331189870834351
0.49848899245262146
0.6437940001487732
0.5049930214881897
0.6544690132141113
0.5114970207214355
0.6651440262794495
0.5180000066757202
0.6758189797401428
0.5245040059089661
0.686493992805481
0.5310080051422119
0.6971679925918579
0.5375109910964966
0.707843005657196
0.5437319874763489
0.71868497133255
0.54995197057724
0.72952800989151
0.5561730265617371
0.740369975566864
0.5623930096626282
0.7512120008468628
0.5686140060424805
0.762054979801178
0.5748339891433716
0.7728970050811768
0.5810549855232239
0.7837389707565308
0.5872759819030762
0.7945809960365295
0.5997620224952698
0.7940089702606201
0.6122490167617798
0.7934370040893555
0.6247360110282898
0.792864978313446
0.6372230052947998
0.7922919988632202
0.6497099995613098
0.7917199730873108
0.6621969938278198
0.7911480069160461
0.6746839880943298
0.7905750274658203
0.6871709823608398
0.7900030016899109
0.6953480243682861
0.7994570136070251
0.7035250067710876
0.8089110255241394
0.7117030024528503
0.8183659911155701
0.7198799848556519
0.8278200030326843
0.7280570268630981
0.8372740149497986
0.7362350225448608
0.8467280268669128
0.7444120049476624
0.8561819791793823
0.7525889873504639
0.8656359910964966
0.7627320289611816
0.8743600249290466
0.7728750109672546
0.8830829858779907
0.7830179929733276
0.8918060064315796
0.7931609749794006
0.9005290269851685
0.8033030033111572
0.9092519879341125
