0.5770570039749146
0.7104899883270264
0.5802410244941711
0.6984019875526428
0.5834239721298218
0.6863139867782593
0.5866079926490784
0.6742269992828369
0.5897909998893738
0.6621389985084534
0.5929750204086304
0.6500509977340698
0.5961580276489258
0.6379629969596863
0.5993409752845764
0.6258749961853027
0.602524995803833
0.6137869954109192
0.614437997341156
0.6100010275840759
0.6263499855995178
0.6062150001525879
0.6382629871368408
0.6024289727210999
0.6501759886741638
0.5986419916152954
0.6620889902114868
0.5948560237884521
0.6740009784698486
0.5910699963569641
0.6859139800071716
0.5872830152511597
0.6978269815444946
0.5834969878196716
0.6908429861068726
0.5731300115585327
0.6838589906692505
0.562762975692749
0.6768749952316284
0.5523959994316101
0.6698909997940063
0.5420290231704712
0.6629070043563843
0.5316619873046875
0.6559230089187622
0.5212950110435486
0.6489390134811401
0.5109279751777649
0.6419550180435181
0.500560998916626
0.6517450213432312
0.4927879869937897
0.6615340113639832
0.48501500487327576
0.6713230013847351
0.47724199295043945
0.6811130046844482
0.46946901082992554
0.6909019947052002
0.46169599890708923
0.7006909847259521
0.45392298698425293
0.7104809880256653
0.446150004863739
0.7202699780464172
0.4383769929409027
0.7137140035629272
0.42773398756980896
0.7071580290794373
0.4170910120010376
0.7006030082702637
0.40644800662994385
0.6940469741821289
0.3958050012588501
0.6874909996986389
0.38516199588775635
0.6809350252151489
0.3745189905166626
0.6743800044059753
0.36387699842453003
0.6678239703178406
0.3532339930534363
0.6553869843482971
0.3519819974899292
0.6429489850997925
0.3507309854030609
0.630511999130249
0.349480003118515
0.6180750131607056
0.34822800755500793
0.6056380271911621
0.34697699546813965
0.5932009816169739
0.34572499990463257
0.5807629823684692
0.3444739878177643
0.5683259963989258
0.3432230055332184
0.5798090100288391
0.3382830023765564
0.5912910103797913
0.3333429992198944
0.6027740240097046
0.3284029960632324
0.6142560243606567
0.32346299290657043
0.6257389783859253
0.31852400302886963
0.6372209787368774
0.31358399987220764
0.6487039923667908
0.30864399671554565
0.6601859927177429
0.30370399355888367
0.6605929732322693
0.2919059991836548
0.6609990000724792
0.2801080048084259
0.6614059805870056
0.268310010433197
0.6618120074272156
0.25651198625564575
