0.3840329945087433
0.8462449908256531
0.3735809922218323
0.8531020283699036
0.36313000321388245
0.8599590063095093
0.35267800092697144
0.8668149709701538
0.3422270119190216
0.8736720085144043
0.3317750096321106
0.88052898645401
0.3213239908218384
0.8873860239982605
0.31087198853492737
0.8942430019378662
0.30042099952697754
0.9010990262031555
0.29049599170684814
0.8934990167617798
0.28057199716567993
0.885899007320404
0.2706480026245117
0.8782989978790283
0.2607240080833435
0.8706989884376526
0.2508000135421753
0.8630989789962769
0.2408760040998459
0.8554990291595459
0.23095199465751648
0.847898006439209
0.22102800011634827
0.8402979969978333
0.21908900141716003
0.8279489874839783
0.2171510010957718
0.8156009912490845
0.21521300077438354
0.8032519817352295
0.2132750004529953
0.7909029722213745
0.21133700013160706
0.7785540223121643
0.20939800143241882
0.7662050127983093
0.20746000111103058
0.7538570165634155
0.20552200078964233
0.7415080070495605
0.2039719969034195
0.7291039824485779
0.20242199301719666
0.7167009711265564
0.200872004032135
0.7042970061302185
0.19932200014591217
0.691893994808197
0.19777199625968933
0.6794899702072144
0.19622200727462769
0.6670870184898376
0.19467200338840485
0.654682993888855
0.193121999502182
0.6422799825668335
0.1835460066795349
0.65003901720047
0.1739709973335266
0.6577990055084229
0.1643960028886795
0.6655589938163757
0.15481999516487122
0.6733189821243286
0.1452450007200241
0.6810789704322815
