0.1513330042362213
0.95591801404953
0.14980299770832062
0.9435110092163086
0.14827300608158112
0.9311050176620483
0.1467439979314804
0.9186990261077881
0.1452140063047409
0.9062929749488831
0.1436839997768402
0.8938869833946228
0.1421550065279007
0.8814809918403625
0.140625
0.8690750002861023
0.1390949934720993
0.856669008731842
0.14742900431156158
0.8473529815673828
0.15576200187206268
0.8380360007286072
0.16409599781036377
0.8287190198898315
0.17242999374866486
0.8194019794464111
0.18076300621032715
0.8100860118865967
0.18909700214862823
0.8007689714431763
0.19742999970912933
0.7914519906044006
0.20576399564743042
0.7821360230445862
0.20612600445747375
0.7696409821510315
0.2064869999885559
0.7571460008621216
0.20684899389743805
0.7446510195732117
0.2072100043296814
0.7321569919586182
0.20757099986076355
0.7196620106697083
0.2079329937696457
0.7071670293807983
0.20829400420188904
0.6946719884872437
0.20865599811077118
0.6821780204772949
0.2020529955625534
0.671563982963562
0.19544899463653564
0.6609500050544739
0.18884600698947906
0.6503369808197021
0.1822430044412613
0.639723002910614
0.17564000189304352
0.6291099786758423
0.16903699934482574
0.6184960007667542
0.16243299841880798
0.6078829765319824
0.1558299958705902
0.5972689986228943
0.15407699346542358
0.584892988204956
0.15232299268245697
0.5725160241127014
0.15057000517845154
0.5601400136947632
0.1488170027732849
0.5477629899978638
0.1470640003681183
0.5353869795799255
0.14530999958515167
0.5230110287666321
0.14355699717998505
0.5106340050697327
0.14180399477481842
0.49825799465179443
0.13605399429798126
0.48715901374816895
0.13030299544334412
0.47606000304222107
0.12455300241708755
0.4649609923362732
0.1188030019402504
0.4538620114326477
0.11305300146341324
0.44276300072669983
0.10730300098657608
0.43166399002075195
0.10155300050973892
0.42056500911712646
0.09580279886722565
0.4094659984111786
0.09061890095472336
0.39945998787879944
0.08543509989976883
0.3894540071487427
