0.725337028503418
0.2510890066623688
0.7240269780158997
0.2635200023651123
0.7227180004119873
0.275952011346817
0.7214080095291138
0.28838300704956055
0.7200989723205566
0.3008140027523041
0.7187889814376831
0.3132449984550476
0.7174800038337708
0.32567599415779114
0.7161710262298584
0.33810800313949585
0.7148609757423401
0.3505389988422394
0.715457022190094
0.3630250096321106
0.7160519957542419
0.3755109906196594
0.7166479825973511
0.38799598813056946
0.717244029045105
0.4004819989204407
0.7178390026092529
0.4129680097103119
0.7184349894523621
0.4254539906978607
0.7190309762954712
0.43793898820877075
0.7196270227432251
0.45042499899864197
0.7190390229225159
0.4629110097885132
0.7184510231018066
0.4753980040550232
0.7178630232810974
0.4878840148448944
0.7172750234603882
0.5003700256347656
0.716687023639679
0.5128560066223145
0.7160990238189697
0.5253419876098633
0.7155110239982605
0.5378280282020569
0.7149230241775513
0.5503150224685669
0.7160059809684753
0.5627679824829102
0.7170889973640442
0.5752210021018982
0.718172013759613
0.5876740217208862
0.7192549705505371
0.6001269817352295
0.7203369736671448
0.6125800013542175
0.7214199900627136
0.6250330209732056
0.7225030064582825
0.6374859809875488
0.7235860228538513
0.6499390006065369
0.7247380018234253
0.6623860001564026
0.7258890271186829
0.6748319864273071
0.7270410060882568
0.6872789859771729
0.7281929850578308
0.6997259855270386
0.7293440103530884
0.7121729850769043
0.7304959893226624
0.72461998462677
0.7316480278968811
0.7370669841766357
0.7327989935874939
0.7495129704475403
0.7266659736633301
0.7607560157775879
0.7205320000648499
0.7719979882240295
0.714398980140686
0.783240020275116
