0.43894198536872864
0.3556250035762787
0.43852099776268005
0.3681179881095886
0.43810099363327026
0.38061100244522095
0.4376800060272217
0.3931039869785309
0.4372600018978119
0.4055970013141632
0.4368390142917633
0.41808998584747314
0.4364190101623535
0.43058300018310547
0.43599799275398254
0.4430760145187378
0.43557798862457275
0.45556899905204773
0.43444299697875977
0.46801701188087463
0.43330898880958557
0.48046600818634033
0.4321739971637726
0.49291399121284485
0.4310399889945984
0.5053619742393494
0.4299049973487854
0.5178110003471375
0.4287709891796112
0.5302590131759644
0.4276359975337982
0.5427079796791077
0.426501989364624
0.5551559925079346
0.4271619915962219
0.5676389932632446
0.42782101035118103
0.5801209807395935
0.42848101258277893
0.5926039814949036
0.42914101481437683
0.6050860285758972
0.42980000376701355
0.6175690293312073
0.43046000599861145
0.6300519704818726
0.43112000823020935
0.6425340175628662
0.43177899718284607
0.6550170183181763
0.4328179955482483
0.6674739718437195
0.4338580071926117
0.6799299716949463
0.4348970055580139
0.6923869848251343
0.43593600392341614
0.7048439979553223
0.43697500228881836
0.7172999978065491
0.4380140006542206
0.7297570109367371
0.4390529990196228
0.742214024066925
0.440091997385025
0.7546709775924683
0.4404290020465851
0.742825984954834
0.44076499342918396
0.7309809923171997
0.4411010146141052
0.7191359996795654
