0.6801909804344177
0.39694398641586304
0.6785600185394287
0.40933701395988464
0.6769279837608337
0.42173001170158386
0.6752970218658447
0.4341230094432831
0.6736660003662109
0.4465160071849823
0.6720340251922607
0.4589090049266815
0.670403003692627
0.47130200266838074
0.6687710285186768
0.48369500041007996
0.667140007019043
0.49608901143074036
0.6700829863548279
0.5082370042800903
0.6730260252952576
0.5203859806060791
0.6759690046310425
0.5325340032577515
0.6789119839668274
0.5446829795837402
0.6818550229072571
0.5568320155143738
0.684798002243042
0.5689799785614014
0.6877409815788269
0.5811290144920349
0.6906840205192566
0.5932779908180237
0.6921589970588684
0.6056900024414062
0.6936330199241638
0.61810302734375
0.6951079964637756
0.630515992641449
0.6965829730033875
0.6429280042648315
0.6980569958686829
0.6553410291671753
0.6995319724082947
0.6677539944648743
0.7010070085525513
0.6801660060882568
0.7024819850921631
0.6925789713859558
0.7045019865036011
0.7049149870872498
0.7065230011940002
0.7172499895095825
0.7085440158843994
0.7295860052108765
0.7105649709701538
0.7419210076332092
0.712585985660553
0.7542570233345032
0.714605987071991
0.7665929794311523
0.7166270017623901
0.7789279818534851
0.7186480164527893
0.791263997554779
0.7228890061378479
0.803022027015686
0.7271289825439453
0.8147810101509094
0.7313699722290039
0.8265399932861328
0.7356100082397461
0.8382989764213562
0.7398509979248047
0.8500570058822632
0.7440919876098633
0.8618159890174866
0.7483320236206055
0.87357497215271
0.7525730133056641
0.8853330016136169
0.7541859745979309
0.8968560099601746
