0.5893080234527588
0.5709130167961121
0.601764976978302
0.5698840022087097
0.6142230033874512
0.5688539743423462
0.6266800165176392
0.5678240060806274
0.6391379833221436
0.5667949914932251
0.6515949964523315
0.5657650232315063
0.6640530228614807
0.564736008644104
0.6765099763870239
0.5637059807777405
0.6889680027961731
0.5626770257949829
0.7001780271530151
0.5571460127830505
0.7113869786262512
0.5516149997711182
0.7225970029830933
0.5460839867591858
0.7338070273399353
0.5405529737472534
0.7450169920921326
0.5350220203399658
0.7562260031700134
0.5294910073280334
0.7674360275268555
0.5239599943161011
0.7786459922790527
0.5184289813041687
0.7905200123786926
0.5223360061645508
0.8023930191993713
0.5262439846992493
0.8142669796943665
0.5301510095596313
0.8261409997940063
0.5340579748153687
0.8380140066146851
0.5379649996757507
0.849888026714325
0.5418720245361328
0.8617619872093201
0.5457800030708313
0.8736349940299988
0.5496870279312134
0.8825629949569702
0.5397530198097229
0.8914920091629028
0.5298190116882324
0.9004200100898743
0.5198860168457031
0.9093480110168457
0.5099520087242126
