0.8250399827957153
0.7309449911117554
0.8371700048446655
0.7279289960861206
0.8493009805679321
0.7249130010604858
0.8614320158958435
0.7218980193138123
0.8735629916191101
0.7188820242881775
0.8856940269470215
0.7158669829368591
0.8978239893913269
0.7128509879112244
0.9099550247192383
0.7098349928855896
0.9220860004425049
0.706820011138916
0.9096660017967224
0.705407977104187
0.8972460031509399
0.703997015953064
0.8848260045051575
0.7025859951972961
0.872406005859375
0.7011740207672119
0.8599860072135925
0.6997630000114441
0.8475660085678101
0.6983510255813599
0.8351449966430664
0.696940004825592
0.8227249979972839
0.6955289840698242
0.8116739988327026
0.7013700008392334
0.8006229996681213
0.7072110176086426
0.78957200050354
0.7130529880523682
0.7785199880599976
0.7188940048217773
0.7674689888954163
0.7247350215911865
0.756417989730835
0.7305759787559509
0.7453669905662537
0.7364180088043213
0.7343159914016724
0.7422590255737305
0.7221779823303223
0.7452470064163208
0.7100399732589722
0.7482349872589111
0.6979029774665833
0.7512239813804626
0.6857650279998779
0.7542120218276978
0.6736279726028442
0.7572000026702881
0.6614900231361389
0.7601889967918396
0.64935302734375
0.7631769776344299
0.6372150182723999
0.766165018081665
0.6278070211410522
0.7743960022926331
0.618399977684021
0.7826269865036011
0.6089919805526733
0.7908570170402527
0.5995839834213257
0.7990880012512207
0.590175986289978
0.8073179721832275
0.5807679891586304
0.8155490159988403
0.5713599920272827
0.8237800002098083
0.5619530081748962
0.8320099711418152
0.5514209866523743
0.8403720259666443
0.5408890247344971
0.8487330079078674
0.5303580164909363
0.8570950031280518
0.5198259949684143
0.8654559850692749
0.5092949867248535
0.8738179802894592
