0.07931269705295563
0.690313994884491
0.0913982018828392
0.6871219873428345
0.10348399728536606
0.683929979801178
0.11556900292634964
0.6807379722595215
0.1276549994945526
0.6775460243225098
0.13974100351333618
0.6743540167808533
0.15182599425315857
0.6711620092391968
0.16391199827194214
0.6679700016975403
0.17599700391292572
0.6647779941558838
0.17218799889087677
0.6528720259666443
0.168380007147789
0.6409670114517212
0.16457100212574005
0.6290609836578369
0.1607619971036911
0.6171560287475586
0.15695300698280334
0.6052500009536743
0.15314500033855438
0.59334397315979
0.14933599531650543
0.5814390182495117
0.14552700519561768
0.5695329904556274
0.14420300722122192
0.5571039915084839
0.14287899434566498
0.5446739792823792
0.1415559947490692
0.5322440266609192
0.14023199677467346
0.5198140144348145
0.1389079988002777
0.5073850154876709
0.13758400082588196
0.49495500326156616
0.1362610012292862
0.4825249910354614
0.13493700325489044
0.47009599208831787
0.13763199746608734
0.45789000391960144
0.14032700657844543
0.4456839859485626
0.14302200078964233
0.4334779977798462
0.14571699500083923
0.42127200961112976
0.14841300249099731
0.40906599164009094
0.1511079967021942
0.3968600034713745
0.1538030058145523
0.3846539855003357
0.1564980000257492
0.37244799733161926
0.16840000450611115
0.3686259984970093
0.1803009957075119
0.3648050129413605
0.19220300018787384
0.3609839975833893
0.2041040062904358
0.3571630120277405
0.21600599586963654
0.3533410131931305
0.22790800034999847
0.3495199978351593
0.23980900645256042
0.3456990122795105
0.25171101093292236
0.3418779969215393
0.2615340054035187
0.33414700627326965
0.2713559865951538
0.3264159858226776
0.2811790108680725
0.31868499517440796
0.2910020053386688
0.3109549880027771
0.30082398653030396
0.30322399735450745
0.31064701080322266
0.2954930067062378
0.32047000527381897
0.28776198625564575
0.3302929997444153
0.2800320088863373
0.34165599942207336
0.27482399344444275
0.35301899909973145
0.2696160078048706
0.3643830120563507
0.2644079923629761
0.3757460117340088
0.25920000672340393
0.38710999488830566
0.2539919912815094
0.39847299456596375
0.24878400564193726
0.4098359942436218
0.24357500672340393
0.4212000072002411
0.2383670061826706
0.4259510040283203
0.24992899596691132
0.43070200085639954
0.26149100065231323
0.43545299768447876
0.27305299043655396
0.440203994512558
0.28461501002311707
0.4449549913406372
0.2961769998073578
0.44970598816871643
0.3077389895915985
0.45445701479911804
0.3193010091781616
0.45920801162719727
0.33086299896240234
0.4621550142765045
0.3430100083351135
0.4651010036468506
0.3551580011844635
0.46804800629615784
0.3673059940338135
0.4709939956665039
0.37945398688316345
0.47394099831581116
0.39160099625587463
0.4768880009651184
0.4037489891052246
0.4798339903354645
0.415897011756897
0.48278099298477173
0.42804500460624695
0.4851360023021698
0.4403209984302521
0.48749101161956787
0.4525969922542572
0.48984599113464355
0.46487298607826233
0.4922010004520416
0.47714900970458984
0.4945560097694397
0.48942500352859497
0.4969109892845154
0.5017020106315613
0.49926599860191345
0.5139780044555664
0.5016210079193115
0.5262539982795715
0.5039899945259094
0.5385270118713379
0.5063589811325073
0.5508009791374207
0.5087289810180664
0.563073992729187
0.5110980272293091
0.5753470063209534
0.513467013835907
0.5876209735870361
0.5158370137214661
0.5998939871788025
0.518206000328064
0.61216801404953
0.5205749869346619
0.6244410276412964
0.5236650109291077
0.6365529894828796
0.5267540216445923
0.6486650109291077
0.5298429727554321
0.6607779860496521
0.5329329967498779
0.6728900074958801
0.5360220074653625
0.6850020289421082
0.5391110181808472
0.6971139907836914
0.5422009825706482
0.7092270255088806
0.5452899932861328
0.7213389873504639
0.5479509830474854
0.7335519790649414
0.5506129860877991
0.7457659840583801
0.5532739758491516
0.7579789757728577
0.5559350252151489
0.77019202709198
0.5585970282554626
0.7824059724807739
0.5612580180168152
0.7946190237998962
0.5639190077781677
0.806833028793335
0.5665810108184814
0.8190460205078125
0.5697640180587769
0.831134021282196
0.5729479789733887
0.8432220220565796
0.5761319994926453
0.855309009552002
0.5793150067329407
0.8673970103263855
0.5824990272521973
0.879485011100769
0.5856819748878479
0.8915730118751526
0.5888659954071045
0.9036610126495361
0.5920500159263611
0.9157480001449585
0.6036149859428406
0.9109129905700684
0.615181028842926
0.9060779809951782
0.6267459988594055
0.9012420177459717
0.6383119821548462
0.8964070081710815
0.6498780250549316
0.8915719985961914
