0.6754350066184998
0.09360510110855103
0.6695150136947632
0.10461399704217911
0.6635940074920654
0.11562299728393555
0.6576730012893677
0.12663200497627258
0.6517530083656311
0.13764099776744843
0.6458320021629333
0.14864900708198547
0.6399109959602356
0.15965799987316132
0.6339899897575378
0.17066699266433716
0.6280699968338013
0.1816760003566742
0.622734010219574
0.19298000633716583
0.6173980236053467
0.20428399741649628
0.6120619773864746
0.21558800339698792
0.6067259907722473
0.22689099609851837
0.6013889908790588
0.23819500207901
0.5960530042648315
0.24949899315834045
0.5907170176506042
0.2608030140399933
0.5853809714317322
0.27210700511932373
0.5787429809570312
0.28269800543785095
0.5721039772033691
0.29328998923301697
0.5654659867286682
0.3038809895515442
0.5588269829750061
0.3144730031490326
0.5521889925003052
0.3250640034675598
0.5455510020256042
0.33565598726272583
0.5389119982719421
0.34624698758125305
0.5322740077972412
0.35683900117874146
0.5250459909439087
0.3670380115509033
0.5178189873695374
0.3772369921207428
0.510591983795166
0.38743600249290466
0.5033649802207947
0.39763501286506653
0.4961380064487457
0.407833993434906
0.4889110028743744
0.4180319905281067
0.48168298602104187
0.42823100090026855
0.4744560122489929
0.4384300112724304
0.464713990688324
0.446262001991272
0.4549719989299774
0.4540939927101135
0.44523000717163086
0.46192601323127747
0.4354870021343231
0.469758003950119
0.42574501037597656
0.47758999466896057
0.4160029888153076
0.4854219853878021
0.40626099705696106
0.49325400590896606
0.3965190052986145
0.5010859966278076
0.3875040113925934
0.4924269914627075
0.3784889876842499
0.4837679862976074
0.36947399377822876
0.4751090109348297
0.36045899987220764
0.4664500057697296
0.3514440059661865
0.45778998732566833
0.3424290120601654
0.4491310119628906
0.3334139883518219
0.4404720067977905
0.3243989944458008
0.43181300163269043
0.32645300030708313
0.4194830060005188
0.3285070061683655
0.40715301036834717
0.3305610120296478
0.39482301473617554
0.3326149880886078
0.3824920058250427
0.33466899394989014
0.3701620101928711
0.3367229998111725
0.35783201456069946
0.33877599239349365
0.34550198912620544
0.340829998254776
0.3331719934940338
0.3429259955883026
0.32058998942375183
