0.347368985414505
0.49769100546836853
0.35983699560165405
0.49858298897743225
0.3723050057888031
0.49947598576545715
0.38477298617362976
0.5003679990768433
0.3972409963607788
0.501259982585907
0.40970900654792786
0.5021529793739319
0.4221769869327545
0.5030450224876404
0.43464499711990356
0.5039370059967041
0.4471130073070526
0.504830002784729
0.4479930102825165
0.5172989964485168
0.44887301325798035
0.5297679901123047
0.44975200295448303
0.5422369837760925
0.4506320059299469
0.5547059774398804
0.4515109956264496
0.5671749711036682
0.45239099860191345
0.5796440243721008
0.4532710015773773
0.5921130180358887
0.45414999127388
0.6045820116996765
0.4668410122394562
0.6042289733886719
0.4795309901237488
0.6038770079612732
0.49222201108932495
0.6035240292549133
0.5049120187759399
0.6031709909439087
0.5176029801368713
0.60281902551651
