0.8648160099983215
0.4300679862499237
0.8541730046272278
0.4366230070590973
0.843529999256134
0.44317901134490967
0.8328869938850403
0.44973498582839966
0.8222439885139465
0.45629099011421204
0.8116009831428528
0.4628460109233856
0.800957977771759
0.4694019854068756
0.7903149724006653
0.475957989692688
0.7796720266342163
0.48251399397850037
0.7692720293998718
0.48944801092147827
0.7588719725608826
0.49638301134109497
0.7484719753265381
0.5033169984817505
0.7380719780921936
0.5102519989013672
0.7276719808578491
0.5171869993209839
0.7172719836235046
0.5241209864616394
0.7068719863891602
0.5310559868812561
0.6964719891548157
0.5379899740219116
0.683974027633667
0.5377699732780457
0.6714760065078735
0.5375490188598633
0.6589769721031189
0.5373290181159973
0.6464790105819702
0.5371080040931702
0.6339809894561768
0.536886990070343
0.6214830279350281
0.536666989326477
0.6089850068092346
0.5364459753036499
0.5964869856834412
0.5362259745597839
0.5847820043563843
0.5406129956245422
0.5730779767036438
0.5450000166893005
0.5613729953765869
0.5493879914283752
0.54966801404953
0.5537750124931335
0.5379629731178284
0.5581619739532471
0.5262590050697327
0.5625500082969666
0.5145540237426758
0.5669370293617249
0.5028489828109741
0.5713239908218384
0.4915739893913269
0.5659279823303223
0.4802989959716797
0.5605310201644897
0.46902400255203247
0.5551339983940125
0.45774900913238525
0.5497369766235352
0.44647398591041565
0.5443400144577026
0.4352000057697296
0.5389429926872253
0.4239250123500824
0.5335469841957092
0.4126499891281128
0.5281500220298767
0.40015000104904175
0.5282040238380432
0.3876500129699707
0.5282570123672485
0.37514999508857727
0.528311014175415
0.3626500070095062
0.5283650159835815
0.3501499891281128
0.528419017791748
0.33765000104904175
0.5284730195999146
0.3251500129699707
0.5285260081291199
0.31265100836753845
0.5285800099372864
0.3061000108718872
0.5179340243339539
0.29954999685287476
0.5072870254516602
0.2930000126361847
0.49664101004600525
0.28644999861717224
0.48599499464035034
0.2799000144004822
0.47534799575805664
0.2733500003814697
0.4647020101547241
0.2667990028858185
0.4540559947490692
0.26024898886680603
0.4434089958667755
0.26252999901771545
0.43111899495124817
0.2648110091686249
0.4188289940357208
0.2670910060405731
0.4065389931201935
0.26937198638916016
0.39424899220466614
0.2716529965400696
0.3819580078125
0.273934006690979
0.36966800689697266
0.27621400356292725
0.3573780059814453
0.27849501371383667
0.34508800506591797
0.2669749855995178
0.34023699164390564
0.25545400381088257
0.3353869915008545
0.2439340054988861
0.33053600788116455
0.23241299390792847
0.3256860077381134
0.220892995595932
0.3208349943161011
0.20937199890613556
0.31598401069641113
0.1978520005941391
0.31113401055336
0.18633100390434265
0.30628299713134766
0.17512699961662292
0.3007420003414154
0.1639219969511032
0.295199990272522
0.15271799266338348
0.2896589934825897
0.14151300489902496
0.2841170132160187
0.13030900061130524
0.27857500314712524
0.11910399794578552
0.273034006357193
0.10790000110864639
0.26749199628829956
0.09669499844312668
0.2619509994983673
0.10201100260019302
0.26748499274253845
