0.0815856009721756
0.24570299685001373
0.08669640123844147
0.25710999965667725
0.09180720150470734
0.26851800084114075
0.0969180017709732
0.27992498874664307
0.10202900320291519
0.29133298993110657
0.10713999718427658
0.3027400076389313
0.11225000023841858
0.3141480088233948
0.11736100167036057
0.3255549967288971
0.12247200310230255
0.3369629979133606
0.11695799976587296
0.34818100929260254
0.11144399642944336
0.3593989908695221
0.10593000054359436
0.37061700224876404
0.10041599720716476
0.381835013628006
0.09490180015563965
0.39305299520492554
0.08938769996166229
0.4042710065841675
0.0838736966252327
0.41548898816108704
0.07835959643125534
0.426706999540329
0.08317170292139053
0.4382439851760864
0.08798389881849289
0.4497799873352051
0.09279599785804749
0.4613170027732849
0.09760809689760208
0.47285398840904236
0.10242000222206116
0.484389990568161
0.1072319969534874
0.49592700600624084
0.11204399913549423
0.5074629783630371
0.11685699969530106
0.5189999938011169
0.11510899662971497
0.5313770174980164
0.11336199939250946
0.5437549948692322
0.11161399632692337
0.5561320185661316
0.10986699908971786
0.5685089826583862
0.10811900347471237
0.5808860063552856
0.10637199878692627
0.5932639837265015
0.10462500154972076
0.6056410074234009
0.10287699848413467
0.6180179715156555
0.10702800005674362
0.6298090219497681
0.11117900162935257
0.6415989995002747
0.11533000320196152
0.6533899903297424
0.11948099732398987
0.6651809811592102
0.1236329972743988
0.6769710183143616
0.12778399884700775
0.6887620091438293
0.1319350004196167
0.7005519866943359
0.13608600199222565
0.7123429775238037
0.1485770046710968
0.7128180265426636
0.16106800734996796
0.7132930159568787
0.17355899512767792
0.7137690186500549
0.18604999780654907
0.71424400806427
0.19854100048542023
0.7147189974784851
0.21103200316429138
0.7151939868927002
0.22352300584316254
0.7156689763069153
0.2360129952430725
0.7161440253257751
0.245728000998497
0.726373016834259
0.2554430067539215
0.7366009950637817
