0.5859169960021973
0.2903069853782654
0.5872719883918762
0.30273398756980896
0.5886260271072388
0.31516000628471375
0.5899810194969177
0.3275870084762573
0.5913349986076355
0.3400129973888397
0.5926899909973145
0.3524389863014221
0.594044029712677
0.3648659884929657
0.595399022102356
0.3772920072078705
0.5967530012130737
0.38971900939941406
0.5970900058746338
0.402213990688324
0.5974270105361938
0.41470998525619507
0.5977640151977539
0.42720499634742737
0.598101019859314
0.43970000743865967
0.5984370112419128
0.45219600200653076
0.5987740159034729
0.46469101309776306
0.599111020565033
0.47718700766563416
0.599448025226593
0.48968198895454407
0.6007919907569885
0.5021100044250488
0.60213702917099
0.51453697681427
0.6034809947013855
0.5269650220870972
0.6048250198364258
0.5393919944763184
0.6061699986457825
0.5518199801445007
0.6075140237808228
0.5642470121383667
0.6088579893112183
0.5766749978065491
0.6102030277252197
0.589102029800415
0.6122050285339355
0.6014410257339478
0.6142079830169678
0.6137790083885193
0.6162109971046448
0.626118004322052
0.6182140111923218
0.6384559869766235
0.6202160120010376
0.6507949829101562
0.6222190260887146
0.6631330251693726
0.6242219805717468
0.6754720211029053
0.6262249946594238
0.6878100037574768
0.6281669735908508
0.7001590132713318
0.6301100254058838
0.7125070095062256
0.6320520043373108
0.7248550057411194
0.633994996547699
0.7372030019760132
0.635936975479126
0.749550998210907
0.6378790140151978
0.7618989944458008
0.6398220062255859
0.7742480039596558
0.6417639851570129
0.7865960001945496
0.6538469791412354
0.7861909866333008
0.6659299731254578
0.785785973072052
0.6780120134353638
0.785381019115448
0.6900950074195862
0.7849760055541992
