0.3755970001220703
0.16129499673843384
0.38578298687934875
0.16854000091552734
0.3959690034389496
0.17578600347042084
0.406154990196228
0.18303200602531433
0.41634100675582886
0.19027699530124664
0.4265260100364685
0.19752299785614014
0.43671199679374695
0.20476800203323364
0.4468980133533478
0.21201400458812714
0.4570840001106262
0.21925899386405945
0.458499014377594
0.2316790074110031
0.4599129855632782
0.24409900605678558
0.46132799983024597
0.25651800632476807
0.46274301409721375
0.26893800497055054
0.46415698528289795
0.281358003616333
0.4655719995498657
0.2937769889831543
0.4669870138168335
0.30619698762893677
0.4684010148048401
0.31861698627471924
0.46854299306869507
0.3311159908771515
0.46868398785591125
0.34361499547958374
0.4688259959220886
0.356114000082016
0.468968003988266
0.36861398816108704
0.4691089987754822
0.3811129927635193
0.46925100684165955
0.39361199736595154
0.4693929851055145
0.4061110019683838
0.4695340096950531
0.41861000657081604
0.4740599989891052
0.4302619993686676
0.47858700156211853
0.44191399216651917
0.48311299085617065
0.4535660147666931
0.48763900995254517
0.4652180075645447
0.4921649992465973
0.47686898708343506
0.4966909885406494
0.488521009683609
0.5012170076370239
0.5001729726791382
0.5057430267333984
0.5118250250816345
0.5120459794998169
0.5226190090179443
0.5183500051498413
0.5334140062332153
0.5246530175209045
0.5442079901695251
0.530955970287323
0.5550029873847961
0.5372589826583862
0.565796971321106
0.5435630083084106
0.5765910148620605
0.5498660206794739
0.5873860120773315
0.5561689734458923
0.5981799960136414
0.5660989880561829
0.6057729721069336
0.5760279893875122
0.6133660078048706
0.5859580039978027
0.6209589838981628
0.5958870053291321
0.6285520195960999
0.6058170199394226
0.6361460089683533
0.615746021270752
0.6437389850616455
0.6256759762763977
0.6513320207595825
0.635604977607727
0.6589249968528748
0.6463140249252319
0.6653720140457153
0.657023012638092
0.6718199849128723
0.6677320003509521
0.6782670021057129
0.6784399747848511
0.6847149729728699
0.689149022102356
0.6911619901657104
0.6998580098152161
0.6976100206375122
0.7105669975280762
0.704056978225708
0.7212759852409363
0.7105050086975098
0.7309290170669556
0.7184460163116455
0.7405830025672913
0.7263870239257812
0.7502359747886658
0.7343279719352722
0.7598900198936462
0.742268979549408
0.7695440053939819
0.7502099871635437
0.7791969776153564
0.7581509947776794
0.7888510227203369
0.7660920023918152
0.7985039949417114
0.7740330100059509
0.8098490238189697
0.7700290083885193
0.8211939930915833
0.7660250067710876
0.832539975643158
0.7620220184326172
0.8438850045204163
0.7580180168151855
