0.4654420018196106
0.729574978351593
0.46079298853874207
0.7411779761314392
0.4561449885368347
0.7527809739112854
0.4514960050582886
0.7643849849700928
0.44684699177742004
0.775987982749939
0.4421989917755127
0.7875919938087463
0.43755000829696655
0.7991949915885925
0.432900995016098
0.8107990026473999
0.4282520115375519
0.8224020004272461
0.4243040084838867
0.8342620134353638
0.42035600543022156
0.8461220264434814
0.4164080023765564
0.8579819798469543
0.41245999932289124
0.869841992855072
0.4085110127925873
0.8817020058631897
0.4045630097389221
0.8935620188713074
0.40061500668525696
0.9054229855537415
0.3966670036315918
0.9172829985618591
0.3850649893283844
0.9126290082931519
0.3734639883041382
0.907975971698761
0.3618620038032532
0.9033219814300537
0.35026100277900696
0.8986690044403076
0.33865898847579956
0.8940160274505615
0.32705798745155334
0.8893619775772095
0.31545600295066833
0.8847090005874634
0.3038550019264221
0.8800550103187561
0.2976210117340088
0.8692200183868408
0.29138800501823425
0.8583850264549255
0.2851549983024597
0.8475499749183655
0.2789219915866852
0.8367149829864502
0.27268901467323303
0.8258799910545349
0.2664549946784973
0.8150449991226196
0.2602219879627228
0.8042100071907043
0.25398901104927063
0.7933750152587891
0.25043898820877075
0.7813900113105774
0.24688999354839325
0.7694039940834045
0.24334000051021576
0.7574189901351929
0.23979100584983826
0.7454339861869812
0.23624099791049957
0.7334480285644531
0.23269100487232208
0.7214630246162415
0.2291419953107834
0.7094770073890686
0.2255920022726059
0.6974920034408569
0.2196660041809082
0.686486005783081
0.2137410044670105
0.6754800081253052
0.2078150063753128
0.6644729971885681
0.20188899338245392
0.6534669995307922
0.1959639936685562
0.6424610018730164
0.19003799557685852
0.6314550042152405
0.18411299586296082
0.6204479932785034
0.17818699777126312
0.6094419956207275
0.1663459986448288
0.6054360270500183
0.15450499951839447
0.6014310121536255
0.14266499876976013
0.5974249839782715
0.1308239996433258
0.5934190154075623
0.11898300051689148
0.5894129872322083
0.10714200139045715
0.585407018661499
0.09530159831047058
0.5814020037651062
0.08346089720726013
0.5773959755897522
0.08197080343961716
0.5900070071220398
0.08048070222139359
0.6026179790496826
0.07899060100317001
0.6152290105819702
0.07750049978494644
0.627839982509613
0.07601039856672287
0.6404500007629395
