0.8729789853096008
0.3471589982509613
0.868241012096405
0.35872599482536316
0.8635029792785645
0.3702940046787262
0.8587650060653687
0.38186100125312805
0.8540260195732117
0.3934279978275299
0.8492879867553711
0.40499499440193176
0.8445500135421753
0.4165619909763336
0.8398110270500183
0.4281289875507355
0.8350729942321777
0.4396960139274597
0.831384003162384
0.4516400098800659
0.8276950120925903
0.46358299255371094
0.8240060210227966
0.47552600502967834
0.8203169703483582
0.48746898770332336
0.8166279792785645
0.49941301345825195
0.8129389882087708
0.511355996131897
0.8092489838600159
0.523298978805542
0.8055599927902222
0.5352420210838318
0.7920910120010376
0.5310940146446228
0.7786210179328918
0.5269449949264526
0.7651519775390625
0.5227959752082825
0.7516819834709167
0.5186480283737183
0.7382130026817322
0.5144990086555481
0.7247430086135864
0.5103510022163391
