0.2832089960575104
0.4814229905605316
0.29463300108909607
0.47634899616241455
0.30605700612068176
0.4712759852409363
0.31748101115226746
0.4662019908428192
0.32890498638153076
0.46112900972366333
0.34032899141311646
0.4560549855232239
0.35175299644470215
0.450982004404068
0.36317700147628784
0.4459080100059509
0.37460100650787354
0.44083499908447266
0.3869810104370117
0.43910399079322815
0.3993610143661499
0.4373739957809448
0.4117400050163269
0.4356429874897003
0.4241200089454651
0.4339120090007782
0.43650001287460327
0.4321820139884949
0.4488790035247803
0.43045100569725037
0.46125900745391846
0.42872101068496704
0.47363799810409546
0.42699000239372253
0.47444599866867065
0.4394640028476715
0.47525298595428467
0.4519380033016205
0.47606000304222107
0.46441200375556946
0.47686800360679626
0.47688600420951843
0.4776749908924103
0.4893589913845062
0.4784820079803467
0.5018330216407776
0.4792889952659607
0.5143070220947266
0.4800969958305359
0.5267810225486755
0.4811539947986603
0.5392360091209412
0.48221099376678467
0.551692008972168
0.48326799273490906
0.5641469955444336
0.48432499170303345
0.5766019821166992
0.485383003950119
0.5890570282936096
0.4864400029182434
0.6015120148658752
0.4874970018863678
0.613968014717102
0.4885540008544922
0.6264230012893677
0.488629013299942
0.6389229893684387
0.48870500922203064
0.6514220237731934
0.4887799918651581
0.6639220118522644
0.4888550043106079
0.6764219999313354
0.48892998695373535
0.6889219880104065
0.48900601267814636
0.7014219760894775
0.4890809953212738
0.7139210104942322
0.48915600776672363
0.7264209985733032
0.49018600583076477
0.7388790249824524
0.4912160038948059
0.7513359785079956
0.49224600195884705
0.7637940049171448
0.4932760000228882
0.7762510180473328
0.4943050146102905
0.7887089848518372
0.49533501267433167
0.8011659979820251
0.4963650107383728
0.8136240243911743
0.49739500880241394
0.8260809779167175
0.48615801334381104
0.8315150141716003
0.47492098808288574
0.8369479775428772
0.46368399262428284
0.84238201379776
0.45244601368904114
0.847815990447998
0.44120898842811584
0.8532490134239197
