0.5402569770812988
0.43496599793434143
0.5295270085334778
0.44137799739837646
0.518796980381012
0.4477910101413727
0.5080670118331909
0.4542030096054077
0.4973379969596863
0.46061599254608154
0.48660799860954285
0.4670279920101166
0.4758780002593994
0.4734410047531128
0.465148001909256
0.4798539876937866
0.45441800355911255
0.48626598715782166
0.44440799951553345
0.49375200271606445
0.43439701199531555
0.5012379884719849
0.42438599467277527
0.5087230205535889
0.41437599062919617
0.5162090063095093
0.40436500310897827
0.5236949920654297
0.394353985786438
0.5311809778213501
0.3843440115451813
0.5386660099029541
0.374332994222641
0.5461519956588745
0.36898499727249146
0.534853994846344
0.36363598704338074
0.5235559940338135
0.3582879900932312
0.512257993221283
0.35293900966644287
0.5009599924087524
0.34759101271629333
0.4896619915962219
0.3422429859638214
0.4783639907836914
0.3368940055370331
0.4670659899711609
0.33154600858688354
0.45576798915863037
0.31927600502967834
0.4533819854259491
0.30700600147247314
0.4509960114955902
0.29473599791526794
0.44860899448394775
0.28246501088142395
0.4462229907512665
0.27019500732421875
0.4438360035419464
0.25792500376701355
0.44144999980926514
0.24565500020980835
0.43906399607658386
0.23338499665260315
0.4366770088672638
0.22187499701976776
0.4417380094528198
0.21036499738693237
0.44679901003837585
0.19885499775409698
0.4518589973449707
0.1873449981212616
0.45691999793052673
0.1758349984884262
0.46198099851608276
