0.2806220054626465
0.1972540020942688
0.2828400135040283
0.2095559984445572
0.285057008266449
0.2218569964170456
0.28727400302886963
0.23415899276733398
0.2894909977912903
0.24646100401878357
0.2917090058326721
0.25876298546791077
0.2939260005950928
0.27106401324272156
0.2961429953575134
0.28336599469184875
0.29836100339889526
0.29566800594329834
0.3042849898338318
0.306674987077713
0.3102099895477295
0.3176819980144501
0.3161340057849884
0.32868799567222595
0.3220590054988861
0.339695006608963
0.32798299193382263
0.3507019877433777
0.33390799164772034
0.36170899868011475
0.33983200788497925
0.3727160096168518
0.34575700759887695
0.3837220072746277
0.35520899295806885
0.3755429983139038
0.3646619915962219
0.36736300587654114
0.3741140067577362
0.35918399691581726
0.3835659921169281
0.3510040044784546
0.3930189907550812
0.3428249955177307
0.40247100591659546
0.33464500308036804
0.41192299127578735
0.32646599411964417
0.42137598991394043
0.3182869851589203
0.42823299765586853
0.3287380039691925
0.43509000539779663
0.33918899297714233
0.44194701313972473
0.34964001178741455
0.4488050043582916
0.3600910007953644
0.4556620121002197
0.3705430030822754
0.46251899003982544
0.3809939920902252
0.46937599778175354
0.39144501090049744
0.47623398900032043
0.40189599990844727
0.47996699810028076
0.41382598876953125
0.4837009906768799
0.42575499415397644
0.4874350130558014
0.43768399953842163
0.4911690056324005
0.4496139883995056
0.49490201473236084
0.4615429937839508
0.49863600730895996
0.473471999168396
0.5023699998855591
0.48540198802948
0.5061039924621582
0.49733099341392517
0.5100809931755066
0.509181022644043
0.514057993888855
0.5210319757461548
0.5180349946022034
0.5328819751739502
0.5220119953155518
0.5447329878807068
0.5259889960289001
0.5565829873085022
0.5299659967422485
0.5684329867362976
0.5339440107345581
0.5802839994430542
0.5379210114479065
0.5921339988708496
0.5464980006217957
0.6012269854545593
0.5550749897956848
0.610319972038269
0.563651978969574
0.6194139719009399
0.5722290277481079
0.6285070180892944
0.5808060169219971
0.6376000046730042
0.5893830060958862
0.6466929912567139
0.5979599952697754
0.6557859778404236
0.6065369844436646
0.6648790240287781
0.6187300086021423
0.6676340103149414
0.6309220194816589
0.6703900098800659
0.6431149840354919
0.6731449961662292
0.6553069949150085
0.6759009957313538
0.6675000190734863
0.6786559820175171
0.6796919703483582
0.6814110279083252
0.6918849945068359
0.6841670274734497
0.7040770053863525
0.686922013759613
0.7161110043525696
0.6903039813041687
0.7281450033187866
0.6936860084533691
0.7401790022850037
0.6970679759979248
0.7522119879722595
0.7004500031471252
0.7642459869384766
0.7038319706916809
0.7762799859046936
0.7072139978408813
0.7883139848709106
0.7105960249900818
0.8003479838371277
0.7139779925346375
0.8082529902458191
0.7200859785079956
