0.20563100278377533
0.7553589940071106
0.20866599678993225
0.743232011795044
0.21170000731945038
0.7311059832572937
0.2147340029478073
0.7189800143241882
0.21776899695396423
0.706853985786438
0.22080299258232117
0.6947280168533325
0.2238370031118393
0.6826019883155823
0.22687199711799622
0.6704760193824768
0.22990599274635315
0.6583499908447266
0.2332489937543869
0.6463050246238708
0.23659299314022064
0.6342599987983704
0.2399359941482544
0.622215986251831
0.24327899515628815
0.6101710200309753
0.2466219961643219
0.598127007484436
0.24996499717235565
0.5860819816589355
0.2533090114593506
0.5740370154380798
0.25665199756622314
0.5619930028915405
0.2614240050315857
0.5504390001296997
0.26619499921798706
0.5388860106468201
0.2709670066833496
0.5273320078849792
0.27573901414871216
0.5157790184020996
0.2805100083351135
0.50422602891922
0.2852819859981537
0.49267199635505676
0.29005399346351624
0.4811190068721771
0.2948260009288788
0.4695659875869751
0.30433499813079834
0.46145200729370117
0.3138439953327179
0.45333799719810486
0.32335299253463745
0.4452250003814697
0.332861989736557
0.4371109902858734
0.34237000346183777
0.4289979934692383
0.3518790006637573
0.42088401317596436
0.3613879978656769
0.41277098655700684
0.37089699506759644
0.4046570062637329
0.36348700523376465
0.39278098940849304
0.3560760021209717
0.3809039890766144
0.3486649990081787
0.3690280020236969
