0.3432759940624237
0.47612300515174866
0.33466601371765137
0.46706101298332214
0.32605698704719543
0.45799899101257324
0.3174470067024231
0.44893699884414673
0.30883800983428955
0.43987399339675903
0.3002279996871948
0.4308120012283325
0.2916190028190613
0.421750009059906
0.28300899267196655
0.4126870036125183
0.2743990123271942
0.4036250114440918
0.2638790011405945
0.3968749940395355
0.25335800647735596
0.39012399315834045
0.24283699691295624
0.38337400555610657
0.2323170006275177
0.3766239881515503
0.22179600596427917
0.3698740005493164
0.21127599477767944
0.36312299966812134
0.20075500011444092
0.35637301206588745
0.1902340054512024
0.3496229946613312
0.19116699695587158
0.3371570110321045
0.19209900498390198
0.3246920108795166
0.19303099811077118
0.3122270107269287
0.19396300613880157
0.2997620105743408
0.19489499926567078
0.28729701042175293
0.19582700729370117
0.27483099699020386
0.19675900042057037
0.26236599683761597
0.19769099354743958
0.24990099668502808
0.18521800637245178
0.2507140040397644
0.1727440059185028
0.2515279948711395
0.16027100384235382
0.25234100222587585
0.14779700338840485
0.253154993057251
0.13532400131225586
0.2539680004119873
0.12285000085830688
0.2547819912433624
0.1103769987821579
0.25559499859809875
0.09790340065956116
0.2564089894294739
