0.7465659976005554
0.5750280022621155
0.7590370178222656
0.5758810043334961
0.771507978439331
0.5767340064048767
0.7839789986610413
0.5775880217552185
0.7964490056037903
0.5784410238265991
0.8089200258255005
0.5792940258979797
0.8213909864425659
0.5801470279693604
0.8338620066642761
0.5809999704360962
0.8463330268859863
0.5818529725074768
0.8546090126037598
0.5724850296974182
0.862883985042572
0.5631170272827148
0.8711599707603455
0.5537490248680115
0.8794360160827637
0.5443810224533081
0.8877120018005371
0.5350130200386047
0.8959879875183105
0.5256450176239014
0.9042630195617676
0.516277015209198
0.912539005279541
0.5069090127944946
0.9004989862442017
0.5125709772109985
0.8884580135345459
0.5182340145111084
0.8764169812202454
0.5238959789276123
