0.10428299754858017
0.3080120086669922
0.11588799953460693
0.3126569986343384
0.1274929940700531
0.3173010051250458
0.13909700512886047
0.32194599509239197
0.15070199966430664
0.32659101486206055
0.1623069941997528
0.33123600482940674
0.17391200363636017
0.33588099479675293
0.18551699817180634
0.3405260145664215
0.1971219927072525
0.3451699912548065
0.20473900437355042
0.33525899052619934
0.21235500276088715
0.32534700632095337
0.21997100114822388
0.315434992313385
0.2275869995355606
0.30552300810813904
0.23520299792289734
0.2956109941005707
0.24281899631023407
0.2856999933719635
0.250436007976532
0.27578800916671753
0.2580519914627075
0.26587599515914917
0.2642880082130432
0.2550419867038727
0.2705239951610565
0.24420900642871857
0.2767600119113922
0.23337599635124207
0.2829959988594055
0.22254200279712677
0.2892319858074188
0.21170899271965027
0.2954680025577545
0.20087599754333496
0.3017039895057678
0.19004200398921967
0.3079400062561035
0.17920899391174316
0.31669899821281433
0.170291006565094
0.32545700669288635
0.16137200593948364
0.33421599864959717
0.15245400369167328
0.342974990606308
0.14353600144386292
0.3517340123653412
0.13461799919605255
0.3604919910430908
0.1256999969482422
0.369251012802124
0.11678099632263184
0.37801000475883484
0.10786300152540207
0.3854469954967499
0.0985632985830307
0.3928849995136261
0.08926329761743546
0.40032199025154114
0.07996340095996857
0.40775999426841736
0.07066339999437332
