0.28444400429725647
0.9337260127067566
0.27566298842430115
0.9248290061950684
0.2668820023536682
0.9159319996833801
0.2581019997596741
0.9070360064506531
0.24932099878787994
0.8981389999389648
0.24053999781608582
0.8892430067062378
0.23175999522209167
0.8803460001945496
0.22297899425029755
0.8714500069618225
0.21419799327850342
0.8625530004501343
0.20911599695682526
0.8511329889297485
0.20403499901294708
0.8397120237350464
0.19895300269126892
0.8282920122146606
0.19387100636959076
0.8168720006942749
0.1887889951467514
0.805450975894928
0.18370699882507324
0.794031023979187
0.17862500250339508
0.7826099991798401
0.1735440045595169
0.7711899876594543
0.1702280044555664
0.7591379880905151
0.1669120043516159
0.7470859885215759
0.1635960042476654
0.7350339889526367
0.1602800041437149
0.7229809761047363
0.1569640040397644
0.7109289765357971
0.1536480039358139
0.6988769769668579
0.1503320038318634
0.6868249773979187
0.1470160037279129
0.6747729778289795
0.15314599871635437
0.6638789772987366
0.15927599370479584
0.6529849767684937
0.1654050052165985
0.6420909762382507
0.17153500020503998
0.6311969757080078
0.17766499519348145
0.6203039884567261
0.1837950050830841
0.6094099879264832
0.18992500007152557
0.5985159873962402
0.19605399668216705
0.5876219868659973
0.18881100416183472
0.5774350166320801
0.1815679967403412
0.5672469735145569
0.17432400584220886
0.5570600032806396
0.16708099842071533
0.5468729734420776
0.159838005900383
0.5366849899291992
0.15259400010108948
0.526498019695282
0.14535099267959595
0.5163099765777588
0.13810700178146362
0.5061230063438416
0.1460610032081604
0.49647998809814453
0.1540140062570572
0.4868359863758087
0.16196799278259277
0.4771929979324341
0.16992099583148956
0.46755000948905945
0.17787499725818634
0.4579069912433624
0.18582800030708313
0.4482629895210266
0.1937820017337799
0.438620001077652
0.2017350047826767
0.42897701263427734
0.21308599412441254
0.42374199628829956
0.22443699836730957
0.41850700974464417
0.2357880026102066
0.4132719933986664
0.24713900685310364
0.408037006855011
0.2584899961948395
0.4028019905090332
0.2698409855365753
0.3975670039653778
0.28119200468063354
0.3923319876194
0.2925429940223694
0.38709700107574463
0.30414000153541565
0.3824320137500763
0.3157370090484619
0.3777660131454468
0.327333003282547
0.37310099601745605
0.33893001079559326
0.36843499541282654
0.35052698850631714
0.3637700080871582
0.3621230125427246
0.3591040074825287
0.3737199902534485
0.35443899035453796
0.38531699776649475
0.34977298974990845
0.3739210069179535
0.3446359932422638
0.36252498626708984
0.33949899673461914
0.35113000869750977
0.33436301350593567
0.3397339880466461
0.32922598719596863
0.32833799719810486
0.324088990688324
0.3169420063495636
0.3189519941806793
0.30554699897766113
0.31381499767303467
0.2941510081291199
0.3086790144443512
0.2885020077228546
0.2975279986858368
0.28285300731658936
0.2863770127296448
0.2772049903869629
0.27522599697113037
0.27155598998069763
0.26407501101493835
0.2659069895744324
0.25292399525642395
0.2602579891681671
0.24177299439907074
0.25461000204086304
0.23062199354171753
0.24896100163459778
0.2194720059633255
0.26044800877571106
0.21454299986362457
0.27193498611450195
0.20961399376392365
0.2834230065345764
0.2046850025653839
0.2949100136756897
0.19975599646568298
0.3063969910144806
0.19482700526714325
0.31788399815559387
0.18989799916744232
0.32937100529670715
0.1849689930677414
0.34085899591445923
0.18004000186920166
0.3528229892253876
0.17642000317573547
0.3647870123386383
0.1728000044822693
0.37675198912620544
0.1691800057888031
0.3887160122394562
0.16556000709533691
0.4006800055503845
0.16193999350070953
0.41264501214027405
0.15831899642944336
0.4246090054512024
0.15469899773597717
0.43657299876213074
0.151078999042511
0.44064098596572876
0.16289900243282318
0.44470998644828796
0.1747180074453354
0.4487780034542084
0.1865379959344864
0.4528459906578064
0.1983570009469986
0.4569140076637268
0.2101760059595108
0.460983008146286
0.2219959944486618
0.46505099534988403
0.233814999461174
0.46911901235580444
0.2456350028514862
0.4731430113315582
0.2574689984321594
0.477167010307312
0.2693040072917938
0.4811910092830658
0.28113898634910583
0.4852150082588196
0.29297301173210144
0.4892379939556122
0.30480799078941345
0.49326199293136597
0.31664299964904785
0.49728599190711975
0.32847699522972107
0.5013099908828735
0.34031200408935547
0.505128026008606
0.3522149920463562
0.5089460015296936
0.36411699652671814
0.5127630233764648
0.37602001428604126
0.5165809988975525
0.387923002243042
0.5203989744186401
0.39982500672340393
0.5242170095443726
0.41172799468040466
0.5280349850654602
0.4236310124397278
0.5318530201911926
0.43553298711776733
0.5441679954528809
0.4309459924697876
0.5564839839935303
0.42635801434516907
0.5687999725341797
0.42177098989486694
0.5811160206794739
0.4171830117702484
0.5934320092201233
0.4125959873199463
0.6057479977607727
0.40800800919532776
