0.6549230217933655
0.7891089916229248
0.6437050104141235
0.7946209907531738
0.6324859857559204
0.800134003162384
0.6212670207023621
0.8056470155715942
0.6100490093231201
0.8111600279808044
0.598829984664917
0.8166729807853699
0.587611973285675
0.8221859931945801
0.5763930082321167
0.8276990056037903
0.5651739835739136
0.8332120180130005
0.5540170073509216
0.8388490080833435
0.5428609848022461
0.8444859981536865
0.5317040085792542
0.8501229882240295
0.5205469727516174
0.8557599782943726
0.5093899965286255
0.8613970279693604
0.49823299050331116
0.8670340180397034
0.487076997756958
0.8726710081100464
0.4759199917316437
0.8783069849014282
0.46487700939178467
0.8841649889945984
0.45383501052856445
0.8900229930877686
0.44279199838638306
0.8958809971809387
0.43174999952316284
0.9017390012741089
0.42070698738098145
0.907597005367279
0.40966498851776123
0.913453996181488
0.3986220061779022
0.9193120002746582
0.387580007314682
0.9251700043678284
0.3751409947872162
0.9264050126075745
0.36270201206207275
0.9276390075683594
0.35026299953460693
0.9288740158081055
0.3378250002861023
0.9301080107688904
0.3253859877586365
0.9313430190086365
0.31294700503349304
0.9325780272483826
0.3005079925060272
0.9338120222091675
0.2880690097808838
0.9350469708442688
0.2828289866447449
0.9236980080604553
0.27758899331092834
0.9123499989509583
0.2723489999771118
0.9010009765625
0.2671090066432953
0.8896520137786865
0.2618680000305176
0.8783040046691895
0.25662800669670105
0.8669549822807312
0.2513880133628845
0.8556060194969177
0.2461480051279068
0.8442580103874207
0.24424099922180176
0.8319039940834045
0.2423350065946579
0.8195499777793884
0.24042800068855286
0.8071969747543335
0.23852099478244781
0.7948430180549622
0.23661500215530396
0.782489001750946
0.2347079962491989
0.7701349854469299
0.23280100524425507
0.757781982421875
0.23089499771595
0.7454280257225037
0.22802700102329254
0.733260989189148
0.22516000270843506
0.7210950255393982
0.22229300439357758
0.7089279890060425
0.2194260060787201
0.6967610120773315
0.21655899286270142
0.6845939755439758
0.21369199454784393
0.6724280118942261
0.21082399785518646
0.6602609753608704
0.20795699954032898
0.6480939984321594
0.2125290036201477
0.63646000623703
0.21710200607776642
0.6248270273208618
0.22167399525642395
0.6131929755210876
0.22624599933624268
0.6015589833259583
0.2308180034160614
0.5899249911308289
0.23538999259471893
0.5782909989356995
0.23996299505233765
0.5666580200195312
0.24453499913215637
0.5550240278244019
0.246738001704216
0.5427200198173523
0.24894000589847565
0.5304149985313416
0.2511430084705353
0.518110990524292
0.2533459961414337
0.505806028842926
0.25554800033569336
0.4935019910335541
0.2577509880065918
0.4811980128288269
0.2599540054798126
0.46889299154281616
0.26215699315071106
0.456589013338089
0.2727699875831604
0.44998499751091003
0.28338301181793213
0.44338101148605347
0.29399600625038147
0.4367780089378357
0.304610013961792
0.43017399311065674
0.31522300839424133
0.42357000708580017
0.3258360028266907
0.4169670045375824
0.3364500105381012
0.41036298871040344
0.34706300497055054
0.4037590026855469
0.3558329939842224
0.41266700625419617
0.3646030128002167
0.4215739965438843
0.37337300181388855
0.4304809868335724
0.38214200735092163
0.4393880069255829
0.3909119963645935
0.4482960104942322
0.3996819853782654
0.4572030007839203
0.40845200419425964
0.4661099910736084
0.4172219932079315
0.4750170111656189
0.42515701055526733
0.4846760034561157
0.43309199810028076
0.49433401226997375
0.4410269856452942
0.5039920210838318
0.44896200299263
0.5136510133743286
0.45689699053764343
0.5233089923858643
0.46483200788497925
0.5329679846763611
0.47276800870895386
0.5426260232925415
0.4807029962539673
0.5522840023040771
0.47631001472473145
0.5414270162582397
