0.57157301902771
0.18750199675559998
0.5742909908294678
0.19970299303531647
0.5770090222358704
0.21190300583839417
0.5797269940376282
0.22410400211811066
0.5824450254440308
0.23630499839782715
0.5851629972457886
0.24850599467754364
0.5878810286521912
0.26070699095726013
0.590599000453949
0.2729080021381378
0.5933169722557068
0.2851090133190155
0.5968809723854065
0.29708999395370483
0.6004459857940674
0.30907100439071655
0.6040099859237671
0.32105201482772827
0.6075739860534668
0.3330329954624176
0.6111379861831665
0.3450140058994293
0.6147019863128662
0.35699599981307983
0.6182659864425659
0.36897701025009155
0.6218299865722656
0.3809579908847809
0.6290010213851929
0.39119601249694824
0.6361719965934753
0.401434987783432
0.6433429718017578
0.41167300939559937
0.6505140066146851
0.4219120144844055
0.6576849818229675
0.4321509897708893
0.6648560166358948
0.44238901138305664
0.6720269918441772
0.4526279866695404
0.6791980266571045
0.46286600828170776
0.6830700039863586
0.47475099563598633
0.686942994594574
0.4866360127925873
0.6908149719238281
0.49852100014686584
0.6946880221366882
0.5104060173034668
0.6985610127449036
0.5222910046577454
0.7024329900741577
0.5341759920120239
0.706305980682373
0.5460609793663025
0.710178017616272
0.5579460263252258
0.7188910245895386
0.5669100284576416
0.727603018283844
0.5758730173110962
0.7363150119781494
0.584837019443512
0.745028018951416
0.5938000082969666
0.7537400126457214
0.6027640104293823
0.7624520063400269
0.6117269992828369
0.7711650133132935
0.6206910014152527
0.7798770070075989
0.6296550035476685
0.790353000164032
0.6364740133285522
0.8008289933204651
0.643293023109436
0.8113049864768982
0.6501129865646362
0.8217809796333313
0.65693199634552
0.8322569727897644
0.663752019405365
0.8427330255508423
0.6705710291862488
0.8532080054283142
0.677390992641449
0.8636839985847473
0.6842100024223328
0.8602399826049805
0.6770650148391724
