0.7789949774742126
0.3560110032558441
0.7707030177116394
0.3653639853000641
0.7624099850654602
0.37471699714660645
0.754118025302887
0.3840709924697876
0.7458249926567078
0.39342400431632996
0.7375329732894897
0.4027769863605499
0.7292400002479553
0.41213101148605347
0.7209479808807373
0.42148399353027344
0.7126550078392029
0.4308370053768158
0.7026519775390625
0.43833398818969727
0.6926500201225281
0.44582998752593994
0.6826469898223877
0.4533259868621826
0.6726440191268921
0.4608229994773865
0.6626420021057129
0.46831899881362915
0.6526389718055725
0.4758149981498718
0.6426360011100769
0.4833120107650757
0.6326329708099365
0.49080801010131836
0.6217610239982605
0.49697500467300415
0.6108880043029785
0.5031419992446899
0.6000149846076965
0.5093100070953369
0.5891429781913757
0.5154770016670227
0.5782700181007385
0.5216439962387085
0.5673969984054565
0.5278109908103943
0.5565239787101746
0.5339779853820801
0.5456519722938538
0.5401449799537659
0.5342090129852295
0.5452409982681274
0.5227670073509216
0.5503360033035278
