0.7592219710350037
0.7267940044403076
0.7514430284500122
0.7170090079307556
0.743664026260376
0.7072250247001648
0.7358850240707397
0.6974400281906128
0.7281060218811035
0.6876559853553772
0.7203270196914673
0.6778709888458252
0.712548017501831
0.6680870056152344
0.7047690153121948
0.6583020091056824
0.6969900131225586
0.6485180258750916
0.6845980286598206
0.6468769907951355
0.6722059845924377
0.6452360153198242
0.6598140001296997
0.6435949802398682
0.6474220156669617
0.6419540047645569
0.6350299715995789
0.6403130292892456
0.622639000415802
0.6386719942092896
0.610247015953064
0.6370319724082947
0.5978549718856812
0.6353909969329834
0.5867660045623779
0.6411610245704651
0.5756779909133911
0.646930992603302
0.5645890235900879
0.6527010202407837
0.5535010099411011
0.6584709882736206
0.5424119830131531
0.6642410159111023
0.531324028968811
0.6700109839439392
0.520235002040863
0.6757810115814209
0.509145975112915
0.6815509796142578
0.4967629909515381
0.6798490285873413
0.48437899351119995
0.6781479716300964
0.471996009349823
0.6764460206031799
0.45961201190948486
0.6747440099716187
0.44722801446914673
0.6730430126190186
0.4348450005054474
0.6713410019874573
0.42246100306510925
0.669638991355896
0.4100770056247711
0.6679379940032959
0.3975889980792999
0.6684679985046387
0.38510000705718994
0.6689980030059814
0.37261098623275757
0.6695280075073242
0.3601219952106476
0.6700590252876282
0.3476339876651764
0.670589029788971
0.3351449966430664
0.671118974685669
0.3226560056209564
0.6716489791870117
0.31016701459884644
0.6721789836883545
0.31032899022102356
0.6596800088882446
0.31049099564552307
0.64718097448349
0.3106530010700226
0.6346819996833801
0.3108150064945221
0.6221830248832703
0.3109770119190216
0.6096850037574768
0.31113898754119873
0.5971860289573669
0.31130099296569824
0.5846869945526123
0.31146299839019775
0.5721880197525024
0.30274900794029236
0.5632259845733643
0.2940349876880646
0.554265022277832
0.2853200137615204
0.5453029870986938
0.2766059935092926
0.5363420248031616
0.267890989780426
0.5273799896240234
0.25917699933052063
0.5184190273284912
0.25046199560165405
0.509456992149353
0.24174800515174866
0.5004950165748596
0.2513299882411957
0.492467999458313
0.2609109878540039
0.48443999886512756
0.2704930007457733
0.47641199827194214
0.28007400035858154
0.4683850109577179
0.28965601325035095
0.46035701036453247
0.2992370128631592
0.45232900977134705
0.3088189959526062
0.4443019926548004
0.3184010088443756
0.436273992061615
0.328669011592865
0.4291459918022156
0.33893701434135437
0.42201700806617737
0.34920498728752136
0.41488900780677795
0.3594740033149719
0.40776100754737854
0.3697420060634613
0.4006330072879791
0.3800100088119507
0.39350399374961853
0.39027899503707886
0.3863759934902191
0.40054699778556824
0.3792479932308197
0.4124079942703247
0.3831929862499237
0.4242689907550812
0.3871380090713501
0.43613100051879883
0.3910819888114929
0.4479919970035553
0.3950270116329193
0.45985299348831177
0.3989720046520233
0.47171398997306824
0.4029169976711273
0.4835749864578247
0.4068619906902313
0.49543699622154236
0.41080600023269653
0.49767398834228516
0.3985080122947693
0.49990999698638916
0.38620999455451965
0.5021470189094543
0.3739120066165924
0.5043839812278748
0.361613005399704
0.5066210031509399
0.34931498765945435
0.5088580250740051
0.3370169997215271
0.5110949873924255
0.32471901178359985
0.5133309960365295
0.3124209940433502
0.5206800103187561
0.3020690083503723
0.5280280113220215
0.2917180061340332
0.535377025604248
0.2813670039176941
0.5427250266075134
0.2710149884223938
0.5500739812850952
0.2606639862060547
