0.45231398940086365
0.1975259929895401
0.4520629942417145
0.21002300083637238
0.4518109858036041
0.22252100706100464
0.45155999064445496
0.23501800000667572
0.451308012008667
0.24751600623130798
0.45105698704719543
0.26001301407814026
0.45080500841140747
0.27251100540161133
0.4505540132522583
0.2850080132484436
0.45030200481414795
0.2975060045719147
0.4508360028266907
0.30999401211738586
0.4513700008392334
0.32248300313949585
0.4519039988517761
0.33497101068496704
0.45243799686431885
0.347460001707077
0.4529719948768616
0.359948992729187
0.4535059928894043
0.3724370002746582
0.454039990901947
0.3849259912967682
0.4545750021934509
0.3974139988422394
0.4542340040206909
0.4099099934101105
0.4538939893245697
0.4224050045013428
0.4535540044307709
0.4348999857902527
0.45321398973464966
0.44739601016044617
0.45287400484085083
0.4598909914493561
0.4525330066680908
0.4723869860172272
0.4521929919719696
0.4848819971084595
0.4518530070781708
0.4973770081996918
0.45283401012420654
0.5098389983177185
0.4538150131702423
0.5223000049591064
0.45479699969291687
0.5347620248794556
0.45577800273895264
0.5472229719161987
0.4567590057849884
0.5596839785575867
0.45774099230766296
0.5721459984779358
0.45872199535369873
0.5846070051193237
0.4597029983997345
0.5970690250396729
0.45536500215530396
0.6087920069694519
0.4510279893875122
0.620514988899231
0.44668999314308167
0.63223797082901
0.4423519968986511
0.643962025642395
0.43801501393318176
0.6556850075721741
0.43367698788642883
0.6674079895019531
0.4293389916419983
0.6791309714317322
0.42500200867652893
0.6908550262451172
0.42301100492477417
0.7031949758529663
0.4210210144519806
0.7155359983444214
0.4190309941768646
0.7278760075569153
0.41704100370407104
0.7402169704437256
0.41505101323127747
0.7525569796562195
0.4130609929561615
0.7648980021476746
0.4110710024833679
0.7772390246391296
0.40908101201057434
0.7895789742469788
0.4064899981021881
0.8018079996109009
0.4038980007171631
0.8140360116958618
0.40130698680877686
0.8262649774551392
0.398716002702713
0.8384929895401001
0.3961249887943268
0.850721001625061
0.39353299140930176
0.8629500269889832
0.3909420073032379
0.8751779794692993
0.3883509933948517
0.8874070048332214
0.37697601318359375
0.8925899863243103
0.3656010031700134
0.897773027420044
0.3542259931564331
0.9029549956321716
0.34285101294517517
0.9081379771232605
0.33147698640823364
0.9133210182189941
0.3201020061969757
0.918503999710083
0.3087269961833954
0.9236869812011719
0.29735198616981506
0.9288700222969055
0.2850860059261322
0.9304220080375671
0.27281901240348816
0.9319750070571899
0.2605530023574829
0.9335280060768127
0.24828700721263885
0.9350810050964355
0.23601999878883362
0.9366340041160583
