0.8112940192222595
0.37252700328826904
0.8037310242652893
0.3824779987335205
0.7961670160293579
0.39243000745773315
0.7886030077934265
0.4023819863796234
0.7810389995574951
0.41233399510383606
0.7734760046005249
0.4222860038280487
0.7659119963645935
0.43223801255226135
0.7583479881286621
0.4421899914741516
0.7507849931716919
0.45214200019836426
0.7475929856300354
0.46422699093818665
0.7444009780883789
0.4763129949569702
0.7412089705467224
0.4883979856967926
0.7380170226097107
0.5004839897155762
0.7348250150680542
0.5125700235366821
0.7316330075263977
0.5246549844741821
0.7284409999847412
0.5367410182952881
0.7252489924430847
0.5488259792327881
0.722868025302887
0.5610970258712769
0.7204859852790833
0.5733680129051208
0.7181050181388855
0.585640013217926
0.7157229781150818
0.59791100025177
0.713342010974884
0.610181987285614
0.7109599709510803
0.622452974319458
0.7085790038108826
0.6347240209579468
0.7061970233917236
0.6469950079917908
0.7038530111312866
0.6592730283737183
0.7015079855918884
0.671550989151001
0.6991639733314514
0.6838290095329285
0.696819007396698
0.6961069703102112
0.6944739818572998
0.7083849906921387
0.6921300292015076
0.7206640243530273
0.6897850036621094
0.7329419851303101
0.6874399781227112
0.7452200055122375
0.6858310103416443
0.758201003074646
