0.29355499148368835
0.1537339985370636
0.3059310019016266
0.15549300611019135
0.3183070123195648
0.1572519987821579
0.33068200945854187
0.15901100635528564
0.3430579900741577
0.1607699990272522
0.35543400049209595
0.16252799332141876
0.367808997631073
0.1642870008945465
0.38018500804901123
0.16604599356651306
0.3925600051879883
0.1678050011396408
0.40070199966430664
0.15832099318504333
0.408843994140625
0.14883600175380707
0.41698598861694336
0.1393509954214096
0.4251280128955841
0.12986700236797333
0.43327000737190247
0.12038200348615646
0.4414120018482208
0.110896997153759
0.4495539963245392
0.10141299664974213
0.45769599080085754
0.09192779660224915
0.4624300003051758
0.10349699854850769
0.4671649932861328
0.11506500095129013
0.47189900279045105
0.12663400173187256
0.4766330122947693
0.1382029950618744
0.4813680052757263
0.14977100491523743
0.48610201478004456
0.16133999824523926
0.4908370077610016
0.17290900647640228
0.49557098746299744
0.1844779998064041
0.4996969997882843
0.19627699255943298
0.50382399559021
0.20807600021362305
0.5079500079154968
0.21987499296665192
0.5120760202407837
0.23167499899864197
0.516202986240387
0.24347400665283203
0.5203289985656738
0.2552730143070221
0.5244560241699219
0.26707300543785095
0.528581976890564
0.278872013092041
0.5344470143318176
0.2899110019207001
0.5403109788894653
0.30094999074935913
0.546176016330719
0.3119879961013794
0.5520399808883667
0.32302701473236084
0.5579050183296204
0.3340660035610199
0.5637689828872681
0.34510499238967896
0.5696340203285217
0.3561440110206604
0.5754989981651306
0.36718299984931946
0.5841860175132751
0.3761709928512573
0.5928720235824585
0.3851589858531952
0.6015589833259583
0.39414700865745544
0.6102460026741028
0.4031359851360321
0.6189330220222473
0.41212400794029236
0.6276199817657471
0.4211120009422302
0.6363070011138916
0.4300999939441681
0.6449940204620361
0.43908798694610596
0.6541730165481567
0.4475730061531067
0.6633530259132385
0.45605799555778503
0.6725320219993591
0.4645420014858246
0.6817119717597961
0.47302699089050293
0.6908910274505615
0.4815109968185425
0.7000700235366821
0.4899959862232208
0.7092499732971191
0.49848100543022156
0.7184290289878845
0.5069649815559387
0.7289289832115173
0.5114960074424744
0.7394300103187561
0.5160269737243652
0.7499300241470337
0.5205569863319397
0.7604309916496277
0.5250880122184753
