0.2567870020866394
0.6915730237960815
0.24469800293445587
0.6883940100669861
0.23260900378227234
0.6852139830589294
0.2205200046300888
0.6820350289344788
0.20843100547790527
0.6788550019264221
0.19634200632572174
0.6756759881973267
0.1842530071735382
0.6724969744682312
0.17216399312019348
0.6693170070648193
0.16007600724697113
0.6661379933357239
0.16723600029945374
0.655892014503479
0.17439700663089752
0.6456469893455505
0.18155799806118011
0.6354010105133057
0.1887190043926239
0.6251559853553772
0.1958799958229065
0.6149100065231323
0.20304100215435028
0.6046649813652039
0.21020199358463287
0.594419002532959
0.21736299991607666
0.5841739773750305
0.21653999388217926
0.5717009902000427
0.21571800112724304
0.5592280030250549
0.21489499509334564
0.5467550158500671
0.21407300233840942
0.5342820286750793
0.21324999630451202
0.5218089818954468
0.21242700517177582
0.509335994720459
0.2116049975156784
0.4968630075454712
0.2107820063829422
0.484389990568161
0.20996999740600586
0.4719170033931732
0.2091580033302307
0.45944300293922424
0.20834599435329437
0.44696998596191406
0.20753400027751923
0.4344959855079651
0.2067209929227829
0.4220220148563385
0.20590899884700775
0.4095489978790283
0.2050970047712326
0.39707499742507935
0.20428499579429626
0.38460201025009155
0.21220000088214874
0.37492701411247253
0.22011399269104004
0.36525198817253113
0.22802899777889252
0.3555760085582733
0.235944002866745
0.3459010124206543
0.24385899305343628
0.3362259864807129
0.25177299976348877
0.32655099034309387
0.25968798995018005
0.31687599420547485
0.2676030099391937
0.30720099806785583
0.27818500995635986
0.3005479872226715
0.288767009973526
0.2938939929008484
0.29934900999069214
0.28723999857902527
0.3099310100078583
0.28058600425720215
0.3205130100250244
0.2739329934120178
0.33109501004219055
0.2672789990901947
0.3416770100593567
0.2606250047683716
0.3522590100765228
0.25397101044654846
0.35390400886535645
0.24157999455928802
0.35554900765419006
0.22918899357318878
0.3571940064430237
0.21679799258708954
0.3588399887084961
0.2044059932231903
0.3604849874973297
0.19201500713825226
0.36212998628616333
0.17962400615215302
0.36377501487731934
0.16723300516605377
0.36542099714279175
0.15484100580215454
0.37564098834991455
0.1476449966430664
0.38586199283599854
0.14044800400733948
0.3960820138454437
0.13325099647045135
0.4063029885292053
0.12605500221252441
0.4165230095386505
0.11885800212621689
0.4267440140247345
0.11166200041770935
0.4369640052318573
0.10446500033140182
0.4471850097179413
0.09726829826831818
0.451231986284256
0.109094999730587
0.45528000593185425
0.12092100083827972
0.4593279957771301
0.13274799287319183
0.463375985622406
0.14457400143146515
0.4674240052700043
0.15639999508857727
0.47147199511528015
0.16822700202465057
0.4755200147628784
0.1800529956817627
0.4795680046081543
0.191880002617836
0.48593899607658386
0.20263400673866272
0.4923099875450134
0.21338899433612823
0.4986799955368042
0.22414399683475494
0.5050510168075562
0.23489800095558167
0.5114219784736633
0.24565300345420837
0.5177929997444153
0.2564080059528351
0.524163007736206
0.2671630084514618
0.530534029006958
0.2779169976711273
0.5355780124664307
0.28935399651527405
0.5406230092048645
0.3007909953594208
0.5456669926643372
0.3122279942035675
0.5507109761238098
0.32366499304771423
0.5557559728622437
0.33510199189186096
0.5608000159263611
0.3465389907360077
0.5658439993858337
0.3579759895801544
0.5708889961242676
0.36941298842430115
0.5787540078163147
0.37912800908088684
0.5866190195083618
0.38884401321411133
0.5944849848747253
0.39855900406837463
0.6023499965667725
0.40827399492263794
0.6102150082588196
0.4179899990558624
0.6180809736251831
0.42770498991012573
0.6259459853172302
0.4374200105667114
0.6338109970092773
0.44713500142097473
0.6461740136146545
0.4489839971065521
0.658536970615387
0.4508329927921295
0.670898973941803
0.4526810050010681
0.6832619905471802
0.4545300006866455
0.6956239938735962
0.4563780128955841
0.7079870104789734
0.4582270085811615
0.7203490138053894
0.4600760042667389
0.7327119708061218
0.4619239866733551
0.7428789734840393
0.46919599175453186
0.7530459761619568
0.4764679968357086
0.7632129788398743
0.4837400019168854
0.7733799815177917
0.49101200699806213
0.7835469841957092
0.4982840120792389
0.7937139868736267
0.5055559873580933
0.8038809895515442
0.51282799243927
0.8140479922294617
0.5200999975204468
0.8244670033454895
0.527006983757019
0.8348850011825562
0.5339140295982361
0.8453029990196228
0.5408210158348083
0.8557209968566895
0.5477290153503418
0.8661389946937561
0.5546360015869141
0.8765580058097839
0.5615429878234863
0.8869760036468506
0.5684509873390198
0.8973940014839172
0.575357973575592
0.886696994304657
0.5818250179290771
0.8759999871253967
0.5882920026779175
0.8653029799461365
0.5947589874267578
0.8546059727668762
0.6012259721755981
0.8439090251922607
0.6076930165290833
0.8332120180130005
0.6141600012779236
0.822513997554779
0.6206269860267639
0.8118169903755188
0.6270939707756042
0.8001059889793396
0.6239590048789978
0.7883949875831604
0.6208239793777466
