0.551367998123169
0.08765900135040283
0.550163984298706
0.10010100156068802
0.5489599704742432
0.1125430017709732
0.547756016254425
0.12498500198125839
0.5465530157089233
0.13742700219154358
0.5453490018844604
0.14986899495124817
0.5441449880599976
0.16231000423431396
0.5429409742355347
0.17475199699401855
0.541737973690033
0.18719400465488434
0.5414850115776062
0.1996919959783554
0.5412309765815735
0.21218900382518768
0.5409780144691467
0.22468699514865875
0.5407249927520752
0.23718400299549103
0.5404719710350037
0.2496809959411621
0.5402190089225769
0.2621789872646332
0.5399659872055054
0.27467599511146545
0.5397130250930786
0.2871739864349365
0.5400769710540771
0.29966801404953003
0.5404419898986816
0.31216299533843994
0.5408070087432861
0.32465800642967224
0.5411720275878906
0.33715200424194336
0.5415369868278503
0.34964698553085327
0.5419020056724548
0.36214199662208557
0.5422670245170593
0.37463700771331787
0.5426309704780579
0.387131005525589
0.5429660081863403
0.3996270000934601
0.543300986289978
0.4121220111846924
0.5436350107192993
0.4246180057525635
0.543969988822937
0.4371129870414734
0.5443050265312195
0.44960901141166687
0.544638991355896
0.4621039927005768
0.5449740290641785
0.4745999872684479
0.545307993888855
0.4870949983596802
0.5576249957084656
0.49129000306129456
0.569940984249115
0.49548399448394775
0.5822569727897644
0.49967899918556213
0.594573974609375
0.5038729906082153
