0.32554900646209717
0.19931599497795105
0.33489200472831726
0.20761999487876892
0.34423500299453735
0.2159239947795868
0.35357800126075745
0.22422799468040466
0.36292099952697754
0.23253199458122253
0.37226399779319763
0.2408359944820404
0.3816069960594177
0.24913999438285828
0.3909499943256378
0.25744399428367615
0.4002929925918579
0.2657490074634552
0.3998189866542816
0.27823999524116516
0.3993450105190277
0.2907310128211975
0.3988719880580902
0.30322200059890747
0.3983980119228363
0.31571298837661743
0.39792400598526
0.3282040059566498
0.3974500000476837
0.34069499373435974
0.3969770073890686
0.3531860113143921
0.3965030014514923
0.36567699909210205
0.3895840048789978
0.3760870099067688
0.3826650083065033
0.38649800419807434
0.3757460117340088
0.3969079852104187
0.3688269853591919
0.40731900930404663
0.3619079887866974
0.417728990316391
0.3549889922142029
0.4281400144100189
0.3480699956417084
0.4385499954223633
0.34115099906921387
0.4489609897136688
0.3364369869232178
0.46053799986839294
0.3317219913005829
0.4721139967441559
0.3270080089569092
0.48369100689888
0.3222939968109131
0.49526798725128174
0.3175790011882782
0.5068449974060059
0.3128649890422821
0.51842200756073
0.3081499934196472
0.5299990177154541
0.3034360110759735
0.5415760278701782
0.2932339906692505
0.5487980246543884
0.28303200006484985
0.556020975112915
0.2728300094604492
0.5632439851760864
0.2626279890537262
0.5704669952392578
0.25242599844932556
0.577688992023468
0.24222299456596375
0.5849120020866394
0.2320210039615631
0.5921350121498108
0.22181899845600128
0.5993580222129822
0.21124400198459625
0.5926929712295532
0.2006700038909912
0.586027979850769
0.19009500741958618
0.5793629884719849
0.17951999604701996
0.5726979970932007
0.16894499957561493
0.5660330057144165
0.1583700031042099
0.5593680143356323
0.14779500663280487
0.5527030229568481
0.13721999526023865
0.5460379719734192
0.14390699565410614
0.5342720150947571
0.15059299767017365
0.5225059986114502
0.15727899968624115
0.5107399821281433
0.16396600008010864
0.49897301197052
0.17065200209617615
0.48720699548721313
0.17733900249004364
0.47544100880622864
