0.5908989906311035
0.21468299627304077
0.5854079723358154
0.22591300308704376
0.5799170136451721
0.23714199662208557
0.574425995349884
0.24837200343608856
0.568934977054596
0.25960099697113037
0.563444972038269
0.27083098888397217
0.5579540133476257
0.28205999732017517
0.5524629950523376
0.29328998923301697
0.5469719767570496
0.30451899766921997
0.5433560013771057
0.3164849877357483
0.5397409796714783
0.3284499943256378
0.5361250042915344
0.3404160141944885
0.532509982585907
0.35238200426101685
0.5288940072059631
0.36434701085090637
0.5252779722213745
0.3763130009174347
0.5216630101203918
0.388278990983963
0.5180469751358032
0.40024399757385254
0.5141779780387878
0.4121299982070923
0.510308027267456
0.42401599884033203
0.5064380168914795
0.4359019994735718
0.5025680065155029
0.4477880001068115
0.49869900941848755
0.45967400074005127
0.494828999042511
0.471560001373291
0.4909589886665344
0.48344600200653076
0.48708900809288025
0.4953320026397705
0.48218199610710144
0.5068280100822449
0.477275013923645
0.5183249711990356
0.4723680019378662
0.5298219919204712
0.4674609899520874
0.5413179993629456
0.462554007768631
0.5528150200843811
0.4576469957828522
0.5643110275268555
0.45274001359939575
0.5758079886436462
0.44783300161361694
0.5873050093650818
0.44254299998283386
0.5986300110816956
0.4372529983520508
0.6099550127983093
0.4319629967212677
0.6212810277938843
0.4266729950904846
0.632606029510498
0.42138299345970154
0.6439319849014282
0.41609299182891846
0.655256986618042
0.4108029901981354
0.6665819883346558
0.4055129885673523
0.6779080033302307
0.402321994304657
0.6899939775466919
0.39913201332092285
0.7020800113677979
0.39594200253486633
0.714165985584259
0.3927519917488098
0.726252019405365
0.3895620107650757
0.7383379936218262
0.38637199997901917
0.7504240274429321
0.38318198919296265
0.7625100016593933
0.3799920082092285
0.7745959758758545
0.36793801188468933
0.7712870240211487
0.35588398575782776
0.7679769992828369
0.3438299894332886
0.7646669745445251
0.33177700638771057
0.7613570094108582
0.3197230100631714
0.7580479979515076
0.3076690137386322
0.7547379732131958
0.29561498761177063
0.7514280080795288
0.28356099128723145
0.748117983341217
0.2723029851913452
0.7511119842529297
0.26104500889778137
0.7541049718856812
0.24978700280189514
0.7570980191230774
0.2385289967060089
0.7600910067558289
