0.16155500710010529
0.17668600380420685
0.1740500032901764
0.17632099986076355
0.1865449994802475
0.17595599591732025
0.1990399956703186
0.17559100687503815
0.21153399348258972
0.17522600293159485
0.22402900457382202
0.17486000061035156
0.23652400076389313
0.17449499666690826
0.24901799857616425
0.17412999272346497
0.26151299476623535
0.17376500368118286
0.2690419852733612
0.18374300003051758
0.27657100558280945
0.19372199475765228
0.2840999960899353
0.2037000060081482
0.29162800312042236
0.2136780023574829
0.2991569936275482
0.22365699708461761
0.30668601393699646
0.23363499343395233
0.3142150044441223
0.24361300468444824
0.32174399495124817
0.25359100103378296
0.33278098702430725
0.24772299826145172
0.34381699562072754
0.2418539971113205
0.3548539876937866
0.23598499596118927
0.3658910095691681
0.23011599481105804
0.376926988363266
0.224248006939888
0.38796401023864746
0.21837900578975677
0.39900100231170654
0.21251000463962555
0.41003701090812683
0.20664100348949432
0.4104500114917755
0.21913400292396545
0.4108630120754242
0.23162800073623657
0.4112760126590729
0.2441210001707077
0.41168901324272156
0.25661399960517883
0.41210201382637024
0.26910701394081116
0.4125150144100189
0.2815999984741211
0.4129279851913452
0.2940930128097534
0.4133409857749939
0.30658701062202454
0.41299501061439514
0.31908199191093445
0.4126499891281128
0.33157700300216675
0.41230499744415283
0.34407201409339905
0.41196000576019287
0.35656800866127014
0.4116150140762329
0.36906298995018005
0.41126999258995056
0.38155800104141235
0.4109250009059906
0.39405301213264465
0.41057899594306946
0.40654900670051575
0.4109260141849518
0.41904398798942566
0.41127198934555054
0.43153899908065796
0.41161900758743286
0.44403401017189026
0.411965012550354
0.45652899146080017
0.41231200098991394
0.46902498602867126
0.4126580059528351
0.48151999711990356
0.4130040109157562
0.49401500821113586
0.41335099935531616
0.5065100193023682
0.41321900486946106
0.519008994102478
0.41308701038360596
0.5315089821815491
0.41295498609542847
0.5440080165863037
0.41282299160957336
0.5565069913864136
0.41269099712371826
0.5690069794654846
0.41255900263786316
0.5815060138702393
0.41242700815200806
0.5940049886703491
0.41229501366615295
0.6065049767494202
0.4104349911212921
0.6188650131225586
0.40857601165771484
0.6312260031700134
0.4067170023918152
0.6435869932174683
0.4048579931259155
0.6559479832649231
0.40299901366233826
0.6683089733123779
0.4011389911174774
0.6806700229644775
0.39928001165390015
0.6930310130119324
0.3974210023880005
0.7053920030593872
0.3849230110645294
0.7051740288734436
0.37242498993873596
0.704954981803894
0.3599269986152649
0.7047370076179504
0.34742799401283264
0.7045180201530457
0.3349300026893616
0.7042999863624573
0.3224320113658905
0.7040809988975525
0.30993399024009705
0.7038630247116089
0.297435998916626
0.7036439776420593
0.28602099418640137
0.7034450173377991
