0.48967400193214417
0.6103289723396301
0.48020100593566895
0.6184830069541931
0.47072699666023254
0.6266379952430725
0.4612540006637573
0.6347929835319519
0.4517799913883209
0.6429479718208313
0.4423069953918457
0.6511030197143555
0.4328329861164093
0.6592580080032349
0.4233599901199341
0.6674129962921143
0.41388601064682007
0.6755679845809937
0.40714800357818604
0.6860960125923157
0.400409996509552
0.6966249942779541
0.39367198944091797
0.7071530222892761
0.3869340121746063
0.7176820039749146
0.3801969885826111
0.728210985660553
0.37345901131629944
0.738739013671875
0.3667210042476654
0.7492679953575134
0.35998299717903137
0.7597960233688354
0.3475399911403656
0.7609930038452148
0.335097998380661
0.7621889710426331
0.32265499234199524
0.7633860111236572
0.31021198630332947
0.7645829916000366
0.2977699935436249
0.7657790184020996
0.2853269875049591
0.766975998878479
0.2728849947452545
0.7681729793548584
0.26044198870658875
0.7693690061569214
0.25052499771118164
0.7617599964141846
0.24060699343681335
0.7541509866714478
0.23069000244140625
0.7465429902076721
0.22077299654483795
0.7389339804649353
0.21085500717163086
0.7313249707221985
0.20093800127506256
0.7237160205841064
0.19101999700069427
0.7161070108413696
0.18110300600528717
0.7084980010986328
0.18101899325847626
0.6959980130195618
0.18093399703502655
0.6834989786148071
0.18084999918937683
0.6709989905357361
0.18076500296592712
0.658499002456665
0.1806810051202774
0.645999014377594
0.1805959939956665
0.6334999799728394
0.18051199615001678
0.6209999918937683
0.18042699992656708
0.6085000038146973
0.1712779998779297
0.5999839901924133
0.1621280014514923
0.591467022895813
0.15297800302505493
0.582951009273529
0.14382800459861755
0.5744339823722839
0.13467900454998016
0.5659170150756836
0.12552900612354279
0.5574010014533997
0.11637900024652481
0.5488839745521545
0.10722900182008743
0.5403680205345154
0.09759239852428436
0.5313979983329773
