0.2810010015964508
0.8777819871902466
0.2870199978351593
0.8668270111083984
0.293038010597229
0.8558710217475891
0.2990570068359375
0.8449159860610962
0.305076003074646
0.8339599967002869
0.3110949993133545
0.8230050206184387
0.317113995552063
0.8120489716529846
0.3231329917907715
0.8010939955711365
0.3291510045528412
0.7901380062103271
0.32362100481987
0.7789279818534851
0.3180910050868988
0.7677180171012878
0.3125610053539276
0.7565079927444458
0.3070310056209564
0.7452980279922485
0.30149999260902405
0.7340869903564453
0.29596999287605286
0.722877025604248
0.29043999314308167
0.711667001247406
0.2849099934101105
0.700456976890564
0.2816550135612488
0.6883879899978638
0.2784000039100647
0.6763190031051636
0.2751460075378418
0.6642510294914246
0.2718909978866577
0.6521819829940796
0.26863598823547363
0.6401129961013794
0.26538100838661194
0.6280440092086792
0.26212701201438904
0.615975022315979
0.25887200236320496
0.603905975818634
0.24833500385284424
0.5971819758415222
0.23779700696468353
0.5904579758644104
0.22725999355316162
0.5837339758872986
0.21672199666500092
0.5770099759101868
0.2061849981546402
0.570285975933075
0.1956470012664795
0.5635619759559631
0.18511000275611877
0.5568389892578125
0.17457200586795807
0.5501149892807007
0.16466699540615082
0.5424900054931641
0.15476199984550476
0.5348650217056274
0.1448570042848587
0.527239978313446
0.13495199382305145
0.5196149945259094
0.1250469982624054
0.5119900107383728
0.11514099687337875
0.5043650269508362
0.1052360013127327
0.49674099683761597
0.09533119946718216
0.48911601305007935
0.0958866998553276
0.47662800550460815
0.09644220024347305
0.46414101123809814
0.09699759632349014
0.45165300369262695
0.09755309671163559
0.43916499614715576
0.09810859709978104
0.42667800188064575
0.09866409748792648
0.41418999433517456
0.09921959787607193
0.40170198678970337
0.09977509826421738
0.38921499252319336
0.10033100098371506
0.37672701478004456
0.10088600218296051
0.36423900723457336
0.10144200176000595
0.35175201296806335
0.1019970029592514
0.33926400542259216
0.10255199670791626
0.32677599787712097
0.1031079962849617
0.31428900361061096
0.10366299748420715
0.30180099606513977
0.1042189970612526
0.2893129885196686
0.0993259996175766
0.2778109908103943
0.09443309903144836
0.2663080096244812
0.08954019844532013
0.2548060119152069
0.08464720100164413
0.24330300092697144
0.0797543004155159
0.23180000483989716
0.07486139982938766
0.22029800713062286
0.06996849924325943
0.2087949961423874
0.0650755986571312
0.1972929984331131
0.06831979751586914
0.18522100150585175
0.07156399637460709
0.1731490045785904
0.07480829954147339
0.16107800602912903
0.07805249840021133
0.14900599420070648
0.08129669725894928
0.13693399727344513
0.08454100042581558
0.12486299872398376
0.08778519928455353
0.11279100179672241
0.09102939814329147
0.10071899741888046
0.09872090071439743
0.08951099961996078
0.10641200095415115
0.07830250263214111
