0.1462779939174652
0.6954190135002136
0.15831799805164337
0.6920599937438965
0.17035800218582153
0.6887000203132629
0.18239900469779968
0.6853410005569458
0.19443899393081665
0.6819819808006287
0.2064789980649948
0.6786220073699951
0.21851900219917297
0.675262987613678
0.23055900633335114
0.6719030141830444
0.2425989955663681
0.6685439944267273
0.24031299352645874
0.6562550067901611
0.23802700638771057
0.6439650058746338
0.2357410043478012
0.6316760182380676
0.23345500230789185
0.6193869709968567
0.23116900026798248
0.6070979833602905
0.22888299822807312
0.5948089957237244
0.22659699618816376
0.582518994808197
0.2243109941482544
0.5702300071716309
0.22573299705982208
0.5578110218048096
0.22715499997138977
0.5453929901123047
0.22857700288295746
0.5329740047454834
0.22999900579452515
0.5205550193786621
0.23142099380493164
0.508135974407196
0.23284299671649933
0.49571698904037476
0.23426499962806702
0.48329800367355347
0.2356870025396347
0.4708789885044098
0.24797900021076202
0.4686090052127838
0.26027101278305054
0.46634000539779663
0.27256301045417786
0.46406999230384827
0.2848550081253052
0.4618000090122223
0.2971470057964325
0.4595299959182739
0.3094399869441986
0.45726001262664795
0.3217320144176483
0.4549899995326996
0.33402401208877563
0.4527199864387512
0.32978498935699463
0.44096100330352783
0.325545996427536
0.42920199036598206
0.3213070034980774
0.4174419939517975
0.3170680105686188
0.4056830108165741
0.31283000111579895
0.3939239978790283
0.30859100818634033
0.38216400146484375
0.3043519854545593
0.370404988527298
0.3001129925251007
0.3586460053920746
0.30472099781036377
0.347025990486145
0.30932900309562683
0.33540698885917664
0.3139379918575287
0.32378700375556946
0.31854599714279175
0.3121669888496399
0.3231540024280548
0.3005479872226715
0.32776200771331787
0.28892800211906433
0.33237001299858093
0.27730900049209595
0.3369790017604828
0.2656889855861664
0.34134799242019653
0.25397801399230957
0.34571799635887146
0.24226699769496918
0.3500880002975464
0.23055499792099
0.3544580042362213
0.2188439965248108
0.35882800817489624
0.2071329951286316
0.36319801211357117
0.1954209953546524
0.3675670027732849
0.1837099939584732
0.37193700671195984
0.171998992562294
0.3842349946498871
0.1697559952735901
0.39653199911117554
0.16751399636268616
0.408829003572464
0.16527099907398224
0.42112600803375244
0.1630290001630783
0.4334230124950409
0.1607860028743744
0.44572100043296814
0.15854400396347046
0.4580180048942566
0.15630100667476654
0.47031500935554504
0.15405899286270142
0.4791100025177002
0.16294200718402863
0.48790401220321655
0.17182500660419464
0.4966990053653717
0.18070800602436066
0.5054929852485657
0.18959100544452667
0.5142880082130432
0.1984740048646927
0.5230820178985596
0.2073570042848587
0.5318769812583923
0.21623900532722473
0.5406709909439087
0.22512200474739075
0.5490120053291321
0.23443299531936646
0.5573520064353943
0.24374300241470337
0.5656930208206177
0.2530539929866791
0.5740339756011963
0.262364000082016
0.5823739767074585
0.2716749906539917
0.5907149910926819
0.2809849977493286
0.5990549921989441
0.2902950048446655
0.6073960065841675
0.29960599541664124
0.6148999929428101
0.3096030056476593
0.6224049925804138
0.3195990025997162
0.6299089789390564
0.32959601283073425
0.6374130249023438
0.33959299325942993
0.6449180245399475
0.349590003490448
0.6524220108985901
0.35958701372146606
0.6599259972572327
0.36958301067352295
0.6674299836158752
0.37957999110221863
0.6699939966201782
0.3918139934539795
0.6725580096244812
0.40404900908470154
0.6751220226287842
0.4162830114364624
0.6776859760284424
0.42851701378822327
0.6802499890327454
0.44075098633766174
0.6828140020370483
0.4529849886894226
0.6853780150413513
0.46522000432014465
0.6879420280456543
0.4774540066719055
0.6939650177955627
0.4884069859981537
0.6999880075454712
0.49935999512672424
0.7060120105743408
0.5103129744529724
0.7120350003242493
0.521265983581543
0.7180579900741577
0.5322189927101135
0.7240809798240662
0.5431720018386841
0.7301049828529358
0.5541260242462158
0.7361279726028442
0.5650789737701416
0.7405869960784912
0.552420973777771
0.7450460195541382
0.5397639870643616
