0.7462810277938843
0.4966380000114441
0.7451469898223877
0.509086012840271
0.7440130114555359
0.5215349793434143
0.7428799867630005
0.5339829921722412
0.7417460083961487
0.5464320182800293
0.7406129837036133
0.5588799715042114
0.7394790053367615
0.5713289976119995
0.7383450269699097
0.5837770104408264
0.7372120022773743
0.5962259769439697
0.7362629771232605
0.6086900234222412
0.7353140115737915
0.6211529970169067
0.7343659996986389
0.6336169838905334
0.7334169745445251
0.6460809707641602
0.7324680089950562
0.6585450172424316
0.7315189838409424
0.6710090041160583
0.7305700182914734
0.6834729909896851
0.7296220064163208
0.6959369778633118
0.7283710241317749
0.7083740234375
0.7271209955215454
0.7208120226860046
0.7258700132369995
0.7332490086555481
0.72461998462677
0.7456859946250916
0.7233700156211853
0.7581239938735962
0.7221189737319946
0.7705609798431396
0.7208690047264099
0.7829980254173279
0.719618022441864
0.7954360246658325
0.7200340032577515
0.8079289793968201
0.7204499840736389
0.8204219937324524
0.7208660244941711
0.8329150080680847
0.7212820053100586
0.845408022403717
0.721697986125946
0.8579009771347046
0.7221140265464783
0.8703939914703369
0.7225300073623657
0.8828870058059692
0.7229459881782532
0.8953800201416016
0.7347530126571655
0.8965619802474976
0.7465609908103943
0.8977439999580383
0.7583680152893066
0.8989250063896179
0.7701749801635742
0.9001070261001587
0.7819830179214478
0.9012889862060547
