0.7944949865341187
0.2167779952287674
0.7841320037841797
0.22376899421215057
0.7737699747085571
0.23075999319553375
0.7634080052375793
0.23775100708007812
0.7530459761619568
0.2447420060634613
0.7426829934120178
0.2517319917678833
0.73232102394104
0.2587229907512665
0.7219589948654175
0.26571398973464966
0.7115960121154785
0.27270498871803284
0.700892984867096
0.2791619896888733
0.690189003944397
0.28561800718307495
0.6794859766960144
0.2920739948749542
0.6687819957733154
0.2985309958457947
0.6580790281295776
0.30498701333999634
0.6473749876022339
0.3114440143108368
0.6366720199584961
0.31790000200271606
0.6259679794311523
0.32435598969459534
0.6143530011177063
0.32897499203681946
0.6027380228042603
0.3335939943790436
0.5911219716072083
0.3382129967212677
0.5795069932937622
0.3428319990634918
0.5678920149803162
0.34745100140571594
0.5562760233879089
0.35207000374794006
0.5446609854698181
0.356687992811203
0.5330460071563721
0.3613069951534271
0.5206320285797119
0.3627740144729614
0.508217990398407
0.36423999071121216
0.4958049952983856
0.36570701003074646
0.4833909869194031
0.3671729862689972
0.4709770083427429
0.3686400055885315
0.45856401324272156
0.3701060116291046
0.446150004863739
0.37157300114631653
0.43373599648475647
0.37303900718688965
0.42647799849510193
0.383215993642807
0.4192200005054474
0.39339300990104675
0.41196298599243164
0.4035699963569641
0.4047049880027771
0.41374799609184265
0.39744699001312256
0.4239250123500824
0.390188992023468
0.43410199880599976
0.3829309940338135
0.4442789852619171
0.37567299604415894
0.45445600152015686
0.363178014755249
0.45409199595451355
0.3506839871406555
0.4537290036678314
0.3381890058517456
0.4533649981021881
0.3256939947605133
0.4530009925365448
0.3131990134716034
0.45263800024986267
0.3007049858570099
0.45227399468421936
0.2882100045681
0.45191100239753723
0.2757149934768677
0.4515469968318939
0.26954200863838196
0.4406780004501343
0.26336801052093506
0.42980900406837463
0.25719401240348816
0.418940007686615
0.25102099776268005
0.40807101130485535
0.24484699964523315
0.3972019851207733
0.23867300152778625
0.38633298873901367
0.23250000178813934
0.37546399235725403
0.22632600367069244
0.3645949959754944
0.21939000487327576
0.3749940097332001
0.21245500445365906
0.38539400696754456
0.20552000403404236
0.39579299092292786
0.19858400523662567
0.40619298815727234
0.19164900481700897
0.416592001914978
0.18471300601959229
0.4269919991493225
0.17777800559997559
0.4373910129070282
0.1708420068025589
0.4477910101413727
