0.46286800503730774
0.46581000089645386
0.46114400029182434
0.47819098830223083
0.4594210088253021
0.490570992231369
0.4576970040798187
0.502951979637146
0.4559729993343353
0.5153319835662842
0.45424899458885193
0.5277130007743835
0.4525260031223297
0.5400940179824829
0.4508019983768463
0.5524740219116211
0.4490779936313629
0.5648549795150757
0.45021000504493713
0.5773029923439026
0.45134198665618896
0.5897520184516907
0.4524739980697632
0.602200984954834
0.4536060094833374
0.6146489977836609
0.45473799109458923
0.627098023891449
0.45587000250816345
0.6395469903945923
0.45700201392173767
0.6519950032234192
0.4581339955329895
0.6644440293312073
0.45941799879074097
0.6768779754638672
0.46070200204849243
0.6893119812011719
0.4619860053062439
0.7017449736595154
0.46327000856399536
0.7141789793968201
0.4645540118217468
0.7266129851341248
0.4658379852771759
0.7390469908714294
0.46712300181388855
0.7514809966087341
0.46840700507164
0.7639150023460388
0.48118600249290466
0.7591760158538818
0.4939649999141693
0.7544379830360413
0.5067449808120728
0.7496989965438843
0.5195239782333374
0.7449600100517273
0.5323039889335632
0.7402219772338867
