0.3237670063972473
0.43608200550079346
0.3198409974575043
0.4242149889469147
0.3159160017967224
0.4123469889163971
0.31198999285697937
0.4004789888858795
0.3080649971961975
0.3886120021343231
0.30414000153541565
0.37674400210380554
0.3002139925956726
0.36487600207328796
0.29628899693489075
0.3530089855194092
0.2923629879951477
0.3411409854888916
0.302359014749527
0.33363500237464905
0.31235501170158386
0.3261300027370453
0.32235100865364075
0.31862398982048035
0.33234700560569763
0.3111189901828766
0.34234198927879333
0.30361300706863403
0.3523379862308502
0.2961069941520691
0.3623340129852295
0.28860199451446533
0.3723300099372864
0.2810960114002228
0.37996798753738403
0.2712010145187378
0.3876059949398041
0.2613070011138916
0.3952440023422241
0.2514120042324066
0.40288299322128296
0.24151700735092163
0.410521000623703
0.23162199556827545
0.41815900802612305
0.22172699868679047
0.4257969856262207
0.21183200180530548
0.43343499302864075
0.2019370049238205
0.4412820041179657
0.211667999625206
0.44912898540496826
0.2213979959487915
0.4569750130176544
0.2311290055513382
0.464821994304657
0.2408590018749237
0.47266799211502075
0.2505899965763092
0.4805150032043457
0.2603200078010559
0.48836201429367065
0.2700499892234802
0.4962080121040344
0.2797810137271881
0.5023329854011536
0.2906779944896698
0.5084570050239563
0.3015739917755127
0.5145819783210754
0.3124710023403168
0.5207059979438782
0.32336801290512085
0.5268309712409973
0.33426499366760254
0.5329560041427612
0.34516099095344543
0.539080023765564
0.3560580015182495
0.5452049970626831
0.3669550120830536
0.5534690022468567
0.35729700326919556
0.5617340207099915
0.34763801097869873
0.5699989795684814
0.3379800021648407
0.5782639980316162
0.32832199335098267
