0.5677019953727722
0.38457998633384705
0.579472005367279
0.38878801465034485
0.5912430286407471
0.3929949998855591
0.6030139923095703
0.3972019851207733
0.6147840023040771
0.4014100134372711
0.6265550255775452
0.40561699867248535
0.6383259892463684
0.409824013710022
0.6500959992408752
0.4140320122241974
0.6618670225143433
0.4182389974594116
0.6701610088348389
0.4275909960269928
0.6784549951553345
0.436942994594574
0.6867489814758301
0.44629499316215515
0.6950420141220093
0.4556480050086975
0.7033360004425049
0.4650000035762787
0.7116299867630005
0.47435200214385986
0.7199239730834961
0.48370400071144104
0.7282180190086365
0.4930559992790222
0.7355290055274963
0.5031949877738953
0.7428399920463562
0.5133339762687683
0.7501509785652161
0.5234730243682861
0.7574620246887207
0.5336120128631592
0.7647730112075806
0.5437510013580322
0.7720839977264404
0.5538899898529053
0.7793949842453003
0.5640289783477783
0.7867059707641602
0.574167013168335
0.794044017791748
0.5842880010604858
0.80138099193573
0.5944079756736755
0.8087180256843567
0.60452800989151
0.8160549998283386
0.6146479845046997
0.8233919739723206
0.6247680187225342
0.8307290077209473
0.6348879933357239
0.8380659818649292
0.6450080275535583
0.8454030156135559
0.655128002166748
0.8477849960327148
0.667398989200592
0.8501660227775574
0.6796709895133972
0.8525480031967163
0.6919419765472412
0.8549289703369141
0.70421302318573
0.8573110103607178
0.716484010219574
0.8596919775009155
0.728754997253418
0.8620740175247192
0.741025984287262
0.864454984664917
0.753296971321106
0.8640180230140686
0.7657889723777771
0.8635820150375366
0.7782819867134094
0.8631449937820435
0.7907739877700806
0.8627079725265503
0.8032659888267517
0.8622710108757019
0.815759003162384
0.8618350028991699
0.8282510042190552
0.8613979816436768
0.8407430052757263
0.8609610199928284
0.8532360196113586
0.8675749897956848
0.8638430237770081
0.8741899728775024
0.8744490146636963
0.8808040022850037
0.8850560188293457
0.8874179720878601
0.8956630229949951
0.8940320014953613
0.9062690138816833
0.9006459712982178
0.9168760180473328
0.907260000705719
0.9274830222129822
0.9138749837875366
0.9380900263786316
0.8999300003051758
0.9389669895172119
0.8859859704971313
0.939844012260437
0.8720420002937317
0.9407200217247009
0.8580979704856873
0.9415969848632812
