0.14635099470615387
0.3776780068874359
0.1578879952430725
0.37286698818206787
0.16942499577999115
0.36805498600006104
0.1809619963169098
0.3632439970970154
0.19249899685382843
0.3584330081939697
0.20403599739074707
0.3536219894886017
0.2155729979276657
0.34880998730659485
0.22710999846458435
0.3439989984035492
0.238646999001503
0.33918800950050354
0.24638299643993378
0.3293690085411072
0.25411900877952576
0.3195509910583496
0.26185500621795654
0.30973199009895325
0.2695919871330261
0.29991400241851807
0.2773280143737793
0.2900950014591217
0.2850640118122101
0.2802770137786865
0.29280000925064087
0.27045801281929016
0.30053600668907166
0.2606399953365326
0.3129830062389374
0.26179298758506775
0.3254289925098419
0.2629460096359253
0.33787599205970764
0.26409998536109924
0.35032299160957336
0.2652530074119568
0.3627690076828003
0.26640599966049194
0.375216007232666
0.2675600051879883
0.38766300678253174
0.26871299743652344
0.4001089930534363
0.2698670029640198
0.40359100699424744
0.2818720042705536
0.4070729911327362
0.2938770055770874
0.41055500507354736
0.3058820068836212
0.41403698921203613
0.31788700819015503
0.4175190031528473
0.32989299297332764
0.42100098729133606
0.34189799427986145
0.4244830012321472
0.35390299558639526
0.427964985370636
0.3659079968929291
0.42926400899887085
0.35436299443244934
