0.24323800206184387
0.3272109925746918
0.25319600105285645
0.33476701378822327
0.263154000043869
0.3423230051994324
0.2731109857559204
0.3498789966106415
0.28306901454925537
0.3574349880218506
0.29302701354026794
0.3649910092353821
0.3029850125312805
0.3725470006465912
0.3129430115222931
0.3801029920578003
0.32290101051330566
0.3876590132713318
0.3164770007133484
0.3983820080757141
0.3100540041923523
0.40910500288009644
0.3036310076713562
0.41982901096343994
0.2972069978713989
0.43055200576782227
0.29078400135040283
0.4412750005722046
0.28436100482940674
0.4519990086555481
0.27793699502944946
0.4627220034599304
0.27151399850845337
0.4734460115432739
0.2664889991283417
0.4620000123977661
0.26146501302719116
0.4505540132522583
0.25644001364707947
0.4391080141067505
0.25141599774360657
0.42766299843788147
0.24639099836349487
0.41621699929237366
0.24136699736118317
0.40477100014686584
0.23634199798107147
0.3933260142803192
0.23131799697875977
0.381879985332489
0.2266560047864914
0.39347800612449646
0.22199299931526184
0.4050759971141815
0.21733100712299347
0.4166739881038666
0.21266800165176392
0.428272008895874
0.20800599455833435
0.4398689866065979
0.203343003988266
0.45146700739860535
0.19868099689483643
0.4630649983882904
0.19401900470256805
0.47466298937797546
0.18134300410747528
0.4700529873371124
0.1686680018901825
0.46544399857521057
0.15599200129508972
0.46083399653434753
0.14331699907779694
0.4562239944934845
