0.9607200026512146
0.7768039703369141
0.9482200145721436
0.7767369747161865
0.9357200264930725
0.7766709923744202
0.9232209920883179
0.7766039967536926
0.9107210040092468
0.7765380144119263
0.8982210159301758
0.7764719724655151
0.8857210278511047
0.7764049768447876
0.8732209801673889
0.7763389945030212
0.8607209920883179
0.7762719988822937
0.8557620048522949
0.7647979855537415
0.8508039712905884
0.7533239722251892
0.8458449840545654
0.7418500185012817
0.8408859968185425
0.7303749918937683
0.8359270095825195
0.7189009785652161
0.8309680223464966
0.7074270248413086
0.8260089755058289
0.6959519982337952
0.8210499882698059
0.6844779849052429
0.8086699843406677
0.6862050294876099
0.7962899804115295
0.6879310011863708
0.783909022808075
0.689657986164093
0.7715290188789368
0.6913840174674988
0.7591490149497986
0.693111002445221
0.7467690110206604
0.6948369741439819
0.7343890070915222
0.6965640187263489
0.722009003162384
0.698291003704071
0.709509015083313
0.6983360052108765
0.6970090270042419
0.6983820199966431
0.6845089793205261
0.6984279751777649
0.6720089912414551
0.6984729766845703
0.659509003162384
0.6985189914703369
0.647009015083313
0.6985650062561035
0.6345090270042419
0.6986110210418701
0.6220089793205261
0.6986560225486755
0.6096370220184326
0.6968759894371033
0.5972639918327332
0.695097029209137
0.5848910212516785
0.6933169960975647
0.5725190043449402
0.6915370225906372
0.5601459741592407
0.6897569894790649
0.547773003578186
0.6879770159721375
0.5354009866714478
0.6861969828605652
0.5230280160903931
0.6844170093536377
0.5108870267868042
0.687391996383667
0.49874600768089294
0.6903660297393799
0.4866049885749817
0.6933410167694092
0.4744639992713928
0.6963160037994385
0.46232399344444275
0.6992899775505066
0.4501830041408539
0.7022650241851807
0.438042014837265
0.7052389979362488
0.42590099573135376
0.7082139849662781
0.42176100611686707
0.6964190006256104
0.417620986700058
0.6846250295639038
0.4134809970855713
0.6728299856185913
0.4093410074710846
0.6610360145568848
0.4052009880542755
0.6492409706115723
0.4010609984397888
0.6374469995498657
0.3969219923019409
0.625652015209198
0.3927820026874542
0.6138569712638855
0.38607800006866455
0.6033070087432861
0.3793739974498749
0.592756986618042
0.3726710081100464
0.5822060108184814
0.3659670054912567
0.5716559886932373
0.35926300287246704
0.5611060261726379
0.35255900025367737
0.5505549907684326
0.3458560109138489
0.5400050282478333
0.3391520082950592
0.5294539928436279
0.3322719931602478
0.5186259746551514
0.3253920078277588
0.5077980160713196
0.3185119926929474
0.496969997882843
0.3116309940814972
0.48614200949668884
0.3047510087490082
0.4753139913082123
