0.6967779994010925
0.06930340081453323
0.6905379891395569
0.08013460040092468
0.6842979788780212
0.09096579998731613
0.6780580282211304
0.10179699957370758
0.6718189716339111
0.11262799799442291
0.6655790209770203
0.12345899641513824
0.6593390107154846
0.13429099321365356
0.653099000453949
0.1451220065355301
0.6468589901924133
0.15595300495624542
0.6353039741516113
0.16072100400924683
0.6237499713897705
0.16548900306224823
0.6121950149536133
0.17025700211524963
0.6006399989128113
0.17502500116825104
0.5890849828720093
0.17979300022125244
0.577530026435852
0.18456099927425385
0.56597501039505
0.18932899832725525
0.554419994354248
0.19409699738025665
0.5517140030860901
0.2063010036945343
0.5490080118179321
0.21850399672985077
0.5463020205497742
0.23070800304412842
0.5435960292816162
0.24291199445724487
0.5408899784088135
0.25511500239372253
0.5381839871406555
0.267318993806839
0.5354779958724976
0.27952200174331665
0.5327720046043396
0.2917259931564331
0.5244250297546387
0.3010309934616089
0.516077995300293
0.3103350102901459
0.507731020450592
0.31964001059532166
0.49938398599624634
0.32894399762153625
0.4910370111465454
0.33824899792671204
0.4826889932155609
0.3475539982318878
0.4743419885635376
0.3568579852581024
0.46599501371383667
0.3661629855632782
0.45654499530792236
0.37434500455856323
0.44709500670433044
0.3825269937515259
0.43764498829841614
0.3907090127468109
0.4281949996948242
0.39889100193977356
0.4187450110912323
0.4070729911327362
0.409294992685318
0.41525599360466003
0.3998450040817261
0.42343801259994507
0.39039498567581177
0.4316200017929077
0.3789159953594208
0.4365670084953308
0.3674359917640686
0.4415139853954315
0.3559570014476776
0.4464620053768158
0.3444780111312866
0.4514090120792389
0.33299800753593445
0.4563559889793396
0.32151898741722107
0.4613040089607239
0.3100399971008301
0.4662509858608246
0.2985610067844391
0.4711979925632477
0.2869099974632263
0.47572600841522217
0.27525800466537476
0.48025399446487427
0.263606995344162
0.48478201031684875
0.2519559860229492
0.48930999636650085
0.24030500650405884
0.49383801221847534
0.22865399718284607
0.49836599826812744
0.2170030027627945
0.5028939843177795
0.20535199344158173
0.5074219703674316
0.19456300139427185
0.5137349963188171
0.18377399444580078
0.5200470089912415
0.1729860007762909
0.5263599753379822
0.16219699382781982
0.5326730012893677
0.15140800178050995
0.5389860272407532
0.14061899483203888
0.5452989935874939
0.129830002784729
0.5516120195388794
0.11904200166463852
0.5579249858856201
