0.5441179871559143
0.07800289988517761
0.5499209761619568
0.08907429873943329
0.555724024772644
0.10014600306749344
0.5615270137786865
0.11121699959039688
0.567330002784729
0.12228800356388092
0.5731319785118103
0.13335999846458435
0.5789350271224976
0.1444309949874878
0.58473801612854
0.15550300478935242
0.5905410051345825
0.16657400131225586
0.5978310108184814
0.1767289936542511
0.6051200032234192
0.18688300251960754
0.6124089956283569
0.19703799486160278
0.6196979880332947
0.20719300210475922
0.6269869804382324
0.21734799444675446
0.6342759728431702
0.2275020033121109
0.6415650248527527
0.23765699565410614
0.6488549709320068
0.24781200289726257
0.6597939729690552
0.2538599967956543
0.6707329750061035
0.2599090039730072
0.6816719770431519
0.2659569978713989
0.6926119923591614
0.27200499176979065
0.7035509943962097
0.27805399894714355
0.7144899964332581
0.2841019928455353
0.7254289984703064
0.2901510000228882
0.7363690137863159
0.2961989939212799
0.7488620281219482
0.2958039939403534
0.761355996131897
0.2954089939594269
0.7738500237464905
0.2950130105018616
0.7863439917564392
0.29461801052093506
0.7988370060920715
0.29422301054000854
0.8113309741020203
0.29382801055908203
0.8238250017166138
0.2934330105781555
0.8363190293312073
0.293038010597229
0.841202974319458
0.2815310060977936
0.8460869789123535
0.27002501487731934
0.850970983505249
0.2585189938545227
0.8558549880981445
0.24701200425624847
0.86073899269104
0.23550599813461304
0.8656229972839355
0.2240000069141388
0.870507001876831
0.21249300241470337
0.8753910064697266
0.20098699629306793
0.8638589978218079
0.20580999553203583
0.8523269891738892
0.21063199639320374
0.8407949805259705
0.21545499563217163
0.8292620182037354
0.22027699649333954
0.8177300095558167
0.22509999573230743
0.806198000907898
0.22992199659347534
0.7946659922599792
0.23474499583244324
0.7831329703330994
0.23956699669361115
0.7811499834060669
0.22722600400447845
0.7791669964790344
0.21488399803638458
0.777184009552002
0.2025420069694519
0.7752000093460083
0.19020099937915802
0.7732170224189758
0.17785899341106415
0.7712339758872986
0.16551700234413147
0.7692509889602661
0.15317599475383759
0.7672680020332336
0.1408340036869049
0.7708879709243774
0.1316699981689453
0.774507999420166
0.12250600010156631
