0.4520289897918701
0.6942449808120728
0.4642910063266754
0.6918140053749084
0.47655200958251953
0.6893829703330994
0.48881301283836365
0.6869519948959351
0.501075029373169
0.6845210194587708
0.5133360028266907
0.6820899844169617
0.5255969762802124
0.6796590089797974
0.5378590226173401
0.6772279739379883
0.5501199960708618
0.674796998500824
0.5622929930686951
0.6776390075683594
0.5744659900665283
0.6804800033569336
0.5866379737854004
0.6833209991455078
0.5988109707832336
0.6861630082130432
0.6109840273857117
0.6890040040016174
0.6231570243835449
0.6918460130691528
0.635329008102417
0.694687008857727
0.6475020051002502
0.6975290179252625
0.6590989828109741
0.7021939754486084
0.6706950068473816
0.7068600058555603
0.6822919845581055
0.7115259766578674
0.6938890218734741
0.7161920070648193
0.7054849863052368
0.7208579778671265
0.7170820236206055
0.7255229949951172
0.7286779880523682
0.7301890254020691
0.7402750253677368
0.7348549962043762
0.7505019903182983
0.7420430183410645
0.7607280015945435
0.7492300271987915
0.7709550261497498
0.756417989730835
0.7811819911003113
0.763604998588562
0.7914090156555176
0.7707930207252502
0.8016359806060791
0.7779809832572937
0.8118630051612854
0.7851679921150208
0.8220900297164917
0.792356014251709
0.8268309831619263
0.8039219975471497
0.8315730094909668
0.8154870271682739
0.8363140225410461
0.8270530104637146
0.8410559892654419
0.8386189937591553
0.8457980155944824
0.850184977054596
0.8505390286445618
0.8617500066757202
0.8552809953689575
0.8733159899711609
0.8600220084190369
0.8848819732666016
0.8592910170555115
0.8959789872169495
