0.5658439993858337
0.8020110130310059
0.5783159732818604
0.8028479814529419
0.5907880067825317
0.8036850094795227
0.6032590270042419
0.8045219779014587
0.6157310009002686
0.8053590059280396
0.6282029747962952
0.8061959743499756
0.6406750082969666
0.8070330023765564
0.6531469821929932
0.8078699707984924
0.6656190156936646
0.8087069988250732
0.6742799878120422
0.7996929883956909
0.6829400062561035
0.7906799912452698
0.6916009783744812
0.7816659808158875
0.7002609968185425
0.7726529836654663
0.7089220285415649
0.763638973236084
0.7175819873809814
0.7546250224113464
0.7262430191040039
0.7456120252609253
0.7349029779434204
0.736598014831543
0.723505973815918
0.7314630150794983
0.7121099829673767
0.7263290286064148
0.7007129788398743
0.7211940288543701
0.6893159747123718
0.7160599827766418
0.6779189705848694
0.7109249830245972
0.6665229797363281
0.7057899832725525
0.6551259756088257
0.700655996799469
0.6437289714813232
0.6955209970474243
0.6314610242843628
0.6931220293045044
0.619193971157074
0.6907240152359009
0.6069260239601135
0.6883249878883362
0.5946580171585083
0.6859260201454163
0.5823910236358643
0.6835269927978516
0.570123016834259
0.6811280250549316
0.5578550100326538
0.6787289977073669
0.5455880165100098
0.6763309836387634
0.534621000289917
0.6703320145606995
0.5236539840698242
0.6643339991569519
0.5126879811286926
0.6583349704742432
0.5017210245132446
0.6523370146751404
0.49075400829315186
0.6463379859924316
0.47978800535202026
0.6403399705886841
0.4688209891319275
0.6343410015106201
0.4578540027141571
0.6283429861068726
0.44540899991989136
0.6295089721679688
0.4329630136489868
0.6306750178337097
0.42051801085472107
0.6318410038948059
0.40807199478149414
0.6330069899559021
0.3956269919872284
0.6341729760169983
0.38318100571632385
0.6353390216827393
0.3707360029220581
0.6365050077438354
0.3582899868488312
0.6376709938049316
0.3545779883861542
0.6257349848747253
0.3508650064468384
0.613798975944519
0.3471530079841614
0.6018630266189575
0.3434410095214844
0.5899270176887512
0.3397279977798462
0.5779910087585449
0.3360159993171692
0.5660549998283386
0.332302987575531
0.5541189908981323
0.328590989112854
0.542182981967926
0.3257420063018799
0.5535799860954285
0.3228920102119446
0.5649759769439697
0.32004299759864807
0.5763729810714722
