0.9312400221824646
0.30706098675727844
0.9187780022621155
0.306084007024765
0.9063159823417664
0.3051069974899292
0.893854022026062
0.30413100123405457
0.8813930153846741
0.30315399169921875
0.868930995464325
0.3021770119667053
0.8564689755439758
0.3012009859085083
0.8440070152282715
0.3002240061759949
0.8315449953079224
0.29924699664115906
0.8190450072288513
0.2992109954357147
0.8065459728240967
0.2991749942302704
0.7940459847450256
0.29913899302482605
0.7815459966659546
0.2991029918193817
0.7690460085868835
0.2990669906139374
0.7565460205078125
0.29903098940849304
0.7440459728240967
0.2989949882030487
0.7315459847450256
0.29895898699760437
0.7274619936943054
0.28578099608421326
0.7233790159225464
0.27260300517082214
