0.05274999886751175
0.33210301399230957
0.06363260000944138
0.32595300674438477
0.07451509684324265
0.31980299949645996
0.08539769798517227
0.31365400552749634
0.09628020226955414
0.30750399827957153
0.10716299712657928
0.30135399103164673
0.11804500222206116
0.2952040135860443
0.12892800569534302
0.2890540063381195
0.1398099958896637
0.2829050123691559
0.13602900505065918
0.2709900140762329
0.13224799931049347
0.25907599925994873
0.12846699357032776
0.24716100096702576
0.12468600273132324
0.23524700105190277
0.12090499699115753
0.22333300113677979
0.11712399870157242
0.2114180028438568
0.1133430004119873
0.19950400292873383
0.10956200212240219
0.18758900463581085
0.10545200109481812
0.1746390014886856
0.10134200006723404
0.16168799996376038
