0.9223809838294983
0.2519719898700714
0.9098809957504272
0.2520099878311157
0.8973810076713562
0.25204700231552124
0.8848810195922852
0.25208500027656555
0.8723809719085693
0.25212201476097107
0.8598809838294983
0.2521600127220154
0.8473809957504272
0.2521980106830597
0.8348810076713562
0.2522349953651428
0.8223810195922852
0.25227299332618713
0.8123360276222229
0.25971201062202454
0.8022900223731995
0.26715001463890076
0.7922449707984924
0.27458900213241577
0.7821990251541138
0.2820279896259308
0.7721530199050903
0.2894670069217682
0.7621080279350281
0.2969059944152832
0.7520620226860046
0.3043450117111206
0.7420169711112976
0.31178298592567444
0.7306920289993286
0.3170759975910187
0.7193679809570312
0.32236799597740173
0.7080429792404175
0.3276599943637848
0.6967189908027649
0.33295300602912903
0.6853950023651123
0.3382450044155121
0.6740700006484985
0.34353700280189514
0.662746012210846
0.3488300144672394
0.6514220237731934
0.35412201285362244
0.6391329765319824
0.35641101002693176
0.6268439888954163
0.3587009906768799
0.6145560145378113
0.3609899878501892
0.6022670269012451
0.3632790148258209
0.5899789929389954
0.36556899547576904
0.5776900053024292
0.36785799264907837
0.5654019713401794
0.3701480031013489
0.5531129837036133
0.3724370002746582
0.5406230092048645
0.3729349970817566
0.528132975101471
0.3734320104122162
0.5156430006027222
0.3739300072193146
0.5031530261039734
0.37442800402641296
0.49066299200057983
0.37492498755455017
0.47817298769950867
0.37542301416397095
0.4656819999217987
0.37592101097106934
0.45319199562072754
0.37641799449920654
0.4441179931163788
0.38501501083374023
0.43504300713539124
0.39361101388931274
0.4259679913520813
0.40220800042152405
0.41689300537109375
0.41080400347709656
0.407819002866745
0.41940000653266907
0.39874398708343506
0.42799699306488037
0.3896690011024475
0.4365929961204529
0.3805939853191376
0.4451900124549866
0.3684140145778656
0.44238099455833435
0.35623401403427124
0.4395729899406433
0.3440530002117157
0.4367640018463135
0.33187299966812134
0.43395599722862244
0.3196919858455658
0.4311470091342926
0.30751198530197144
0.42833900451660156
0.29533201456069946
0.42552998661994934
0.2831510007381439
0.4227220118045807
0.2710399925708771
0.4196290075778961
0.2589290142059326
0.41653600335121155
0.2468169927597046
0.413442999124527
0.23470599949359894
0.4103499948978424
0.2225950062274933
0.40725699067115784
0.21048299968242645
0.40416398644447327
0.1983720064163208
0.4010710120201111
0.18626099824905396
0.3979780077934265
0.17524300515651703
0.39207398891448975
0.1642249971628189
0.38616999983787537
0.15320700407028198
0.3802669942378998
0.14218899607658386
0.3743630051612854
0.13117100298404694
0.36845898628234863
0.12015300244092941
0.36255601048469543
0.10913500189781189
0.35665199160575867
0.09811680018901825
0.3507480025291443
0.0860442966222763
0.3442800045013428
0.07397180050611496
0.3378109931945801
0.061899300664663315
0.33134201169013977
0.04982680082321167
0.3248730003833771
