0.3051750063896179
0.12971800565719604
0.31652599573135376
0.12448199838399887
0.327877014875412
0.11924699693918228
0.3392280042171478
0.11401200294494629
0.3505780100822449
0.10877600312232971
0.3619289994239807
0.10354100167751312
0.37327998876571655
0.0983055979013443
0.3846310079097748
0.09307020157575607
0.3959819972515106
0.0878349021077156
0.4083870053291321
0.08630319684743881
0.42079299688339233
0.08477149903774261
0.4331989884376526
0.08323980122804642
0.44560500979423523
0.08170810341835022
0.4580110013484955
0.08017639815807343
0.47041699290275574
0.07864470034837723
0.4828220009803772
0.07711309939622879
0.49522799253463745
0.07558140158653259
0.5027890205383301
0.08553560078144073
0.5103489756584167
0.09548979997634888
0.5179100036621094
0.10544399917125702
0.5254709720611572
0.11539799720048904
0.5330309867858887
0.12535199522972107
0.5405920147895813
0.13530699908733368
0.5481529831886292
0.1452610045671463
0.5557129979133606
0.15521499514579773
0.5679060220718384
0.15796799957752228
0.5800989866256714
0.16072100400924683
0.5922930240631104
0.16347399353981018
0.6044859886169434
0.16622699797153473
0.6166790127754211
0.16898000240325928
0.6288719773292542
0.17173300683498383
0.6410650014877319
0.17448599636554718
0.6532580256462097
0.17723900079727173
0.6634899973869324
0.168381005525589
0.6737220287322998
0.15952299535274506
0.6839540004730225
0.15066500008106232
0.6941859722137451
0.14180700480937958
0.7044180035591125
0.13294899463653564
