0.29885798692703247
0.8981220126152039
0.29924100637435913
0.8856279850006104
0.2996250092983246
0.8731340169906616
0.30000799894332886
0.8606399893760681
0.3003920018672943
0.8481460213661194
0.30077600479125977
0.8356519937515259
0.30115899443626404
0.8231580257415771
0.3015429973602295
0.8106639981269836
0.30192598700523376
0.7981690168380737
0.30510300397872925
0.786080002784729
0.30827999114990234
0.7739899754524231
0.31145599484443665
0.7619010210037231
0.31463301181793213
0.7498109936714172
0.3178099989891052
0.7377210259437561
0.3209860026836395
0.7256320118904114
0.3241629898548126
0.7135419845581055
0.3273400068283081
0.7014529705047607
0.3203989863395691
0.691057026386261
0.31345701217651367
0.6806610226631165
0.30651599168777466
0.6702650189399719
0.29957500100135803
0.6598700284957886
0.2926340103149414
0.649474024772644
0.2856929898262024
0.6390780210494995
0.27875199913978577
0.628682017326355
0.27181100845336914
0.6182870268821716
0.276542991399765
0.6067169904708862
0.2812750041484833
0.5951470136642456
0.28600600361824036
0.5835769772529602
0.29073798656463623
0.5720070004463196
0.2954699993133545
0.5604379773139954
0.30020201206207275
0.5488680005073547
0.30493301153182983
0.5372980237007141
0.3096649944782257
0.5257279872894287
0.3177880048751831
0.5162270069122314
0.3259109854698181
0.5067260265350342
0.3340339958667755
0.4972259998321533
0.3421570062637329
0.48772498965263367
0.3502799868583679
0.4782240092754364
0.3584029972553253
0.46872299909591675
0.3665260076522827
0.4592219889163971
0.3746500015258789
0.44972100853919983
0.3653950095176697
0.44131898880004883
0.35613998770713806
0.4329169988632202
0.34688499569892883
0.4245150089263916
0.3376300036907196
0.4161129891872406
0.3283750116825104
0.407710999250412
0.31911998987197876
0.3993090093135834
0.30986499786376953
0.3909069895744324
0.3006100058555603
0.3825039863586426
0.3110570013523102
0.37564000487327576
0.32150301337242126
0.36877599358558655
0.33195000886917114
0.3619120121002197
0.342397004365921
0.3550480008125305
0.3528439998626709
0.3481839895248413
0.363290011882782
0.3413200080394745
0.37373700737953186
0.3344559967517853
0.38418400287628174
0.32759198546409607
0.3965950012207031
0.326104998588562
0.4090059995651245
0.3246169984340668
0.4214169979095459
0.3231300115585327
0.43382900953292847
0.3216420114040375
0.44624000787734985
0.32015499472618103
0.45865100622177124
0.318668007850647
0.4710620045661926
0.31718000769615173
0.483473002910614
0.3156929910182953
