0.912926971912384
0.6502199769020081
0.9004570245742798
0.6510859727859497
0.8879870176315308
0.651951014995575
0.8755170106887817
0.6528159976005554
0.8630470037460327
0.6536809802055359
0.8505769968032837
0.6545460224151611
0.8381069898605347
0.6554110050201416
0.8256369829177856
0.6562759876251221
0.8131669759750366
0.6571409702301025
0.8058620095252991
0.6469969749450684
0.7985569834709167
0.6368539929389954
0.7912529706954956
0.6267099976539612
0.7839480042457581
0.6165670156478882
0.7766429781913757
0.606423020362854
0.7693380117416382
0.5962799787521362
0.762033998966217
0.586135983467102
0.7547289729118347
0.575993001461029
0.7431520223617554
0.5807070136070251
0.7315739989280701
0.5854200124740601
0.719996988773346
0.5901340246200562
0.7084199786186218
0.5948470234870911
0.6968430280685425
0.5995609760284424
0.6852650046348572
0.6042739748954773
0.6736879944801331
0.6089879870414734
0.6621109843254089
0.6137019991874695
0.6499199867248535
0.6164630055427551
0.6377289891242981
0.619225025177002
0.6255379915237427
0.621986985206604
0.6133469939231873
0.6247490048408508
0.6011559963226318
0.6275110244750977
0.5889649987220764
0.6302729845046997
0.576774001121521
0.6330350041389465
0.5645830035209656
0.6357970237731934
0.5528129935264587
0.6400079727172852
0.5410439968109131
0.6442189812660217
0.5292750000953674
0.6484299898147583
0.5175049901008606
0.6526409983634949
0.5057359933853149
0.6568520069122314
0.4939669966697693
0.6610640287399292
0.48219698667526245
0.665274977684021
0.4704279899597168
0.6694859862327576
0.4579299986362457
0.6692820191383362
0.44543200731277466
0.6690769791603088
0.4329330027103424
0.6688730120658875
0.42043501138687134
0.6686689853668213
0.4079369902610779
0.6684640049934387
0.39543798565864563
0.6682599782943726
0.38293999433517456
0.6680560111999512
0.3704420030117035
0.667851984500885
0.3660700023174286
0.6561409831047058
0.3616980016231537
0.6444309949874878
0.3573260009288788
0.6327199935913086
0.3529540002346039
0.6210100054740906
0.348581999540329
0.6092990040779114
0.3442099988460541
0.5975890159606934
0.3398379981517792
0.5858780145645142
0.3354659974575043
0.5741680264472961
0.331618994474411
0.5622739791870117
0.32777300477027893
0.5503799915313721
0.32392698526382446
0.5384870171546936
0.3200809955596924
0.526593029499054
0.3162339925765991
0.5146999955177307
0.31238800287246704
0.5028060078620911
0.30854201316833496
0.4909130036830902
0.3046959936618805
0.4790189862251282
0.2995319962501526
0.4677349925041199
0.29436901211738586
0.4564509987831116
0.28920599818229675
0.44516700506210327
0.28404200077056885
0.43388301134109497
