0.7865719795227051
0.4417969882488251
0.7795940041542053
0.4314259886741638
0.7726160287857056
0.42105498909950256
0.7656390070915222
0.4106839895248413
0.7586609721183777
0.40031200647354126
0.7516829967498779
0.38994100689888
0.7447050213813782
0.37957000732421875
0.7377279996871948
0.3691990077495575
0.7307500243186951
0.35882800817489624
0.7189909815788269
0.36306801438331604
0.7072319984436035
0.36730799078941345
0.6954730153083801
0.37154901027679443
0.683713972568512
0.37578898668289185
0.6719560027122498
0.38002899289131165
0.6601970195770264
0.38426899909973145
0.6484379768371582
0.38850900530815125
0.6366789937019348
0.39274999499320984
0.624334990978241
0.39472100138664246
0.6119920015335083
0.39669299125671387
0.5996479988098145
0.3986639976501465
0.5873050093650818
0.4006359875202179
0.5749610066413879
0.4026069939136505
0.5626180171966553
0.4045790135860443
0.5502740144729614
0.40654999017715454
0.5379310250282288
0.40852200984954834
0.5286610126495361
0.4190489947795868
0.5193910002708435
0.42957600951194763
0.5101209878921509
0.44010400772094727
