0.12612499296665192
0.13025300204753876
0.1376349925994873
0.13512800633907318
0.1491450071334839
0.1400029957294464
0.16065500676631927
0.14487800002098083
0.17216500639915466
0.14975400269031525
0.18367500603199005
0.15462900698184967
0.19518500566482544
0.1595039963722229
0.20669600367546082
0.16437900066375732
0.2182060033082962
0.16925400495529175
0.22053100168704987
0.181536003947258
0.22285500168800354
0.19381800293922424
0.2251800000667572
0.2061000019311905
0.22750499844551086
0.21838200092315674
0.22982999682426453
0.23066399991512299
0.2321549952030182
0.24294599890708923
0.23447899520397186
0.2552280128002167
0.23680399358272552
0.26750999689102173
0.2454410046339035
0.27843499183654785
0.25407901406288147
0.289359986782074
0.26271599531173706
0.3002850115299225
0.27135300636291504
0.3112100064754486
0.27998998761177063
0.32213500142097473
