0.8852360248565674
0.37463200092315674
0.8728439807891846
0.3762730062007904
0.8604519963264465
0.3779140114784241
0.8480600118637085
0.37955498695373535
0.8356680274009705
0.3811970055103302
0.8232769966125488
0.38283801078796387
0.8108850121498108
0.38447898626327515
0.7984930276870728
0.3861199915409088
0.7861009836196899
0.3877609968185425
0.7746919989585876
0.38265499472618103
0.7632820010185242
0.3775480091571808
0.7518730163574219
0.37244200706481934
0.7404639720916748
0.3673349916934967
0.7290539741516113
0.36222898960113525
0.717644989490509
0.3571229875087738
0.7062349915504456
0.35201600193977356
0.6948260068893433
0.3469099998474121
0.6824600100517273
0.3487339913845062
0.6700940132141113
0.3505589962005615
0.6577280163764954
0.3523840010166168
0.6453620195388794
0.3542090058326721
0.6329960227012634
0.35603299736976624
0.6206290125846863
0.35785800218582153
0.6082630157470703
0.35968300700187683
0.5958970189094543
0.36150801181793213
0.5856360197067261
0.3686459958553314
0.5753750205039978
0.3757849931716919
0.5651140213012695
0.38292399048805237
0.5548530220985413
0.39006298780441284
0.5445929765701294
0.3972019851207733
0.5343319773674011
0.4043410122394562
0.5240709781646729
0.41147899627685547
0.5138099789619446
0.41861799359321594
0.5059009790420532
0.4282979965209961
0.49799099564552307
0.43797698616981506
0.4900819957256317
0.4476569890975952
0.48217299580574036
0.45733699202537537
0.474263995885849
0.4670160114765167
0.46635499596595764
0.4766960144042969
0.4584459960460663
0.48637598752975464
0.45053601264953613
0.496055006980896
0.43888700008392334
0.5005879998207092
0.42723798751831055
0.5051199793815613
0.41558799147605896
0.5096520185470581
0.40393900871276855
0.5141839981079102
0.39228901267051697
0.5187169909477234
0.3806400001049042
0.5232489705085754
0.3689909875392914
0.5277810096740723
0.3573409914970398
0.5323129892349243
0.35558000206947327
0.5199379920959473
0.35381901264190674
0.5075629949569702
0.3520579934120178
0.49518701434135437
0.3502970039844513
0.48281198740005493
0.34853601455688477
0.4704369902610779
0.34677499532699585
0.45806100964546204
0.3450140058994293
0.445686012506485
0.3432529866695404
0.43331098556518555
0.3312720060348511
0.4273430109024048
0.31929099559783936
0.42137399315834045
0.30730998516082764
0.4154059886932373
0.2953290045261383
0.40943801403045654
