0.3564540147781372
0.3170740008354187
0.34986698627471924
0.3064509928226471
0.34327998757362366
0.2958270013332367
0.3366929888725281
0.2852030098438263
0.3301059901714325
0.2745800018310547
0.3235189914703369
0.2639560103416443
0.31693199276924133
0.2533330023288727
0.31034499406814575
0.2427089959383011
0.30375799536705017
0.23208500444889069
0.30862998962402344
0.2205740064382553
0.3135010004043579
0.20906199514865875
0.3183720111846924
0.1975499987602234
0.32324400544166565
0.186039000749588
0.32811498641967773
0.17452700436115265
0.3329870104789734
0.1630149930715561
0.3378579914569855
0.15150299668312073
0.34272998571395874
0.13999199867248535
0.3545120060443878
0.1358180046081543
0.3662950098514557
0.13164399564266205
0.3780770003795624
0.127470001578331
0.38986000418663025
0.12329600006341934
0.40164199471473694
0.11912199854850769
0.4134249985218048
0.11494799703359604
0.4252069890499115
0.11077400296926498
0.43698999285697937
0.10660000145435333
0.44893598556518555
0.11027800291776657
0.4608829915523529
0.1139570027589798
0.47282901406288147
0.11763499677181244
0.48477599024772644
0.12131299823522568
0.496722012758255
0.1249919980764389
0.5086690187454224
0.12867000699043274
0.5206149816513062
0.13234800100326538
0.5325620174407959
0.136026993393898
0.5450519919395447
0.13653600215911865
0.557541012763977
0.1370449960231781
0.5700309872627258
0.13755400478839874
0.5825210213661194
0.1380629986524582
0.595009982585907
0.13857200741767883
0.6075000166893005
0.13908100128173828
0.6199889779090881
0.13958899676799774
0.6324790120124817
0.14009800553321838
0.6448400020599365
0.1419609934091568
0.6571999788284302
0.14382299780845642
0.6695610284805298
0.14568500220775604
0.6819210052490234
0.14754700660705566
0.6942819952964783
0.1494089961051941
0.7066419720649719
0.1512719988822937
0.7190030217170715
0.15313400328159332
0.7313629984855652
0.15499599277973175
0.7430430054664612
0.1594499945640564
0.7547230124473572
0.16390299797058105
0.766402006149292
0.1683569997549057
0.778082013130188
0.17281000316143036
0.789762020111084
0.177264004945755
0.80144202709198
0.18171699345111847
0.8131210207939148
0.18617099523544312
0.8248010277748108
0.19062399864196777
0.830951988697052
0.20150600373744965
0.837103009223938
0.21238799393177032
0.8432549834251404
0.2232699990272522
0.8494060039520264
0.23415100574493408
0.8555570244789124
0.24503299593925476
0.8617089986801147
0.25591498613357544
0.8678600192070007
0.2667959928512573
0.8740109801292419
0.2776780128479004
0.8834660053253174
0.27085500955581665
0.892920970916748
0.2640329897403717
0.9023770093917847
0.25720998644828796
