0.04945150017738342
0.8422880172729492
0.051380500197410583
0.8299379944801331
0.0533096008002758
0.8175879716873169
0.05523860082030296
0.8052369952201843
0.05716770142316818
0.7928869724273682
0.05909670144319534
0.7805370092391968
0.061025798320770264
0.7681869864463806
0.06295479834079742
0.755836009979248
0.06488379836082458
0.7434859871864319
0.0764743983745575
0.7388060092926025
0.0880649983882904
0.734125018119812
0.09965559840202332
0.7294440269470215
0.11124599725008011
0.7247639894485474
0.12283699959516525
0.7200829982757568
0.1344269961118698
0.7154030203819275
0.14601799845695496
0.710722029209137
0.1576090008020401
0.7060409784317017
0.16982899606227875
0.7086730003356934
0.1820479929447174
0.7113040089607239
0.19426800310611725
0.7139350175857544
0.2064879983663559
0.7165669798851013
0.21870799362659454
0.7191979885101318
0.23092800378799438
0.7218289971351624
0.24314799904823303
0.724461019039154
0.2553679943084717
0.7270920276641846
0.25852999091148376
0.7391859889030457
0.26169198751449585
0.7512789964675903
0.2648540139198303
0.7633730173110962
0.2680160105228424
0.7754660248756409
0.2711780071258545
0.7875589728355408
0.2743400037288666
0.7996529936790466
0.27750200033187866
0.8117460012435913
0.28066301345825195
0.8238400220870972
0.28416499495506287
0.8372300267219543
0.287665992975235
0.8506209850311279
