0.13505800068378448
0.38081398606300354
0.14534799754619598
0.3737179934978485
0.15563799440860748
0.3666209876537323
0.16592900454998016
0.35952499508857727
0.17621900141239166
0.35242798924446106
0.18650899827480316
0.34533199667930603
0.19679899513721466
0.3382349908351898
0.20709000527858734
0.3311389982700348
0.21738000214099884
0.3240419924259186
0.2293280065059662
0.3203679919242859
0.24127499759197235
0.3166930079460144
0.2532230019569397
0.31301799416542053
0.26517099142074585
0.30934399366378784
0.2771179974079132
0.30566900968551636
0.28906598687171936
0.3019939959049225
0.3010140061378479
0.2983199954032898
0.31296101212501526
0.2946450114250183
0.3214249908924103
0.30384400486946106
0.3298889994621277
0.3130429983139038
0.3383519947528839
0.32224199175834656
0.3468160033226013
0.3314400017261505
0.35527899861335754
0.34063899517059326
0.36374300718307495
0.349837988615036
0.37220698595046997
0.35903701186180115
0.3806700110435486
0.3682349920272827
0.3776150047779083
0.3803560137748718
0.37456101179122925
0.39247700572013855
0.371506005525589
0.4045979976654053
0.36845099925994873
0.416718989610672
0.36539599299430847
0.4288400113582611
0.3623409867286682
0.44096100330352783
0.35928699374198914
0.45308199524879456
0.3562319874763489
0.4652029871940613
0.3525719940662384
0.47715499997138977
0.34891200065612793
0.48910799622535706
0.34525200724601746
0.5010600090026855
0.341592013835907
0.5130119919776917
0.3379319906234741
0.5249639749526978
0.33427199721336365
0.5369160175323486
0.3306120038032532
0.5488680005073547
0.3269520103931427
0.560820996761322
0.32829999923706055
0.573248028755188
0.3296490013599396
0.5856750011444092
0.3309980034828186
0.5981019735336304
0.33234599232673645
0.6105290055274963
0.3336949944496155
0.6229559779167175
0.3350430130958557
0.6353830099105835
0.33639198541641235
0.6478099822998047
0.3377409875392914
0.6602370142936707
0.32834500074386597
0.6684809923171997
0.31894901394844055
0.6767259836196899
0.30955401062965393
0.6849709749221802
0.30015799403190613
0.693215012550354
0.2907629907131195
0.7014600038528442
0.2813670039176941
0.7097039818763733
0.2719709873199463
0.7179489731788635
0.26257601380348206
0.7261930108070374
0.25134900212287903
0.726839005947113
0.2401220053434372
0.7274850010871887
0.22889600694179535
0.7281309962272644
