0.4932059943675995
0.7491289973258972
0.48070698976516724
0.7489879727363586
0.468207985162735
0.7488470077514648
0.45570799708366394
0.7487059831619263
0.4432089924812317
0.7485650181770325
0.43070998787879944
0.7484250068664551
0.4182110130786896
0.7482839822769165
0.4057120084762573
0.7481430172920227
0.3932119905948639
0.7480019927024841
0.3815099895000458
0.7436069846153259
0.36980900168418884
0.7392119765281677
0.3581070005893707
0.7348170280456543
0.3464049994945526
0.7304220199584961
0.3347029983997345
0.7260280251502991
0.3230009973049164
0.7216330170631409
0.31129899621009827
0.7172380089759827
0.29959699511528015
0.7128430008888245
0.30098599195480347
0.7004200220108032
0.30237600207328796
0.6879979968070984
0.3037649989128113
0.6755750179290771
0.3051539957523346
0.6631529927253723
0.3065429925918579
0.6507300138473511
0.3079330027103424
0.6383079886436462
0.3093219995498657
0.625885009765625
0.31071099638938904
0.6134629845619202
0.3094179928302765
0.6010299921035767
0.30812498927116394
0.5885969996452332
0.3068319857120514
0.5761640071868896
0.30553901195526123
0.5637310147285461
0.3042460083961487
0.5512980222702026
0.30295199155807495
0.5388649702072144
0.3016589879989624
0.5264319777488708
0.30036601424217224
0.5139989852905273
0.30901700258255005
0.5049759745597839
0.31766799092292786
0.4959540069103241
0.32631999254226685
0.4869309961795807
0.33497101068496704
0.47790899872779846
0.34362199902534485
0.46888598799705505
0.35227298736572266
0.45986300706863403
0.36092400550842285
0.4508410096168518
0.36957499384880066
0.4418179988861084
0.3803749978542328
0.43552398681640625
0.39117398858070374
0.4292289912700653
0.40197399258613586
0.42293500900268555
0.4127730131149292
0.4166400134563446
0.42357298731803894
0.41034600138664246
0.43437299132347107
0.4040510058403015
0.4451720118522644
0.39775699377059937
0.45597198605537415
0.3914630115032196
0.4621320068836212
0.40233901143074036
0.4682919979095459
0.4132159948348999
0.4744510054588318
0.42409300804138184
0.48061099648475647
0.4349699914455414
0.48677098751068115
0.4458470046520233
0.4929310083389282
0.45672398805618286
0.4990909993648529
0.4675999879837036
0.5052509903907776
0.47847700119018555
0.5144349932670593
0.48695701360702515
0.5236189961433411
0.49543699622154236
0.5328029990196228
0.5039160251617432
0.5419870018959045
0.512395977973938
0.5511710047721863
0.5208759903907776
0.560355007648468
0.529354989528656
0.5695390105247498
0.5378350019454956
0.5787230134010315
0.5463150143623352
0.5835450291633606
0.5578470230102539
0.5883679986000061
0.5693789720535278
0.5931900143623352
0.5809109807014465
0.5980129837989807
0.5924440026283264
0.6028349995613098
0.6039760112762451
0.6076580286026001
0.6155080199241638
0.6124799847602844
0.6270409822463989
0.6173030138015747
0.6385729908943176
0.6255210041999817
0.6479910016059875
0.6337400078773499
0.6574100255966187
0.6419579982757568
0.6668279767036438
0.6501759886741638
0.6762470006942749
0.658394992351532
0.6856650114059448
0.666612982749939
0.6950839757919312
0.674830973148346
0.7045029997825623
0.6830499768257141
0.7139210104942322
0.6911709904670715
0.7234230041503906
0.6992930173873901
0.7329249978065491
0.7074139714241028
0.7424280047416687
0.7155359983444214
0.7519299983978271
0.7236570119857788
0.7614319920539856
0.7317789793014526
0.770933985710144
0.7398999929428101
0.7804359793663025
0.7480210065841675
0.7899389863014221
0.7582939863204956
0.7970600128173828
0.7685670256614685
0.8041819930076599
0.7788400053977966
0.811303973197937
0.7891129851341248
0.8184260129928589
0.7993860244750977
0.8255469799041748
0.8096579909324646
0.8326690196990967
0.8199309706687927
0.8397909998893738
0.8302040100097656
0.8469129800796509
0.839389979839325
0.8553900122642517
0.8485749959945679
0.863867998123169
0.857761025428772
0.8723459839820862
0.8669469952583313
0.8808240294456482
0.8761320114135742
0.8893020153045654
0.8853179812431335
0.8977800011634827
0.8945040106773376
0.9062569737434387
0.9036890268325806
0.9147350192070007
0.9133729934692383
0.9242410063743591
