0.5798149704933167
0.07307189702987671
0.5778220295906067
0.08541209995746613
0.5758299827575684
0.09775219857692719
0.5738369822502136
0.11009199917316437
0.5718439817428589
0.12243299931287766
0.5698519945144653
0.13477300107479095
0.5678589940071106
0.14711299538612366
0.565867006778717
0.15945300459861755
0.5638740062713623
0.17179299890995026
0.5603619813919067
0.18378999829292297
0.5568490028381348
0.1957859992980957
0.5533369779586792
0.20778200030326843
0.5498250126838684
0.21977899968624115
0.5463119745254517
0.23177500069141388
0.5428000092506409
0.2437720000743866
0.5392879843711853
0.2557680010795593
0.5357760190963745
0.26776400208473206
0.5294420123100281
0.2785409986972809
0.5231080055236816
0.2893179953098297
0.5167750120162964
0.30009400844573975
0.51044100522995
0.3108710050582886
0.5041069984436035
0.3216469883918762
0.49777400493621826
0.33242401480674744
0.4914399981498718
0.34320101141929626
0.4851059913635254
0.3539769947528839
0.4777039885520935
0.3640489876270294
0.4703010022640228
0.3741219937801361
0.46289899945259094
0.3841939866542816
0.45549601316452026
0.3942660093307495
0.4480929970741272
0.4043389856815338
0.4406909942626953
0.4144110083580017
0.43328800797462463
0.4244830012321472
0.42588600516319275
0.4345560073852539
0.4198189973831177
0.44548499584198
0.4137530028820038
0.45641401410102844
0.4076870083808899
0.4673439860343933
0.401621013879776
0.4782730042934418
0.3955549895763397
0.48920300602912903
0.38948801159858704
0.5001320242881775
0.38342198729515076
0.5110610127449036
0.37735599279403687
0.5219910144805908
0.3653799891471863
0.5255720019340515
0.3534039855003357
0.5291529893875122
0.3414280116558075
0.5327339768409729
0.3294520080089569
0.5363150238990784
0.3174760043621063
0.5398960113525391
0.30550000071525574
0.5434769988059998
0.29352301359176636
0.5470579862594604
0.28154700994491577
0.5506389737129211
0.2805750072002411
0.5381770133972168
0.2796030044555664
0.5257149934768677
0.2786310017108917
0.5132520198822021
0.27765899896621704
0.500789999961853
0.27668699622154236
0.4883280098438263
0.2757149934768677
0.4758659899234772
0.274742990732193
0.46340399980545044
0.2737709879875183
0.4509420096874237
0.2686010003089905
0.43956100940704346
0.26343199610710144
0.4281800091266632
0.2582620084285736
0.41679900884628296
0.2530919909477234
0.4054180085659027
0.24792200326919556
0.39403700828552246
0.24275200068950653
0.382656991481781
0.2375829964876175
0.37127599120140076
0.23241299390792847
0.3598949909210205
0.22431699931621552
0.35037100315093994
0.21622100472450256
0.340846985578537
0.20812399685382843
0.3313240110874176
0.20002800226211548
0.32179999351501465
0.19193199276924133
0.3122760057449341
0.18383599817752838
0.30275198817253113
0.17574000358581543
0.29322800040245056
0.16764399409294128
0.2837049961090088
0.15514400601387024
0.2836199998855591
0.142644003033638
0.2835350036621094
0.13014499843120575
0.28345000743865967
0.11764500290155411
0.28336501121520996
0.10514499992132187
0.28328099846839905
0.09264550358057022
0.28319600224494934
0.08014579862356186
0.28311100602149963
0.0676461011171341
0.2830260097980499
0.05946290120482445
0.27234500646591187
0.0512797012925148
0.2616640031337738
