0.17744100093841553
0.48762500286102295
0.1741659939289093
0.4755620062351227
0.17089200019836426
0.46349799633026123
0.1676180064678192
0.45143499970436096
0.164342999458313
0.4393709897994995
0.16106900572776794
0.42730799317359924
0.1577949970960617
0.4152440130710602
0.15452100336551666
0.4031809866428375
0.15124599635601044
0.39111700654029846
0.1459590047597885
0.3797900080680847
0.1406719982624054
0.36846300959587097
0.13538500666618347
0.3571360111236572
0.13009800016880035
0.3458099961280823
0.12481199949979782
0.33448299765586853
0.1195250004529953
0.3231559991836548
0.11423800140619278
0.31182900071144104
0.10895100235939026
0.3005020022392273
0.11951799690723419
0.29382601380348206
0.1300860047340393
0.28714901208877563
0.14065399765968323
0.280472993850708
0.15122200548648834
0.27379700541496277
0.16178900003433228
0.26712000370025635
0.1723569929599762
0.2604439854621887
0.1829250007867813
0.2537679970264435
0.19349199533462524
0.24709099531173706
0.2033350020647049
0.2393849939107895
0.21317699551582336
0.2316790074110031
0.22301900386810303
0.22397300601005554
0.2328609973192215
0.21626700460910797
0.24270300567150116
0.2085610032081604
0.25254499912261963
0.20085500180721283
0.2623870074748993
0.19314900040626526
0.27222999930381775
0.1854429990053177
0.26339900493621826
0.176596000790596
0.25456899404525757
0.16774900257587433
0.24573799967765808
0.15890200436115265
0.23690800368785858
0.15005500614643097
0.2280769944190979
0.1412069946527481
0.2192469984292984
0.13235999643802643
0.2104170024394989
0.12351299822330475
0.20158599317073822
0.11466600000858307
0.19397400319576263
0.10703899711370468
0.18636199831962585
0.09941220283508301
