0.8379080295562744
0.7155519723892212
0.8254449963569641
0.7145860195159912
0.812982976436615
0.7136189937591553
0.8005200028419495
0.7126529812812805
0.7880579829216003
0.7116870284080505
0.7755950093269348
0.7107210159301758
0.7631319761276245
0.709755003452301
0.7506700158119202
0.7087889909744263
0.7382069826126099
0.7078229784965515
0.7258899807929993
0.7056900262832642
0.7135739922523499
0.703557014465332
0.7012569904327393
0.7014240026473999
0.6889399886131287
0.6992909908294678
0.6766240000724792
0.6971589922904968
0.6643069982528687
0.6950259804725647
0.6519899964332581
0.6928930282592773
0.6396740078926086
0.6907600164413452
0.6421589851379395
0.6785100102424622
0.6446449756622314
0.6662589907646179
0.647130012512207
0.6540089845657349
0.649616003036499
0.6417580246925354
0.6521009802818298
0.6295080184936523
0.6545869708061218
0.6172580122947693
0.6570720076560974
0.605006992816925
0.6595579981803894
0.592756986618042
0.6547210216522217
0.5812309980392456
0.6498839855194092
0.569703996181488
0.6450470089912415
0.5581780076026917
0.640209972858429
0.5466520190238953
0.6353729963302612
0.5351259708404541
0.6305360198020935
0.5235990285873413
0.625698983669281
0.5120729804039001
0.6208620071411133
0.5005469918251038
0.6086090207099915
0.4980759918689728
0.5963559746742249
0.4956049919128418
0.5841019749641418
0.493133008480072
0.57184898853302
0.49066200852394104
0.5595960021018982
0.48819100856781006
0.5473420023918152
0.4857200086116791
0.5350890159606934
0.4832490086555481
0.5228360295295715
0.4807780086994171
0.5138139724731445
0.47212499380111694
0.5047929883003235
0.46347299218177795
0.49577099084854126
0.45482099056243896
0.4867500066757202
0.4461680054664612
0.477728009223938
0.4375160038471222
0.46870699524879456
0.4288640022277832
0.45968499779701233
0.4202120006084442
0.4506640136241913
0.41155898571014404
0.4381699860095978
0.4119719862937927
0.42567700147628784
0.4123840034008026
0.4131839871406555
0.4127959907054901
0.4006910026073456
0.4132089912891388
0.38819798827171326
0.4136210083961487
0.37570399045944214
0.4140329957008362
0.3632110059261322
0.41444501280784607
0.3507179915904999
0.41485801339149475
0.3418079912662506
0.42362499237060547
0.33289799094200134
0.4323920011520386
0.3239879906177521
0.4411590099334717
0.315077006816864
0.4499259889125824
0.30616700649261475
0.4586929976940155
0.2972570061683655
0.4674600064754486
0.2883470058441162
0.47622600197792053
0.27943700551986694
0.48499301075935364
0.26697900891304016
0.48602399230003357
0.2545219957828522
0.4870539903640747
0.2420639991760254
0.48808398842811584
0.2296070009469986
0.489113986492157
0.2171500027179718
0.4901440143585205
0.20469200611114502
0.49117401242256165
0.19223499298095703
0.4922040104866028
0.17977699637413025
0.4932340085506439
0.17276300489902496
0.48288801312446594
0.16574899852275848
0.4725410044193268
0.15873600542545319
0.4621939957141876
0.1517219990491867
0.45184698700904846
0.14470799267292023
0.4415000081062317
0.13769400119781494
0.43115299940109253
0.13068099319934845
0.42080700397491455
0.12366700172424316
0.4104599952697754
0.11387699842453003
0.4026870131492615
0.10408800095319748
0.39491501450538635
0.09429790079593658
0.38714200258255005
0.08450829982757568
0.37936899065971375
0.07471869885921478
0.3715969920158386
0.06492909789085388
0.3638240098953247
0.05513950064778328
0.3560520112514496
0.04534989967942238
0.3482789993286133
0.050457701086997986
0.35968801379203796
0.05556559935212135
0.3710959851741791
0.06067350134253502
0.38250499963760376
0.06578130275011063
0.39391401410102844
0.0708891972899437
0.40532299876213074
0.07599709928035736
0.41673099994659424
0.08110489696264267
0.4281400144100189
0.08621279895305634
0.4395489990711212
0.0776958018541336
0.44891101121902466
0.06917890161275864
0.4582729935646057
0.06066190078854561
0.46763500571250916
0.05214489996433258
0.4769980013370514
0.04362799972295761
0.48636001348495483
