0.827547013759613
0.371425986289978
0.8204230070114136
0.38169699907302856
0.8133000135421753
0.3919689953327179
0.8061760067939758
0.4022409915924072
0.7990530133247375
0.41251200437545776
0.7919290065765381
0.4227840006351471
0.7848060131072998
0.43305501341819763
0.7776820063591003
0.44332700967788696
0.7705590128898621
0.4535990059375763
0.7640669941902161
0.46428099274635315
0.7575759887695312
0.4749630093574524
0.7510849833488464
0.48564600944519043
0.7445930242538452
0.4963279962539673
0.7381020188331604
0.5070099830627441
0.7316110134124756
0.5176929831504822
0.7251189947128296
0.5283750295639038
0.7186279892921448
0.5390580296516418
0.7052329778671265
0.5368430018424988
0.6918380260467529
0.5346289873123169
0.6784430146217346
0.532414972782135
0.6650469899177551
0.5302010178565979
0.6516519784927368
0.527987003326416
