0.37742701172828674
0.107355996966362
0.38911300897598267
0.11179099977016449
0.4007999897003174
0.11622600257396698
0.4124870002269745
0.12066099792718887
0.4241740107536316
0.12509599328041077
0.4358600080013275
0.12953099608421326
0.44754698872566223
0.13396599888801575
0.45923399925231934
0.13840100169181824
0.47092100977897644
0.14283600449562073
0.48180198669433594
0.14898799359798431
0.4926829934120178
0.15514099597930908
0.5035640001296997
0.16129399836063385
0.5144439935684204
0.16744700074195862
0.5253250002861023
0.1735990047454834
0.5362060070037842
0.17975200712680817
0.5470870137214661
0.18590499460697174
0.557968020439148
0.1920579969882965
0.5673990249633789
0.20026099681854248
0.5768309831619263
0.20846499502658844
0.5862619876861572
0.2166679948568344
0.5956940054893494
0.22487199306488037
0.6051250100135803
0.23307499289512634
0.6145570278167725
0.2412790060043335
0.6239879727363586
0.24948200583457947
0.6334199905395508
0.25768598914146423
0.6449509859085083
0.2625100016593933
0.656482994556427
0.2673340141773224
0.6680139899253845
0.2721579968929291
0.6795459985733032
0.27698200941085815
0.6910780072212219
0.28180599212646484
0.7026090025901794
0.2866300046443939
0.7141410112380981
0.2914539873600006
0.7256720066070557
0.2962779998779297
0.7378209829330444
0.2933340072631836
0.7499690055847168
0.2903900146484375
0.7621179819107056
0.287445992231369
0.7742660045623779
0.2845019996166229
0.7864140272140503
0.28155800700187683
0.7985630035400391
0.27861401438713074
0.8107110261917114
0.27566999197006226
0.822858989238739
0.27272599935531616
0.8240789771080017
0.28516700863838196
0.825298011302948
0.2976070046424866
0.8265169858932495
0.31004801392555237
0.8277369737625122
0.322488009929657
0.8289560079574585
0.3349280059337616
0.83017498254776
0.347368985414505
0.8313949704170227
0.359809011220932
0.832614004611969
0.3722499907016754
0.8343380093574524
0.38390499353408813
0.836063027381897
0.39556100964546204
0.8377869725227356
0.40721699595451355
0.8395119905471802
0.41887199878692627
