0.8046900033950806
0.14515900611877441
0.8015980124473572
0.15727099776268005
0.7985050082206726
0.1693820059299469
0.7954130172729492
0.18149399757385254
0.7923200130462646
0.19360500574111938
0.7892280220985413
0.20571599900722504
0.7861350178718567
0.21782800555229187
0.7830430269241333
0.22993899881839752
0.7799500226974487
0.24205100536346436
0.7741609811782837
0.2531290054321289
0.7683709859848022
0.26420700550079346
0.7625809907913208
0.2752859890460968
0.7567920088768005
0.28636398911476135
0.7510020136833191
0.2974430024623871
0.745212972164154
0.30852100253105164
0.7394229769706726
0.3195990025997162
0.7336329817771912
0.33067798614501953
0.7272769808769226
0.34144100546836853
0.7209219932556152
0.3522050082683563
0.7145659923553467
0.36296799778938293
0.7082099914550781
0.3737320005893707
0.7018539905548096
0.38449499011039734
0.695497989654541
0.39525899291038513
0.6891419887542725
0.40602201223373413
0.6827859878540039
0.41678598523139954
0.6744949817657471
0.4261400103569031
0.6662030220031738
0.43549400568008423
0.6579110026359558
0.4448480010032654
0.649619996547699
0.45420199632644653
0.641327977180481
0.4635559916496277
0.6330360174179077
0.47290998697280884
0.6247450113296509
0.4822640120983124
0.6164529919624329
0.49161800742149353
0.6072350144386292
0.5000609755516052
0.5980169773101807
0.5085030198097229
0.5887979865074158
0.5169450044631958
0.5795800089836121
0.5253880023956299
0.5703619718551636
0.5338299870491028
0.5611439943313599
0.5422719717025757
0.551925003528595
0.5507150292396545
0.5427070260047913
0.5591570138931274
0.5343359708786011
0.5684400200843811
0.5259649753570557
0.5777230262756348
0.5175939798355103
0.5870059728622437
0.5092229843139648
0.5962889790534973
0.5008519887924194
0.6055729985237122
0.492480993270874
0.6148560047149658
0.4841099977493286
0.6241390109062195
0.4757390022277832
0.6334220170974731
0.47097301483154297
0.6222379803657532
0.46620699763298035
0.6110550165176392
0.4614410102367401
0.5998709797859192
0.4566749930381775
0.5886880159378052
