0.7851629853248596
0.16008999943733215
0.7790669798851013
0.17100200057029724
0.772970974445343
0.18191500008106232
0.7668750286102295
0.1928279995918274
0.7607790231704712
0.20374099910259247
0.7546830177307129
0.21465300023555756
0.7485870122909546
0.22556599974632263
0.7424910068511963
0.2364789992570877
0.736395001411438
0.24739199876785278
0.7279559969902039
0.25661298632621765
0.7195169925689697
0.2658340036869049
0.7110769748687744
0.2750549912452698
0.7026379704475403
0.28427600860595703
0.6941990256309509
0.2934980094432831
0.6857600212097168
0.30271899700164795
0.6773210167884827
0.3119400143623352
0.6688820123672485
0.3211610019207001
0.6606569886207581
0.33057400584220886
0.6524320244789124
0.33998700976371765
0.6442080140113831
0.34940001368522644
0.6359829902648926
0.35881298780441284
0.6277580261230469
0.36822599172592163
0.6195340156555176
0.3776389956474304
0.6113089919090271
0.3870519995689392
0.6030840277671814
0.396465003490448
0.5943300127983093
0.4053879976272583
0.5855759978294373
0.4143109917640686
0.5768219828605652
0.4232330024242401
0.5680670142173767
0.4321559965610504
0.5593129992485046
0.4410789906978607
0.5505589842796326
0.4500010013580322
0.5418050289154053
0.45892399549484253
0.533050000667572
0.46784600615501404
0.5249999761581421
0.4774090051651001
0.5169489979743958
0.486970990896225
0.5088989734649658
0.49653300642967224
0.5008479952812195
0.5060949921607971
0.49279698729515076
0.5156580209732056
0.4847469925880432
0.5252199769020081
0.4766960144042969
0.5347819924354553
0.46864500641822815
0.5443450212478638
0.4590339958667755
0.5523369908332825
0.4494229853153229
0.5603299736976624
0.4398120045661926
0.5683220028877258
0.43020099401474
0.5763139724731445
0.42059099674224854
0.5843070149421692
0.4109799861907959
0.5922989845275879
0.40136900544166565
0.6002920269966125
0.391757994890213
0.6082839965820312
0.3819420039653778
0.6005449891090393
0.3721260130405426
0.592805027961731
0.3623110055923462
0.5850650072097778
0.352495014667511
0.5773249864578247
0.3426800072193146
0.5695859789848328
0.332863986492157
0.5618460178375244
0.3230479955673218
0.5541059970855713
0.31323298811912537
0.5463669896125793
0.30329298973083496
0.5387870073318481
0.29335299134254456
0.5312070250511169
0.28341299295425415
0.5236279964447021
0.2734740078449249
0.516048014163971
0.2635340094566345
0.508467972278595
0.2535940110683441
0.500889003276825
0.24365399777889252
0.49330899119377136
0.2337149977684021
0.48572900891304016
0.22726599872112274
0.47502100467681885
0.22081799805164337
0.46431198716163635
0.214369997382164
0.4536040127277374
0.20792099833488464
0.4428960084915161
0.20147299766540527
0.4321869909763336
0.19502399861812592
0.4214789867401123
0.18857599794864655
0.4107710123062134
0.18212799727916718
0.4000619947910309
0.17567899823188782
0.38935399055480957
0.16923099756240845
0.37864598631858826
0.16278299689292908
0.36793699860572815
0.15633399784564972
0.35722899436950684
0.14988599717617035
0.3465209901332855
0.14343799650669098
0.3358120024204254
0.13698899745941162
0.3251039981842041
0.13054099678993225
0.3143959939479828
0.1246820017695427
0.30466601252555847
0.11882299929857254
0.29493701457977295
