0.4149399995803833
0.4383549988269806
0.40980398654937744
0.44975098967552185
0.40466800332069397
0.4611470103263855
0.3995319902896881
0.47254401445388794
0.39439699053764343
0.4839400053024292
0.38926100730895996
0.49533599615097046
0.3841249942779541
0.5067319869995117
0.3789899945259094
0.5181289911270142
0.37385401129722595
0.5295249819755554
0.36572301387786865
0.5200309753417969
0.35759198665618896
0.5105360150337219
0.34946200251579285
0.5010420083999634
0.34133100509643555
0.49154800176620483
0.33320000767707825
0.4820539951324463
0.32506901025772095
0.47255998849868774
0.31693801283836365
0.4630649983882904
0.30880799889564514
0.45357099175453186
0.3057650029659271
0.441446989774704
0.3027229905128479
0.4293229877948761
0.29968100786209106
0.4171989858150482
0.29663801193237305
0.4050750136375427
0.2935959994792938
0.39295101165771484
0.2905539870262146
0.3808259963989258
0.28751200437545776
0.3687019944190979
0.28446900844573975
0.35657799243927
0.28336501121520996
0.34412699937820435
0.2822610139846802
0.33167600631713867
0.281156986951828
0.319225013256073
0.2800529897212982
0.30677399039268494
0.27894899249076843
0.29432201385498047
0.27784401178359985
0.2818709909915924
0.27674001455307007
0.26941999793052673
0.2756359875202179
0.25696900486946106
0.28708699345588684
0.2519559860229492
0.2985369861125946
0.24694199860095978
0.30998799204826355
0.24192899465560913
0.3214389979839325
0.2369150072336197
0.33288899064064026
0.23190200328826904
0.3443399965763092
0.2268889993429184
0.35578998923301697
0.22187499701976776
0.3672409951686859
0.21686199307441711
0.36172398924827576
0.20564499497413635
0.356207013130188
0.1944279968738556
0.35069000720977783
0.18321199715137482
0.3451730012893677
0.17199499905109406
0.3396570086479187
0.1607780009508133
0.33414000272750854
0.14956200122833252
0.3286229968070984
0.13834500312805176
0.32310599088668823
0.127128005027771
0.3354099988937378
0.12933200597763062
0.34771499037742615
0.13153499364852905
0.3600189983844757
0.13373799622058868
0.37232300639152527
0.13594099879264832
0.38462701439857483
0.13814499974250793
0.3969320058822632
0.14034800231456757
0.40923601388931274
0.1425510048866272
0.4215399920940399
0.14475399255752563
0.43394801020622253
0.14323799312114716
0.44635599851608276
0.14172199368476868
0.4587630033493042
0.1402059942483902
0.47117099165916443
0.13868999481201172
0.48357900977134705
0.13717299699783325
0.4959869980812073
0.13565699756145477
0.5083940029144287
0.1341409981250763
0.5208020210266113
0.13262499868869781
0.5323989987373352
0.12509700655937195
0.5439959764480591
0.11756999790668488
0.5555930137634277
0.1100429967045784
0.5671899914741516
0.10251600295305252
0.5787870287895203
0.09498869627714157
0.5903840065002441
0.08746150135993958
