0.12377700209617615
0.26016101241111755
0.13590799272060394
0.25714701414108276
0.14803899824619293
0.2541320025920868
0.16017000377178192
0.251118004322052
0.1723019927740097
0.2481040060520172
0.1844329982995987
0.24508999288082123
0.19656400382518768
0.24207499623298645
0.20869499444961548
0.23906099796295166
0.22082599997520447
0.23604699969291687
0.23149000108242035
0.22952499985694885
0.24215400218963623
0.22300399839878082
0.2528179883956909
0.2164819985628128
0.263482004404068
0.20996099710464478
0.2741459906101227
0.20343899726867676
0.2848089933395386
0.19691699743270874
0.29547300934791565
0.1903959959745407
0.30613699555397034
0.1838739961385727
0.3133299946784973
0.19409799575805664
0.3205220103263855
0.2043209969997406
0.3277139961719513
0.21454399824142456
0.33490699529647827
0.2247679978609085
0.34209901094436646
0.23499099910259247
0.34929201006889343
0.24521499872207642
0.35648399591445923
0.2554379999637604
0.3636769950389862
0.2656620144844055
0.3754020035266876
0.2613289952278137
0.38712701201438904
0.2569969892501831
0.39885199069976807
0.2526639997959137
0.4105769991874695
0.2483309954404831
0.4223020076751709
0.24399900436401367
0.4340269863605499
0.23966600000858307
0.4457530081272125
0.23533399403095245
0.45747798681259155
0.23100100457668304
0.4584819972515106
0.2434609979391098
0.4594860076904297
0.2559199929237366
0.46048998832702637
0.26837998628616333
0.46149399876594543
0.2808400094509125
0.4624980092048645
0.29329898953437805
0.4635019898414612
0.3057590126991272
0.46450600028038025
0.3182179927825928
0.4655100107192993
0.33067798614501953
0.46700701117515564
0.3430880010128021
0.46850401163101196
0.35549798607826233
0.4699999988079071
0.3679080009460449
0.4714969992637634
0.3803179860115051
0.47299298644065857
0.3927280008792877
0.4744899868965149
0.4051379859447479
0.4759869873523712
0.4175490140914917
0.47748300433158875
0.4299589991569519
0.47922301292419434
0.4423370063304901
0.48096200823783875
0.4547150135040283
0.48270198702812195
0.4670940041542053
0.48444101214408875
0.47947201132774353
0.48618099093437195
0.49185100197792053
0.48791998624801636
0.5042290091514587
0.48965999484062195
0.5166069865226746
0.49139899015426636
0.5289859771728516
0.5032809972763062
0.5351750254631042
0.515163004398346
0.5413650274276733
0.5270450115203857
0.5475550293922424
0.5389270186424255
0.5537449717521667
0.5508090257644653
0.5599349737167358
0.5626909732818604
0.5661240220069885
