0.8522539734840393
0.8049229979515076
0.8571609854698181
0.793425977230072
0.8620669841766357
0.7819300293922424
0.8669739961624146
0.7704330086708069
0.8718810081481934
0.7589359879493713
0.876787006855011
0.747439980506897
0.8816940188407898
0.7359430193901062
0.8866009712219238
0.7244459986686707
0.8915070295333862
0.7129489779472351
0.8792189955711365
0.7152379751205444
0.8669300079345703
0.7175269722938538
0.8546410202980042
0.7198160290718079
0.8423529863357544
0.722104012966156
0.8300639986991882
0.7243930101394653
0.8177750110626221
0.7266820073127747
0.8054869771003723
0.728971004486084
0.7931979894638062
0.7312589883804321
0.7821069955825806
0.7254930138587952
0.7710170149803162
0.7197269797325134
0.7599260210990906
0.7139610052108765
0.7488359808921814
0.7081940174102783
0.7377449870109558
0.7024279832839966
0.7266550064086914
0.6966620087623596
0.7155640125274658
0.6908959746360779
0.7044739723205566
0.6851300001144409
0.7147300243377686
0.6779839992523193
0.7249860167503357
0.6708379983901978
0.7352420091629028
0.6636919975280762
0.74549800157547
0.6565470099449158
0.7557539939880371
0.6494010090827942
0.7660099864006042
0.6422550082206726
0.7762669920921326
0.6351100206375122
0.7865229845046997
0.6279640197753906
0.7744269967079163
0.6311159729957581
0.7623310089111328
0.6342689990997314
0.7502350211143494
0.6374210119247437
0.7381389737129211
0.6405739784240723
0.7260429859161377
0.6437259912490845
0.7139469981193542
0.6468790173530579
0.7018510103225708
0.6500309705734253
0.6897550225257874
0.6531839966773987
0.6784260272979736
0.6479009985923767
0.6670979857444763
0.6426180005073547
0.6557689905166626
0.637336015701294
0.6444399952888489
0.632053017616272
0.6331110000610352
0.62677001953125
0.6217820048332214
0.621487021446228
0.6104530096054077
0.6162049770355225
0.599124014377594
0.6109219789505005
0.5882130265235901
0.6048229932785034
0.5773019790649414
0.5987250208854675
0.5663899779319763
0.5926259756088257
0.5554789900779724
0.5865280032157898
0.5445680022239685
0.5804290175437927
0.5336560010910034
0.5743299722671509
0.5227450132369995
0.568231999874115
0.5118340253829956
0.5621330142021179
0.5144060254096985
0.549901008605957
0.5169789791107178
0.5376690030097961
0.5195519924163818
0.5254359841346741
0.5221239924430847
0.5132039785385132
0.5246970057487488
0.5009710192680359
0.5272700190544128
0.488739013671875
0.5298429727554321
0.4765070080757141
0.532414972782135
0.46427398920059204
0.5444759726524353
0.4675599932670593
0.5565360188484192
0.4708470106124878
0.5685960054397583
0.4741330146789551
0.5806559920310974
0.4774189889431
0.5927169919013977
0.48070600628852844
0.6047769784927368
0.4839920103549957
0.6168370246887207
0.487278014421463
0.6288970112800598
0.4905639886856079
0.6284099817276001
0.4769180119037628
0.6279230117797852
0.46327099204063416
0.6274359822273254
0.4496249854564667
0.6269490122795105
0.4359790086746216
