0.8417159914970398
0.1007310003042221
0.8386340141296387
0.1128460019826889
0.835552990436554
0.12495999783277512
0.8324710130691528
0.13707399368286133
0.8293899893760681
0.14918799698352814
0.826308012008667
0.16130200028419495
0.8232269883155823
0.17341700196266174
0.8201450109481812
0.18553100526332855
0.8170639872550964
0.19764499366283417
0.8130419850349426
0.20948000252246857
0.8090199828147888
0.22131599485874176
0.804997980594635
0.23315100371837616
0.8009759783744812
0.24498599767684937
0.7969539761543274
0.25682199001312256
0.7929319739341736
0.26865699887275696
0.7889099717140198
0.28049200773239136
0.7848880290985107
0.29232698678970337
0.7801430225372314
0.30389198660850525
0.7753990292549133
0.31545600295066833
0.770654022693634
0.3270210027694702
0.7659090161323547
0.3385849893093109
0.7611650228500366
0.3501499891281128
0.7564200162887573
0.3617140054702759
0.751675009727478
0.37327900528907776
0.7469310164451599
0.38484299182891846
0.7423660159111023
0.396479994058609
0.7378010153770447
0.40811699628829956
0.7332360148429871
0.41975298523902893
0.7286710143089294
0.4313899874687195
0.7241060137748718
0.44302698969841003
0.7195410132408142
0.4546630084514618
0.7149760127067566
0.46630001068115234
0.710411012172699
0.4779359996318817
0.7047370076179504
0.4890750050544739
0.6990640163421631
0.5002130270004272
0.6933910250663757
0.511352002620697
0.6877179741859436
0.5224900245666504
0.6820449829101562
0.5336290001869202
0.6763719916343689
0.5447670221328735
0.6706990003585815
0.5559059977531433
0.6650260090827942
0.5670440196990967
0.6598989963531494
0.5784440040588379
0.6547719836235046
0.5898450016975403
0.6496449708938599
0.6012449860572815
0.6445180177688599
0.6126449704170227
0.6393910050392151
0.6240450143814087
0.6342639923095703
0.6354449987411499
0.6291369795799255
0.6468459963798523
0.6240100264549255
0.6582459807395935
0.6181449890136719
0.6692839860916138
0.6122789978981018
0.680321991443634
0.6064130067825317
0.6913610100746155
0.6005470156669617
0.7023990154266357
0.5946810245513916
0.713437020778656
0.5888149738311768
0.7244750261306763
0.5829499959945679
0.7355129718780518
0.5770840048789978
0.7465519905090332
0.5731610059738159
0.7584199905395508
0.569238007068634
0.7702879905700684
0.5653150081634521
0.7821570038795471
0.5613920092582703
0.7940250039100647
0.5574690103530884
0.8058940172195435
0.5535460114479065
0.817762017250061
0.5496230125427246
0.829630970954895
0.5457000136375427
0.8414989709854126
0.5470399856567383
0.8548930287361145
0.5483790040016174
0.8682870268821716
0.549718976020813
0.8816810250282288
