0.10573799908161163
0.2918649911880493
0.11504600197076797
0.3002089858055115
0.12435299903154373
0.308553010225296
0.13366100192070007
0.3168970048427582
0.14296799898147583
0.32524099946022034
0.15227599442005157
0.3335849940776825
0.1615840047597885
0.34192898869514465
0.17089100182056427
0.3502730131149292
0.18019899725914001
0.3586159944534302
0.1926420032978058
0.35980701446533203
0.20508499443531036
0.3609969913959503
0.21752800047397614
0.3621880114078522
0.2299710065126419
0.36337798833847046
0.24241399765014648
0.3645690083503723
0.25485798716545105
0.3657589852809906
0.2673009932041168
0.3669489920139313
0.2797439992427826
0.36814001202583313
0.2763400077819824
0.38098499178886414
0.27293699979782104
0.39382898807525635
