0.7707679867744446
0.6957190036773682
0.7582690119743347
0.6956220269203186
0.7457690238952637
0.6955249905586243
0.7332689762115479
0.6954280138015747
0.720770001411438
0.6953309774398804
0.7082700133323669
0.6952340006828308
0.6957700252532959
0.6951370239257812
0.6832709908485413
0.6950399875640869
0.6707710027694702
0.6949430108070374
0.6585659980773926
0.6922420263290405
0.6463620066642761
0.6895409822463989
0.6341570019721985
0.6868399977684021
0.6219519972801208
0.6841400265693665
0.6097469925880432
0.6814389824867249
0.5975430011749268
0.678737998008728
0.5853379964828491
0.6760370135307312
0.5731329917907715
0.6733360290527344
0.5633599758148193
0.6655430197715759
0.553587019443512
0.6577500104904175
0.5438140034675598
0.6499559879302979
0.5340409874916077
0.6421629786491394
0.5242679715156555
0.6343700289726257
0.514494001865387
0.6265760064125061
0.5047209858894348
0.6187829971313477
0.49494799971580505
0.6109899878501892
0.4848479926586151
0.6183540225028992
0.47474798560142517
0.6257190108299255
0.46464699506759644
0.6330829858779907
0.4545469880104065
0.6404479742050171
0.44444701075553894
0.647812008857727
0.434347003698349
0.6551759839057922
0.42424601316452026
0.6625409722328186
0.4141460061073303
0.6699050068855286
0.40408599376678467
0.6773250102996826
0.3940269947052002
0.6847450137138367
0.38396701216697693
0.6921650171279907
0.3739069998264313
0.6995840072631836
0.3638480007648468
0.7070040106773376
0.35378798842430115
0.7144240140914917
0.3437280058860779
0.7218440175056458
0.3336690068244934
0.7292630076408386
0.3212200105190277
0.7281309962272644
0.3087719976902008
0.726997971534729
0.2963230013847351
0.7258650064468384
0.2838740050792694
0.724731981754303
0.2714259922504425
0.7235990166664124
0.2589769959449768
0.722465991973877
0.2465289980173111
0.7213330268859863
0.2340800017118454
0.7202000021934509
0.23045100271701813
0.7082390189170837
0.22682200372219086
0.6962770223617554
0.2231930047273636
0.6843159794807434
0.21956400573253632
0.672353982925415
0.21593500673770905
0.6603929996490479
0.21230599284172058
0.6484310030937195
0.2086769938468933
0.6364690065383911
0.20504699647426605
0.6245080232620239
0.2058890014886856
0.6120359897613525
0.20672999322414398
0.5995640158653259
0.20757099986076355
0.5870929956436157
0.20841200649738312
0.5746210217475891
0.2092529982328415
0.5621489882469177
0.21009400486946106
0.5496780276298523
0.21093499660491943
0.5372059941291809
0.211776003241539
0.5247340202331543
0.20439699292182922
0.514644980430603
0.19701799750328064
0.5045549869537354
0.18963800370693207
0.49446600675582886
0.1822589933872223
0.4843760132789612
0.1748799979686737
0.4742870032787323
0.16750100255012512
0.4641970098018646
0.16012200713157654
0.45410799980163574
0.15274299681186676
0.44401800632476807
0.155581995844841
0.4318450093269348
0.15842199325561523
0.41967201232910156
0.16126100718975067
0.4074989855289459
0.16410000622272491
0.3953250050544739
0.16694000363349915
0.3831520080566406
0.1697790026664734
0.3709790110588074
0.17261900007724762
0.3588060140609741
0.17545799911022186
0.3466320037841797
0.18288899958133698
0.3365809917449951
0.1903190016746521
0.32652899622917175
0.1977500021457672
0.3164770007133484
0.20518100261688232
0.3064259886741638
0.21261100471019745
0.29637399315834045
0.22004200518131256
0.28632301092147827
0.22747300565242767
0.2762709856033325
0.23490400612354279
0.26621899008750916
0.22362500429153442
0.26082900166511536
0.21234700083732605
0.25543901324272156
0.20106899738311768
0.25004899501800537
0.1897909939289093
0.24465900659561157
0.17851300537586212
0.2392680048942566
0.16723500192165375
0.2338780015707016
0.15595699846744537
0.2284879982471466
0.144678995013237
0.2230979949235916
0.1513720005750656
0.21254099905490875
0.1580660045146942
0.2019840031862259
0.16475999355316162
0.19142800569534302
0.17145299911499023
0.18087099492549896
0.17814700305461884
0.1703139990568161
0.18484100699424744
0.15975800156593323
0.19153499603271484
0.14920100569725037
0.19822800159454346
0.1386439949274063
0.20501600205898285
0.12793999910354614
0.21180300414562225
0.11723499745130539
0.21859000623226166
0.10653100162744522
0.22537699341773987
0.09582670032978058
0.23216499388217926
0.08512230217456818
