0.2711789906024933
0.4499010145664215
0.28206300735473633
0.4437519907951355
0.2929460108280182
0.43760401010513306
0.30382901430130005
0.43145498633384705
0.3147119879722595
0.4253070056438446
0.32559600472450256
0.419158011674881
0.3364790081977844
0.41301000118255615
0.3473620116710663
0.40686100721359253
0.35824599862098694
0.4007129967212677
0.36829501390457153
0.4080750048160553
0.37834399938583374
0.4154370129108429
0.38839301466941833
0.4227989912033081
0.39844200015068054
0.4301609992980957
0.40849098563194275
0.4375230073928833
0.41854000091552734
0.4448849856853485
