0.3093569874763489
0.37142500281333923
0.310467004776001
0.3838759958744049
0.31157800555229187
0.3963260054588318
0.3126879930496216
0.40877699851989746
0.3137980103492737
0.42122799158096313
0.3149090111255646
0.43367800116539
0.3160189986228943
0.4461289942264557
0.317128986120224
0.45857900381088257
0.3182390034198761
0.47102999687194824
0.3246619999408722
0.48175400495529175
0.3310840129852295
0.49247801303863525
0.3375070095062256
0.5032020211219788
0.3439289927482605
0.5139260292053223
0.3503519892692566
0.5246490240097046
0.3567740023136139
0.5353729724884033
0.36319699883461
0.5460969805717468
0.3696190118789673
0.5568209886550903
0.35987401008605957
0.5646499991416931
0.35012900829315186
0.5724790096282959
0.34038498997688293
0.5803070068359375
0.3306399881839752
0.5881360173225403
0.3208949863910675
0.5959650278091431
0.3111500144004822
0.6037939786911011
0.30140599608421326
0.6116229891777039
0.29166099429130554
0.6194509863853455
0.3033260107040405
0.6239429712295532
0.3149909973144531
0.6284350156784058
0.3266560137271881
0.6329270005226135
0.3383210003376007
0.6374179720878601
0.3499859869480133
0.6419100165367126
0.3616510033607483
0.6464020013809204
0.3733159899711609
0.6508939862251282
0.38498198986053467
0.6553859710693359
0.38453200459480286
0.6665239930152893
0.38408198952674866
0.6776630282402039
0.38363200426101685
0.6888020038604736
