0.47452598810195923
0.08119170367717743
0.4712589979171753
0.09325720369815826
0.46799200773239136
0.10532300174236298
0.46472498774528503
0.11738800257444382
0.4614579975605011
0.12945400178432465
0.45819100737571716
0.1415189951658249
0.45492398738861084
0.15358500182628632
0.4516569972038269
0.16564999520778656
0.44839000701904297
0.17771600186824799
0.4450719952583313
0.1897670030593872
0.441754013299942
0.20181900262832642
0.43843701481819153
0.21387100219726562
0.43511900305747986
0.22592200338840485
0.4318009912967682
0.23797400295734406
0.4284830093383789
0.25002598762512207
0.42516499757766724
0.2620770037174225
0.42184698581695557
0.2741290032863617
0.41912999749183655
0.2863300144672394
0.41641199588775635
0.2985309958457947
0.41369500756263733
0.31073200702667236
0.41097700595855713
0.32293298840522766
0.40825900435447693
0.33513399958610535
0.4055419862270355
0.34733501076698303
0.4028240144252777
0.35953599214553833
0.4001069962978363
0.371737003326416
0.4003080129623413
0.3842349946498871
0.4005100131034851
0.39673399925231934
0.4007109999656677
0.4092319905757904
0.4009130001068115
0.42173001170158386
0.40111398696899414
0.4342289865016937
0.40131598711013794
0.4467270076274872
0.40151798725128174
0.45922601222991943
0.40171900391578674
0.4717240035533905
0.40299201011657715
0.484158992767334
0.40426498651504517
0.49659401178359985
0.40553799271583557
0.509028971195221
0.4068099856376648
0.5214639902114868
0.4080829918384552
0.5338990092277527
0.4093559980392456
0.5463340282440186
0.410629004240036
0.5587689876556396
0.4119020104408264
0.5712040066719055
0.4141170084476471
0.5835059881210327
0.4163320064544678
0.5958089828491211
0.41854599118232727
0.6081110239028931
0.42076098918914795
0.6204130053520203
0.42297598719596863
0.6327149868011475
0.4251909852027893
0.6450170278549194
0.4274060130119324
0.6573200225830078
0.42962101101875305
0.669622004032135
0.4274730086326599
0.6827509999275208
