0.11317099630832672
0.4201120138168335
0.12522000074386597
0.41678300499916077
0.1372690051794052
0.41345399618148804
0.14931699633598328
0.4101249873638153
0.16136600077152252
0.40679699182510376
0.17341400682926178
0.4034680128097534
0.18546299636363983
0.4001390039920807
0.1975110024213791
0.39680999517440796
0.20956000685691833
0.39348098635673523
0.2179660052061081
0.38422998785972595
0.22637200355529785
0.3749780058860779
0.2347790002822876
0.3657270073890686
0.24318499863147736
0.3564760088920593
0.2515909969806671
0.34722501039505005
0.25999701023101807
0.3379729986190796
0.26840299367904663
0.3287220001220703
0.2768099904060364
0.31947100162506104
0.27661699056625366
0.3069719970226288
0.27642399072647095
0.2944740056991577
0.2762320041656494
0.28197500109672546
0.2760390043258667
0.2694770097732544
0.2758469879627228
0.25697800517082214
0.27565398812294006
0.24447999894618988
0.27546098828315735
0.23198099434375763
0.2752690017223358
0.21948300302028656
0.2745960056781769
0.2070010006427765
0.27392399311065674
0.19451899826526642
0.273252010345459
0.18203699588775635
0.27257999777793884
0.16955499351024628
0.2719070017337799
0.1570730060338974
0.27123498916625977
0.14459100365638733
0.270563006401062
0.13210900127887726
0.2698900103569031
0.11962699890136719
0.2801100015640259
0.11242900043725967
0.2903290092945099
0.10523100197315216
0.3005490005016327
0.09803310036659241
0.3107680082321167
0.09083499759435654
0.3209869861602783
0.08363690227270126
0.3312070071697235
0.07643870264291763
0.3414260149002075
0.06924059987068176
0.3516460061073303
0.06204250082373619
0.36413198709487915
0.061461400240659714
0.37661901116371155
0.06088029965758324
0.3891049921512604
0.0602990984916687
0.4015919864177704
0.05971800163388252
0.4140779972076416
0.059136901050806046
0.4265649914741516
0.05855580046772957
0.4390510022640228
0.05797469988465309
0.45153799653053284
0.057393599301576614
0.4630500078201294
0.06226250156760216
0.47456300258636475
0.06713149696588516
0.4860759973526001
0.0720003992319107
0.49758899211883545
0.07686930149793625
0.5091009736061096
0.08173830062150955
0.5206140279769897
0.0866072028875351
0.5321270227432251
0.09147609770298004
0.5436400175094604
0.09634509682655334
0.5521500110626221
0.10550100356340408
0.5606600046157837
0.114656001329422
0.5691710114479065
0.1238119974732399
0.5776810050010681
0.1329669952392578
0.5861909985542297
0.1421229988336563
0.5947009921073914
0.1512790024280548
0.6032119989395142
0.16043399274349213
0.6117219924926758
0.16958999633789062
0.6237059831619263
0.17314399778842926
0.6356899738311768
0.1766979992389679
0.647674024105072
0.18025299906730652
0.6596580147743225
0.18380700051784515
0.671642005443573
0.1873610019683838
0.6836259961128235
0.1909160017967224
0.695609986782074
0.19447000324726105
0.7075939774513245
0.19802400469779968
0.7163439989089966
0.20695200562477112
0.7250930070877075
0.21587899327278137
0.7338420152664185
0.2248069941997528
0.7425919771194458
0.23373399674892426
0.7513409852981567
0.2426609992980957
0.7600899934768677
0.25158900022506714
0.7688400149345398
0.2605159878730774
0.7775890231132507
0.26944398880004883
0.7897850275039673
0.27261099219322205
0.8019809722900391
0.27577701210975647
0.8141769766807556
0.2789439857006073
