0.619799017906189
0.4614869952201843
0.6074600219726562
0.46348801255226135
0.5951219797134399
0.465489000082016
0.5827829837799072
0.46748998761177063
0.5704439878463745
0.46949100494384766
0.5581049919128418
0.4714919924736023
0.5457659959793091
0.4734930098056793
0.5334280133247375
0.47549501061439514
0.5210890173912048
0.4774959981441498
0.5253890156745911
0.46575799584388733
0.5296890139579773
0.45402100682258606
0.5339879989624023
0.4422839879989624
0.5382879972457886
0.43054699897766113
0.5425879955291748
0.41881000995635986
0.546887993812561
0.4070729911327362
0.5511879920959473
0.39533498883247375
0.5554879903793335
0.3835979998111725
0.5674039721488953
0.38737401366233826
0.5793200135231018
0.39114999771118164
0.5912359952926636
0.39492499828338623
0.6031519770622253
0.398701012134552
0.6150680184364319
0.4024760127067566
0.6269850134849548
0.4062519967556
0.6389009952545166
0.41002801060676575
0.6508169770240784
0.41380301117897034
0.6632580161094666
0.41259199380874634
0.67569899559021
0.41137999296188354
0.6881399750709534
0.41016799211502075
0.7005810141563416
0.40895700454711914
0.7130230069160461
0.40774500370025635
0.7254639863967896
0.40653300285339355
0.7379050254821777
0.40532198548316956
0.7503460049629211
0.40411001443862915
0.7623479962348938
0.4076020121574402
0.7743499875068665
0.41109499335289
0.7863529920578003
0.41458699107170105
0.798354983329773
0.41808000206947327
0.8103569746017456
0.4215719997882843
0.822359025478363
0.4250650107860565
0.8343610167503357
0.42855700850486755
0.8463640213012695
0.4320499897003174
0.8516510128974915
0.42015498876571655
0.8569390177726746
0.4082599878311157
0.8622270226478577
0.3963660001754761
0.8675140142440796
0.38447099924087524
0.8728020191192627
0.3725770115852356
0.8780900239944458
0.36068201065063477
