0.6730260252952576
0.6036580204963684
0.6611170172691345
0.6074579954147339
0.6492090225219727
0.6112589836120605
0.6373010277748108
0.6150590181350708
0.6253920197486877
0.6188600063323975
0.6134840250015259
0.6226599812507629
0.6015759706497192
0.6264600157737732
0.5896679759025574
0.6302610039710999
0.5777590274810791
0.6340609788894653
0.5657699704170227
0.6375979781150818
0.5537809729576111
0.6411340236663818
0.5417910218238831
0.6446710228919983
0.5298020243644714
0.6482070088386536
0.5178130269050598
0.65174400806427
0.5058240294456482
0.6552799940109253
0.493833988904953
0.6588169932365417
0.4818449914455414
0.662352979183197
0.48458701372146606
0.6501579880714417
0.4873279929161072
0.6379619836807251
0.4900699853897095
0.6257659792900085
0.492810994386673
0.6135709881782532
0.49555298686027527
0.6013749837875366
0.49829399585723877
0.5891789793968201
0.5010359883308411
0.5769839882850647
0.503777027130127
0.5647879838943481
0.5103129744529724
0.5541750192642212
0.5168480277061462
0.5435619950294495
0.5233839750289917
0.5329489707946777
0.5299190282821655
0.5223360061645508
0.536454975605011
0.511722981929779
