0.5746369957923889
0.5027390122413635
0.5859820246696472
0.5079860091209412
0.5973269939422607
0.51323401927948
0.6086729764938354
0.5184810161590576
0.6200180053710938
0.5237290263175964
0.6313629746437073
0.5289769768714905
0.6427080035209656
0.5342239737510681
0.6540529727935791
0.5394719839096069
0.6653980016708374
0.5447189807891846
0.6739689707756042
0.5538190007209778
0.6825389862060547
0.5629180073738098
0.6911100149154663
0.5720170140266418
0.699679970741272
0.5811169743537903
0.7082499861717224
0.5902159810066223
0.716821014881134
0.5993149876594543
0.7253909707069397
0.6084150075912476
0.7339619994163513
0.6175140142440796
0.7452149987220764
0.6229559779167175
0.7564679980278015
0.6283990144729614
0.7677209973335266
0.6338409781455994
0.7789739966392517
0.6392840147018433
0.7902269959449768
0.6447259783744812
0.8014799952507019
0.6501680016517639
0.812732994556427
0.655610978603363
0.8239859938621521
0.6610530018806458
0.8364850282669067
0.6609179973602295
0.8489840030670166
0.6607840061187744
0.8614839911460876
0.6606490015983582
0.8739830255508423
0.6605139970779419
0.8864820003509521
0.6603800058364868
0.8989819884300232
0.6602450013160706
0.9114810228347778
0.6601099967956543
0.9239799976348877
0.659974992275238
0.9255599975585938
0.6475759744644165
0.9271389842033386
0.6351760029792786
0.9287189841270447
0.6227759718894958
0.9302979707717896
0.6103760004043579
0.9318779706954956
0.5979769825935364
0.9334579706192017
0.5855770111083984
0.9350370168685913
0.5731769800186157
0.9366170167922974
0.5607770085334778
0.9280019998550415
0.5517200231552124
0.9193860292434692
0.5426629781723022
0.9107710123062134
0.5336059927940369
0.9021559953689575
0.5245500206947327
0.8935409784317017
0.5154929757118225
0.8849250078201294
0.5064359903335571
0.8763099908828735
0.49737900495529175
0.8676949739456177
0.488321989774704
0.8742470145225525
0.4766809940338135
0.8807989954948425
0.46504101157188416
0.8873509764671326
0.45339998602867126
