0.9104940295219421
0.7185350060462952
0.8980799913406372
0.7200019955635071
0.885666012763977
0.7214679718017578
0.8732519745826721
0.7229340076446533
0.8608390092849731
0.7244009971618652
0.8484249711036682
0.725866973400116
0.8360109925270081
0.7273330092430115
0.8235980272293091
0.7287999987602234
0.8111839890480042
0.7302659749984741
0.7986890077590942
0.7299230098724365
0.7861930131912231
0.7295799851417542
0.7736979722976685
0.7292360067367554
0.7612029910087585
0.728892982006073
0.7487080097198486
0.7285500168800354
0.7362120151519775
0.7282059788703918
0.7237169742584229
0.7278630137443542
0.7112219929695129
0.7275199890136719
0.6988800168037415
0.7295020222663879
0.6865379810333252
0.7314839959144592
0.6741960048675537
0.7334660291671753
0.6618540287017822
0.7354480028152466
0.649511992931366
0.7374299764633179
0.6371709704399109
0.7394130229949951
0.6248289942741394
0.7413949966430664
0.6124870181083679
0.7433769702911377
0.6013990044593811
0.7376049757003784
0.5903120040893555
0.7318329811096191
0.5792239904403687
0.726061999797821
0.5681359767913818
0.7202900052070618
0.5570489764213562
0.7145180106163025
0.5459610223770142
0.7087460160255432
0.5348730087280273
0.7029749751091003
0.5237849950790405
0.6972029805183411
0.5112869739532471
0.6973879933357239
0.4987879991531372
0.6975730061531067
0.48629000782966614
0.6977580189704895
0.4737910032272339
0.6979429721832275
0.46129199862480164
0.6981279850006104
0.44879400730133057
0.6983129978179932
0.4362950026988983
0.698498010635376
0.42379599809646606
0.6986830234527588
0.41167500615119934
0.6956300139427185
0.3995540142059326
0.6925770044326782
0.3874320089817047
0.6895239949226379
0.3753109872341156
0.6864709854125977
0.3631890118122101
0.6834179759025574
0.35106799006462097
0.6803650259971619
0.33894699811935425
0.6773120164871216
0.32682499289512634
0.6742590069770813
0.33034801483154297
0.6622650027275085
0.3338710069656372
0.650272011756897
0.33739298582077026
0.6382790207862854
0.3409160077571869
0.6262850165367126
0.34443899989128113
0.6142920255661011
0.34796199202537537
0.6022989749908447
0.3514840006828308
0.590304970741272
0.35500699281692505
0.5783119797706604
0.35457301139831543
0.5658199787139893
0.35413798689842224
0.5533270239830017
0.35370299220085144
0.5408350229263306
0.3532690107822418
0.5283420085906982
0.35283398628234863
0.5158500075340271
0.35239899158477783
0.5033569931983948
0.3519650101661682
0.49086499214172363
0.351529985666275
0.4783720076084137
0.3479189872741699
0.4664050042629242
0.344309002161026
0.4544380009174347
0.3406980037689209
0.4424709975719452
0.3370879888534546
0.4305039942264557
0.3334769904613495
0.4185360074043274
0.32986700534820557
0.4065690040588379
0.32625600695610046
0.3946020007133484
0.32264599204063416
0.3826349973678589
0.3320850133895874
0.3744400143623352
0.34152400493621826
0.36624500155448914
0.3509629964828491
0.35804998874664307
0.36040198802948
0.3498550057411194
0.3698410093784332
0.3416610062122345
0.3792800009250641
0.3334659934043884
0.38871899247169495
0.32527101039886475
0.3981580138206482
0.3170759975910187
0.39043301343917847
0.3072490096092224
0.38270801305770874
0.29742199182510376
0.374983012676239
0.2875950038433075
0.3672569990158081
0.27776798605918884
0.3595319986343384
0.2679400146007538
0.35180699825286865
0.25811299681663513
0.3440819978713989
0.24828599393367767
0.3363569974899292
0.2384590059518814
0.3412820100784302
0.22697000205516815
0.34620699286460876
0.2154809981584549
0.35113099217414856
0.20399199426174164
0.35605600476264954
0.19250300526618958
0.3609809875488281
0.18101400136947632
0.3659060001373291
0.16952499747276306
0.3708310127258301
0.1580359935760498
0.37575599551200867
0.14654700458049774
0.3634200096130371
0.14240700006484985
0.35108301043510437
0.13826699554920197
0.3387469947338104
0.13412800431251526
0.32641100883483887
0.12998799979686737
0.3140749931335449
0.12584799528121948
0.30173900723457336
0.12170799821615219
