0.692674994468689
0.26652801036834717
0.6898379921913147
0.25435400009155273
0.6870009899139404
0.2421800047159195
0.684162974357605
0.23000699281692505
0.6813259720802307
0.2178329974412918
0.6784890294075012
0.20565900206565857
0.675652027130127
0.19348500669002533
0.6728150248527527
0.18131199479103088
0.6699770092964172
0.16913799941539764
0.6575700044631958
0.17065399885177612
0.6451619863510132
0.1721699982881546
0.6327540278434753
0.17368699610233307
0.6203470230102539
0.17520299553871155
0.6079390048980713
0.17671899497509003
0.5955309867858887
0.1782349944114685
0.5831239819526672
0.17975200712680817
0.5707160234451294
0.18126800656318665
0.5685449838638306
0.16895799338817596
0.5663729906082153
0.15664799511432648
0.5642020106315613
0.144337996840477
0.5620309710502625
0.1320279985666275
0.5598589777946472
0.11971800029277802
0.5576879978179932
0.10740800201892853
0.5555170178413391
0.09509799629449844
0.5533450245857239
0.08278810232877731
0.5553069710731506
0.07179860025644302
0.5572689771652222
0.06080919876694679
