0.52988600730896
0.35813501477241516
0.5204610228538513
0.36634600162506104
0.5110369920730591
0.3745580017566681
0.5016120076179504
0.38276898860931396
0.4921869933605194
0.3909800052642822
0.48276299238204956
0.3991909921169281
0.4733380079269409
0.40740299224853516
0.4639129936695099
0.4156140089035034
0.45448899269104004
0.4238249957561493
0.4501200020313263
0.4355370104312897
0.44575199484825134
0.44724899530410767
0.4413839876651764
0.45896100997924805
0.43701601028442383
0.47067299485206604
0.4326480031013489
0.4823850095272064
0.4282799959182739
0.4940969944000244
0.4239110052585602
0.5058090090751648
0.41954299807548523
0.5175210237503052
0.40773001313209534
0.5134909749031067
0.39591699838638306
0.5094619989395142
0.38410401344299316
0.5054330229759216
0.3722909986972809
0.5014029741287231
0.360478013753891
0.4973739981651306
0.3486649990081787
0.4933449923992157
0.33685100078582764
0.4893159866333008
