0.27016499638557434
0.08401930332183838
0.2608279883861542
0.09233000129461288
0.2514899969100952
0.10064099729061127
0.24215300381183624
0.10895100235939026
0.23281599581241608
0.11726199835538864
0.2234790027141571
0.12557299435138702
0.21414199471473694
0.133883997797966
0.20480500161647797
0.142194002866745
0.1954679936170578
0.15050500631332397
0.18937699496746063
0.161421000957489
0.18328699469566345
0.17233699560165405
0.17719699442386627
0.18325300514698029
0.1711069941520691
0.19416899979114532
0.16501599550247192
0.20508499443531036
0.15892599523067474
0.2160010039806366
0.15283599495887756
0.22691699862480164
0.1467449963092804
0.23783299326896667
0.1342419981956482
0.24017000198364258
0.121738001704216
0.2425069957971573
0.10923399776220322
0.2448440045118332
0.09673000127077103
0.2471809983253479
