0.5615090131759644
0.11874599754810333
0.5576949715614319
0.13064999878406525
0.553879976272583
0.14255300164222717
0.5500659942626953
0.1544570028781891
0.5462520122528076
0.166361004114151
0.5424370169639587
0.17826500535011292
0.5386229753494263
0.19016900658607483
0.5348079800605774
0.20207199454307556
0.5309939980506897
0.21397599577903748
0.5258910059928894
0.22538700699806213
0.5207880139350891
0.2367980033159256
0.5156850218772888
0.24820899963378906
0.5105819702148438
0.2596200108528137
0.5054789781570435
0.271030992269516
0.5003759860992432
0.28244200348854065
0.49527299404144287
0.2938530147075653
0.4901700019836426
0.3052639961242676
0.48574700951576233
0.31695500016212463
0.4813230037689209
0.3286460041999817
0.47690001130104065
0.34033700823783875
0.472476989030838
0.3520280122756958
0.46805301308631897
0.36371999979019165
0.46362999081611633
0.3754110038280487
0.4592060148715973
0.38710200786590576
0.45478299260139465
0.3987930119037628
0.4496519863605499
0.41019099950790405
0.4445210099220276
0.42159000039100647
0.43939000368118286
0.4329879879951477
0.43425899744033813
0.4443869888782501
0.4291279911994934
0.45578500628471375
0.42399701476097107
0.467182993888855
0.41886600852012634
0.4785819947719574
0.4137350022792816
0.489980012178421
0.4086430072784424
0.5013960003852844
0.40355101227760315
0.5128120183944702
0.39845898747444153
0.5242279767990112
0.3933660089969635
0.5356429815292358
0.38827401399612427
0.5470589995384216
0.38318198919296265
0.5584750175476074
0.3780899941921234
0.5698909759521484
0.3729979991912842
0.581305980682373
0.36130601167678833
0.5768849849700928
0.3496139943599701
0.5724639892578125
0.33792200684547424
0.568041980266571
0.326229989528656
0.5636209845542908
0.31453800201416016
0.5591989755630493
0.3028460144996643
0.554777979850769
0.29115399718284607
0.5503569841384888
0.2794620096683502
0.5459349751472473
0.26708200573921204
0.5442109704017639
0.25470098853111267
0.5424870252609253
0.24232099950313568
0.5407630205154419
0.2299399971961975
0.5390400290489197
0.21755999326705933
0.5373160243034363
0.20517900586128235
0.5355920195579529
0.19279800355434418
0.5338680148124695
0.180417999625206
0.5321440100669861
0.16803699731826782
0.5304200053215027
0.15565699338912964
0.5286960005760193
0.14327600598335266
0.5269719958305359
0.13089600205421448
0.5252479910850525
0.1185149997472763
0.5235239863395691
0.10613500326871872
0.5217999815940857
0.09375400096178055
0.5200769901275635
0.08137349784374237
0.5183529853820801
0.07028470188379288
0.5168089866638184
0.059195999056100845
0.5152649879455566
