0.3808070123195648
0.7970200181007385
0.37350401282310486
0.7868760228157043
0.3662000000476837
0.7767320275306702
0.3588959872722626
0.7665879726409912
0.3515920042991638
0.756443977355957
0.3442879915237427
0.7462990283966064
0.3369840085506439
0.7361549735069275
0.3296799957752228
0.7260109782218933
0.322376012802124
0.7158669829368591
0.3117370009422302
0.7224289774894714
0.3010979890823364
0.7289909720420837
0.290459007024765
0.7355530261993408
0.2798199951648712
0.7421150207519531
0.2691810131072998
0.7486770153045654
0.258542001247406
0.7552390098571777
0.2479030042886734
0.76180100440979
0.2372640073299408
0.7683629989624023
0.22964799404144287
0.7782750129699707
0.22203299403190613
0.7881879806518555
0.2144169956445694
0.7980999946594238
0.20680199563503265
0.8080130219459534
0.1991869956254959
0.817924976348877
0.19157099723815918
0.8278369903564453
0.18395599722862244
0.8377500176429749
0.1763399988412857
0.8476619720458984
0.1747869998216629
0.8600649833679199
0.1732330024242401
0.8724679946899414
0.17167900502681732
0.8848710060119629
0.17012499272823334
0.8972740173339844
0.16857099533081055
0.9096770286560059
0.16701699793338776
0.9220799803733826
0.16546399891376495
0.9344840049743652
0.16391000151634216
0.9468870162963867
0.15104499459266663
0.9428709745407104
0.13818000257015228
0.938854992389679
0.12531499564647675
0.9348390102386475
