0.5696579813957214
0.4121910035610199
0.580282986164093
0.4056060016155243
0.5909079909324646
0.3990209996700287
0.6015329957008362
0.39243701100349426
0.6121580004692078
0.38585200905799866
0.6227830052375793
0.37926700711250305
0.6334080100059509
0.37268200516700745
0.6440330147743225
0.36609700322151184
0.6546580195426941
0.3595130145549774
0.6425439715385437
0.35642799735069275
0.6304309964179993
0.35334300994873047
0.6183180212974548
0.3502579927444458
0.6062039732933044
0.3471739888191223
0.59409099817276
0.34408900141716003
0.5819770097732544
0.34100401401519775
0.5698639750480652
0.3379189968109131
0.5577509999275208
0.3348349928855896
0.546796977519989
0.3307349979877472
0.535843014717102
0.3266350030899048
0.5248879790306091
0.3225350081920624
