0.06805150210857391
0.6967970132827759
0.07077889889478683
0.6845980286598206
0.07350630313158035
0.6723999977111816
0.07623369991779327
0.6602010130882263
0.0789610967040062
0.648002028465271
0.08168850094079971
0.6358029842376709
0.08441589772701263
0.6236039996147156
0.08714330196380615
0.6114050149917603
0.08987069875001907
0.5992069840431213
0.1023470014333725
0.5984370112419128
0.11482299864292145
0.5976669788360596
0.1272989958524704
0.5968970060348511
0.13977600634098053
0.5961269736289978
0.15225200355052948
0.5953570008277893
0.16472800076007843
0.5945870280265808
0.17720499634742737
0.5938180088996887
0.18968099355697632
0.5930479764938354
0.20210200548171997
0.5944479703903198
0.21452300250530243
0.595848023891449
0.22694499790668488
0.5972489714622498
0.23936599493026733
0.5986490249633789
0.251787006855011
0.6000490188598633
0.26420900225639343
0.6014500260353088
0.2766300141811371
0.6028500199317932
0.28905099630355835
0.6042500138282776
0.29005900025367737
0.6175180077552795
0.2910659909248352
0.6307849884033203
0.2920739948749542
0.6440520286560059
0.29308098554611206
0.6573200225830078
