0.8986960053443909
0.4443129897117615
0.8864189982414246
0.4466640055179596
0.8741419911384583
0.4490149915218353
0.8618649840354919
0.45136499404907227
0.8495879769325256
0.4537160098552704
0.8373110294342041
0.4560669958591461
0.8250340223312378
0.45841801166534424
0.8127570152282715
0.46076899766921997
0.8004810214042664
0.4631200134754181
0.7938989996910095
0.45249301195144653
0.7873169779777527
0.441866010427475
0.7807360291481018
0.4312390089035034
0.774154007434845
0.42061200737953186
0.7675729990005493
0.4099850058555603
0.7609909772872925
0.39935800433158875
0.7544100284576416
0.3887310028076172
0.7478280067443848
0.37810400128364563
0.7601889967918396
0.3799630105495453
0.7725499868392944
0.38182300329208374
0.7849109768867493
0.3836820125579834
0.7972720265388489
0.38554200530052185
0.8096330165863037
0.3874010145664215
0.8219940066337585
0.38926100730895996
0.8343549966812134
0.39111998677253723
0.8467159867286682
0.39298000931739807
0.8479989767074585
0.3805460035800934
0.84928297996521
0.3681119978427887
0.8505669832229614
0.355677992105484
0.8518499732017517
0.3432439863681793
0.8531339764595032
0.330810010433197
0.8544179797172546
0.31837600469589233
0.8557010293006897
0.30594199895858765
0.8569849729537964
0.29350900650024414
0.8445209860801697
0.29256200790405273
0.832056999206543
0.29161500930786133
0.8195930123329163
0.2906680107116699
0.8071290254592896
0.2897210121154785
0.7946649789810181
0.2887740135192871
0.7822009921073914
0.2878269851207733
0.7697359919548035
0.2868799865245819
0.7572720050811768
0.2859329879283905
0.7558820247650146
0.27351000905036926
0.7544919848442078
0.2610880136489868
0.7531009912490845
0.2486650049686432
0.7517110109329224
0.23624299466609955
0.7503209710121155
0.22382000088691711
0.7489299774169922
0.21139800548553467
0.7475399971008301
0.19897599518299103
0.7461490035057068
0.1865530014038086
0.7479450106620789
0.17544099688529968
0.7497400045394897
0.16432900726795197
0.7515349984169006
0.15321700274944305
