0.9022169709205627
0.29673200845718384
0.8964580297470093
0.3078260123729706
0.8906980156898499
0.31891998648643494
0.8849390149116516
0.33001500368118286
0.8791800141334534
0.3411090075969696
0.8734210133552551
0.35220301151275635
0.8676609992980957
0.3632969856262207
0.8619019985198975
0.37439098954200745
0.8561429977416992
0.3854849934577942
0.8491989970207214
0.39587900042533875
0.8422539830207825
0.4062730073928833
0.8353099822998047
0.4166660010814667
0.8283659815788269
0.42706000804901123
0.8214219808578491
0.4374539852142334
0.8144779801368713
0.44784700870513916
0.8075330257415771
0.45824098587036133
0.8005890250205994
0.4686349928379059
0.7929090261459351
0.4784969985485077
0.7852299809455872
0.4883599877357483
0.7775499820709229
0.4982219934463501
0.7698699831962585
0.5080850124359131
0.7621899843215942
0.5179479718208313
0.7545099854469299
0.5278099775314331
0.7468299865722656
0.5376729965209961
0.7391499876976013
0.5475350022315979
0.7321119904518127
0.5578650236129761
0.7250739932060242
0.5681959986686707
0.7180359959602356
0.5785260200500488
0.710997998714447
0.5888559818267822
0.7039600014686584
0.5991870164871216
0.6969220042228699
0.609516978263855
0.6898840069770813
0.6198469996452332
0.6828449964523315
0.6301770210266113
0.674015998840332
0.6390259861946106
0.6651870012283325
0.6478739976882935
0.6563569903373718
0.6567220091819763
0.6475279927253723
0.6655700206756592
0.6386979818344116
0.6744189858436584
0.6298689842224121
0.6832669973373413
0.6210399866104126
0.6921150088310242
0.6122099757194519
0.7009639739990234
0.6043440103530884
0.710677981376648
0.5964779853820801
0.7203930020332336
0.5886120200157166
0.7301080226898193
0.5807470083236694
0.7398229837417603
0.5728809833526611
0.7495369911193848
0.5650150179862976
0.7592520117759705
0.5571489930152893
0.7689669728279114
0.5492830276489258
0.7786819934844971
0.5395900011062622
0.7865750193595886
0.5298969745635986
0.7944679856300354
0.5202040076255798
0.802361011505127
0.5105109810829163
0.8102530241012573
0.5008180141448975
0.8181459903717041
0.4911249876022339
0.8260390162467957
0.4814330041408539
0.8339319825172424
0.4717400074005127
0.841825008392334
0.46042901277542114
0.8471459746360779
0.4491170048713684
0.8524659872055054
0.43780601024627686
0.857787013053894
0.4264949858188629
0.8631070256233215
0.41518399119377136
0.8684279918670654
0.4038729965686798
0.8737490177154541
0.39256200194358826
0.8790689706802368
0.3812510073184967
0.8843899965286255
0.37464699149131775
0.8737769722938538
0.3680419921875
0.8631640076637268
0.36143800616264343
0.8525509834289551
0.3548339903354645
0.8419380187988281
0.3482300043106079
0.8313249945640564
0.34162598848342896
0.8207119703292847
0.3350209891796112
0.8100990056991577
0.32841700315475464
0.799485981464386
0.3165940046310425
0.7954279780387878
0.3047710061073303
0.7913699746131897
0.29294800758361816
0.7873119711875916
0.281125009059906
0.7832540273666382
0.26930201053619385
0.77919602394104
0.2574790120124817
0.7751380205154419
0.24565599858760834
0.7710800170898438
0.23383300006389618
0.7670220136642456
0.22605900466442108
0.7768110036849976
0.2182849943637848
0.7865989804267883
0.2105109989643097
0.7963870167732239
0.2027370035648346
0.8061760067939758
0.1949629932641983
0.8159639835357666
0.1871889978647232
0.8257529735565186
0.17941400408744812
0.8355410099029541
0.17163999378681183
0.8453289866447449
0.16386599838733673
0.8551179766654968
0.15609200298786163
0.8649060130119324
0.14831799268722534
0.8746939897537231
0.14054399728775024
0.8844829797744751
0.13276900351047516
0.8942710161209106
0.12499500066041946
0.9040600061416626
0.11722099781036377
0.9138479828834534
0.10944700241088867
0.9236360192298889
0.10224100202322006
0.9327099919319153
0.09503450244665146
0.9417830109596252
