0.3222300112247467
0.844825029373169
0.3184399902820587
0.8329139947891235
0.3146499991416931
0.8210020065307617
0.3108609914779663
0.8090900182723999
0.3070710003376007
0.7971789836883545
0.3032810091972351
0.7852669954299927
0.2994909882545471
0.7733550071716309
0.2957020103931427
0.7614439725875854
0.2919119894504547
0.7495319843292236
0.296068012714386
0.7377430200576782
0.3002240061759949
0.7259550094604492
0.30437999963760376
0.714165985584259
0.30853700637817383
0.7023770213127136
0.3126929998397827
0.6905879974365234
0.3168489933013916
0.6787989735603333
0.3210049867630005
0.6670100092887878
0.32516101002693176
0.6552219986915588
0.3369309902191162
0.6510109901428223
0.34870100021362305
0.6468009948730469
0.3604699969291687
0.6425909996032715
0.37224000692367554
0.6383810043334961
0.38400998711586
0.6341710090637207
0.395779013633728
0.6299600005149841
0.4075489938259125
0.6257500052452087
0.41931799054145813
0.6215400099754333
0.4247190058231354
0.6328129768371582
0.43011900782585144
0.644087016582489
0.4355190098285675
0.6553599834442139
0.44091901183128357
0.6666330099105835
0.44631901383399963
0.6779069900512695
0.4517189860343933
0.6891800165176392
0.4571189880371094
0.700452983379364
0.46251899003982544
0.7117270231246948
0.4665830135345459
0.7235479950904846
0.4706459939479828
0.7353690266609192
0.47470998764038086
0.747189998626709
0.47877299785614014
0.7590109705924988
0.4828360080718994
0.7708320021629333
0.4869000017642975
0.7826539874076843
0.49096301198005676
0.7944750189781189
0.49502599239349365
0.8062959909439087
0.5002880096435547
0.8176349997520447
0.5055490136146545
0.8289740085601807
0.5108100175857544
0.8403130173683167
0.5160710215568542
0.8516510128974915
0.5213320255279541
0.8629900217056274
0.526593029499054
0.8743289709091187
0.531853973865509
0.8856679797172546
0.5371149778366089
0.8970069885253906
0.5490769743919373
0.9006360173225403
0.5610380172729492
0.9042649865150452
0.5730000138282776
0.9078940153121948
0.584962010383606
0.9115229845046997
0.5969229936599731
0.9151510000228882
0.6088849902153015
0.9187800288200378
0.6208469867706299
0.9224089980125427
0.6328080296516418
0.9260380268096924
0.630154013633728
0.9138230085372925
0.6274999976158142
0.9016079902648926
0.6248459815979004
0.8893929719924927
0.6221920251846313
0.8771780133247375
0.6195369958877563
0.8649629950523376
0.6168829798698425
0.8527479767799377
0.6142290234565735
0.8405330181121826
0.6115750074386597
0.8283179998397827
0.6198089718818665
0.8261770009994507
