0.7650089859962463
0.46483099460601807
0.7571560144424438
0.47455599904060364
0.7493029832839966
0.4842810034751892
0.7414489984512329
0.4940060079097748
0.7335960268974304
0.5037310123443604
0.725741982460022
0.5134559869766235
0.7178890109062195
0.5231810212135315
0.7100359797477722
0.5329059958457947
0.7021819949150085
0.5426309704780579
0.6977729797363281
0.5543270111083984
0.6933640241622925
0.5660240054130554
0.6889550089836121
0.5777199864387512
0.6845449805259705
0.5894169807434082
0.6801360249519348
0.6011130213737488
0.6757270097732544
0.6128100156784058
0.6713169813156128
0.6245059967041016
0.6669080257415771
0.6362029910087585
0.6628609895706177
0.6480299830436707
0.658814013004303
0.6598569750785828
0.6547679901123047
0.6716830134391785
0.65072101354599
0.6835100054740906
0.6466739773750305
0.6953369975090027
0.6426270008087158
0.7071639895439148
0.6385800242424011
0.7189909815788269
0.6345340013504028
0.7308170199394226
0.6304799914360046
0.7426419854164124
0.6264269948005676
0.7544670104980469
0.6223739981651306
0.7662910223007202
0.6183199882507324
0.77811598777771
0.6142669916152954
0.7899399995803833
0.6102139949798584
0.8017650246620178
0.6061599850654602
0.8135889768600464
0.6021069884300232
0.8254140019416809
0.5904179811477661
0.8298439979553223
0.578728973865509
0.8342729806900024
0.5670409798622131
0.8387029767036438
0.555351972579956
0.8431329727172852
0.5436630249023438
0.8475630283355713
0.5319740176200867
0.8519920110702515
0.5202860236167908
0.8564220070838928
0.5085970163345337
0.8608520030975342
0.5048249959945679
0.8727689981460571
0.501052975654602
0.8846870064735413
0.4972819983959198
0.8966040015220642
0.49351000785827637
0.9085209965705872
0.48973798751831055
0.9204390048980713
0.4859659969806671
0.9323559999465942
0.4821949899196625
0.9442729949951172
0.47842299938201904
0.9561910033226013
0.466185986995697
0.9554839730262756
0.4539479911327362
0.9547780156135559
