0.23773999512195587
0.5202569961547852
0.24935400485992432
0.5156350135803223
0.26096799969673157
0.5110120177268982
0.2725819945335388
0.5063899755477905
0.28419598937034607
0.5017679929733276
0.2958100140094757
0.49714601039886475
0.30742400884628296
0.49252399802207947
0.3190380036830902
0.4879019856452942
0.33065199851989746
0.4832800030708313
0.34139201045036316
0.4768829941749573
0.3521310091018677
0.47048699855804443
0.362870991230011
0.4640910029411316
0.3736099898815155
0.45769399404525757
0.3843500018119812
0.4512979984283447
0.3950890004634857
0.4449020028114319
0.4058290123939514
0.43850600719451904
0.41656801104545593
0.432108998298645
0.4194389879703522
0.44427499175071716
0.422309011220932
0.4564409852027893
0.42517900466918945
0.46860700845718384
0.4280489981174469
0.480773001909256
0.4309200048446655
0.4929389953613281
0.433789998292923
0.5051050186157227
0.4366599917411804
0.5172709822654724
0.43952998518943787
0.5294370055198669
0.4411830008029938
0.5418279767036438
0.4428359866142273
0.5542179942131042
0.4444890022277832
0.5666080117225647
0.4461419880390167
0.5789980292320251
0.44779500365257263
0.591389000415802
0.44944798946380615
0.6037790179252625
0.45110100507736206
0.6161689758300781
0.4527539908885956
0.6285589933395386
0.4547010064125061
0.6409069895744324
0.4566490054130554
0.653253972530365
0.45859700441360474
0.6656010150909424
0.46054399013519287
0.6779490113258362
0.4624919891357422
0.6902959942817688
0.4644399881362915
0.7026429772377014
0.466387003660202
0.7149909734725952
0.46833500266075134
0.7273380160331726
0.47461798787117004
0.7381439805030823
0.48090100288391113
0.7489500045776367
0.48718398809432983
0.7597569823265076
0.4934670031070709
0.770563006401062
0.4997499883174896
0.7813689708709717
0.5060330033302307
0.7921749949455261
0.5123159885406494
0.8029810190200806
0.5185989737510681
0.8137879967689514
0.528315007686615
0.8216519951820374
0.5380309820175171
0.8295170068740845
0.5477460026741028
0.8373810052871704
0.5574619770050049
0.8452460169792175
0.5671780109405518
0.8531100153923035
0.5768939852714539
0.8609750270843506
0.5866100192070007
0.8688390254974365
0.5963259935379028
0.8767039775848389
0.6060609817504883
0.8688629865646362
0.6157960295677185
0.8610219955444336
0.625531017780304
0.8531820178031921
0.6352670192718506
0.8453410267829895
0.645002007484436
0.8374999761581421
0.6547369956970215
0.8296589851379395
0.6644719839096069
0.821819007396698
0.6742069721221924
0.8139780163764954
0.6645159721374512
0.8053550124168396
0.65482497215271
0.796733021736145
0.6451339721679688
0.7881100177764893
0.6354420185089111
0.7794880270957947
