0.6349629759788513
0.7407000064849854
0.6225759983062744
0.7423819899559021
0.6101899743080139
0.74406498670578
0.5978040099143982
0.7457470297813416
0.5854179859161377
0.7474300265312195
0.5730310082435608
0.7491130232810974
0.5606449842453003
0.7507950067520142
0.5482590198516846
0.7524780035018921
0.5358729958534241
0.7541599869728088
0.5233809947967529
0.7546110153198242
0.5108889937400818
0.7550609707832336
0.49839699268341064
0.7555109858512878
0.4859049916267395
0.755961000919342
0.47341299057006836
0.7564120292663574
0.4609209895133972
0.7568619847297668
0.44843000173568726
0.757311999797821
0.4359380006790161
0.7577620148658752
0.42344099283218384
0.7574710249900818
0.41094401478767395
0.7571790218353271
0.39844799041748047
0.7568870186805725
0.3859510123729706
0.756596028804779
0.3734549880027771
0.7563040256500244
0.3609580099582672
0.7560120224952698
0.34846100211143494
0.7557209730148315
0.33596500754356384
0.7554290294647217
0.32484400272369385
0.7497199773788452
0.31372401118278503
0.7440119981765747
0.30260398983955383
0.738303005695343
0.2914830148220062
0.7325950264930725
0.280362993478775
0.726885974407196
0.2692430019378662
0.7211779952049255
0.2581219971179962
0.7154690027236938
0.2470020055770874
0.7097610235214233
0.24180400371551514
0.6983919739723206
0.23660700023174286
0.6870239973068237
0.2314089983701706
0.6756560206413269
0.22621099650859833
0.6642879843711853
0.22101399302482605
0.6529200077056885
0.21581600606441498
0.6415519714355469
0.2106190025806427
0.63018399477005
0.20542100071907043
0.618815004825592
0.19292399287223816
0.61906498670578
0.1804260015487671
0.6193150281906128
0.16792899370193481
0.6195639967918396
0.15543100237846375
0.6198139786720276
0.14293399453163147
0.6200640201568604
0.1304360032081604
0.6203129887580872
0.11793900281190872
0.6205629706382751
0.10544099658727646
0.6208130121231079
0.09526640176773071
0.6210160255432129
0.08509179949760437
0.6212189793586731
