0.8531680107116699
0.14558100700378418
0.8488199710845947
0.15729999542236328
0.8444730043411255
0.16901999711990356
0.8401259779930115
0.18073999881744385
0.835777997970581
0.19245900213718414
0.831430971622467
0.20417900383472443
0.8270840048789978
0.2158990055322647
0.8227369785308838
0.2276179939508438
0.8183889985084534
0.2393379956483841
0.8147439956665039
0.2512950003147125
0.8111000061035156
0.26325199007987976
0.8074550032615662
0.2752079963684082
0.8038100004196167
0.28716498613357544
0.8001649975776672
0.29912200570106506
0.7965199947357178
0.3110789954662323
0.7928760051727295
0.32303598523139954
0.78923100233078
0.33499300479888916
0.7850679755210876
0.3467789888381958
0.78090500831604
0.3585659861564636
0.7767429947853088
0.37035199999809265
0.7725800275802612
0.3821389973163605
0.7684170007705688
0.3939250111579895
0.7642549872398376
0.4057120084762573
0.76009202003479
0.41749799251556396
0.7559289932250977
0.4292849898338318
0.7512980103492737
0.4408949911594391
0.7466660141944885
0.4525049924850464
0.7420349717140198
0.46411600708961487
0.7374029755592346
0.47572600841522217
0.7327719926834106
0.48733600974082947
0.7281399965286255
0.49894699454307556
0.7235090136528015
0.5105569958686829
0.7188770174980164
0.5221670269966125
0.7097219824790955
0.5141419768333435
0.7005659937858582
0.5061179995536804
0.691411018371582
0.49809300899505615
0.6822550296783447
0.4900679886341095
0.6730999946594238
0.48204299807548523
