0.7413449883460999
0.10812199860811234
0.7356399893760681
0.11924400180578232
0.7299349904060364
0.1303659975528717
0.7242289781570435
0.1414880007505417
0.7185239791870117
0.15261000394821167
0.7128180265426636
0.16373200714588165
0.7071130275726318
0.17485399544239044
0.7014070153236389
0.18597599864006042
0.6957020163536072
0.1970980018377304
0.6896029710769653
0.2080090045928955
0.6835049986839294
0.2189210057258606
0.6774070262908936
0.2298319935798645
0.6713079810142517
0.2407439947128296
0.6652100086212158
0.2516550123691559
0.6591110229492188
0.26256701350212097
0.6530129909515381
0.2734780013561249
0.646914005279541
0.2843889892101288
0.6397669911384583
0.29464399814605713
0.6326190233230591
0.3048990070819855
0.6254709959030151
0.31515398621559143
0.6183239817619324
0.3254089951515198
0.6111760139465332
0.33566299080848694
0.6040279865264893
0.3459179997444153
0.5968809723854065
0.35617300868034363
0.5897330045700073
0.3664279878139496
0.5824580192565918
0.3765929937362671
0.5751839876174927
0.3867579996585846
0.5679090023040771
0.3969230055809021
0.5606340169906616
0.4070880115032196
0.5533599853515625
0.4172529876232147
0.546085000038147
0.4274179935455322
0.5388100147247314
0.43758299946784973
0.5315359830856323
0.44774898886680603
0.5243350267410278
0.45796599984169006
0.5171340107917786
0.4681839942932129
0.5099329948425293
0.4784010052680969
0.50273197889328
0.48861899971961975
0.49553099274635315
0.4988360106945038
0.48833000659942627
0.5090529918670654
0.481128990650177
0.5192710161209106
0.4739280045032501
0.5294880270957947
0.4648140072822571
0.5380420088768005
0.45569899678230286
0.5465970039367676
0.44658398628234863
0.5551509857177734
0.4374699890613556
0.5637050271034241
0.42835500836372375
0.5722590088844299
0.41923999786376953
0.5808129906654358
0.4101249873638153
0.5893669724464417
0.40101099014282227
0.5979210138320923
0.39782801270484924
0.6100090146064758
0.39464500546455383
0.6220970153808594
0.3914619982242584
0.6341850161552429
0.388278990983963
0.6462730169296265
0.38509601354599
0.65836101770401
0.3819130063056946
0.6704490184783936
0.37872999906539917
0.6825370192527771
0.37554699182510376
0.6946250200271606
0.3638730049133301
0.690155029296875
0.352198988199234
0.6856859922409058
0.3405260145664215
0.6812170147895813
0.32885199785232544
0.6767470240592957
0.31717801094055176
0.6722779870033264
0.30550500750541687
0.667809009552002
0.2938309907913208
0.6633399724960327
0.2821570038795471
0.6588699817657471
0.2771570086479187
0.6474140286445618
0.2721570134162903
0.6359580159187317
0.2671569883823395
0.6245009899139404
0.26215600967407227
0.6130449771881104
0.25715601444244385
0.601589024066925
0.25215598940849304
0.5901319980621338
0.24715599417686462
0.5786759853363037
0.2421559989452362
0.5672199726104736
0.23612399399280548
0.5562710165977478
0.23009300231933594
0.5453220009803772
0.2240619957447052
0.5343739986419678
0.21803000569343567
0.5234249830245972
0.21199899911880493
0.5124760270118713
0.2059680074453354
0.5015280246734619
0.19993700087070465
0.4905790090560913
0.19390499591827393
0.4796299934387207
0.1867630034685135
0.4693720042705536
0.17961999773979187
0.4591139853000641
0.17247700691223145
0.4488550126552582
0.16533400118350983
0.4385969936847687
0.1581919938325882
0.42833900451660156
0.15104900300502777
0.41808098554611206
0.14390599727630615
0.40782201290130615
0.13676400482654572
0.39756399393081665
0.1433050036430359
0.386913001537323
0.14984700083732605
0.37626099586486816
0.1563889980316162
0.36560899019241333
0.16293099522590637
0.3549579977989197
0.16947199404239655
0.34430599212646484
0.1760140061378479
0.3336549997329712
0.18255600333213806
0.32300299406051636
0.18909700214862823
0.3123520016670227
0.17692500352859497
0.30950701236724854
0.1647540032863617
0.306661993265152
0.15258200466632843
0.3038170039653778
0.14041000604629517
0.30097100138664246
0.1282380074262619
0.2981260120868683
0.11606600135564804
0.29528099298477173
0.10389400273561478
0.29243600368499756
0.09172199666500092
0.2895910143852234
0.10390199720859528
0.29077500104904175
0.11608199775218964
0.2919580042362213
0.128261998295784
0.2931410074234009
