0.9488329887390137
0.05546979978680611
0.942736029624939
0.06638210266828537
0.9366390109062195
0.07729440182447433
0.9305419921875
0.08820659667253494
0.9244449734687805
0.0991189032793045
0.9183480143547058
0.11003100126981735
0.9122509956359863
0.12094300240278244
0.9061539769172668
0.13185599446296692
0.9000579714775085
0.142767995595932
0.8906130194664001
0.15095600485801697
0.881168007850647
0.15914399921894073
0.8717229962348938
0.16733300685882568
0.8622789978981018
0.17552100121974945
0.8528339862823486
0.18370899558067322
0.8433889746665955
0.19189700484275818
0.8339440226554871
0.20008599758148193
0.8245000243186951
0.2082740068435669
0.8148689866065979
0.21624299883842468
0.8052390217781067
0.22421200573444366
0.7956089973449707
0.23218199610710144
0.7859789729118347
0.24015100300312042
0.7763490080833435
0.2481199949979782
0.7667179703712463
0.2560890018939972
0.7570880055427551
0.264057993888855
0.7474579811096191
0.27202799916267395
0.7356460094451904
0.26793599128723145
0.7238349914550781
0.2638449966907501
0.7120239734649658
0.2597529888153076
0.7002120018005371
0.2556610107421875
0.6884009838104248
0.2515699863433838
0.6765890121459961
0.24747799336910248
0.6647779941558838
0.24338699877262115
0.6529669761657715
0.23929500579833984
0.663802981376648
0.23306399583816528
0.6746389865875244
0.22683300077915192
0.6854760050773621
0.22060200572013855
0.6963120102882385
0.21437199413776398
0.707148015499115
0.2081409990787506
0.7179849743843079
0.20191000401973724
0.7288209795951843
0.19567899405956268
0.7396569848060608
0.18944799900054932
0.7306069731712341
0.18115399777889252
0.7215570211410522
0.17285899817943573
0.7125070095062256
0.16456399857997894
0.7034569978713989
0.15626999735832214
0.6944069862365723
0.14797499775886536
