0.5659809708595276
0.39412999153137207
0.5761439800262451
0.40140900015830994
0.5863059759140015
0.4086869955062866
0.596468985080719
0.4159649908542633
0.6066309809684753
0.42324298620224
0.6167939901351929
0.43052101135253906
0.6269569993019104
0.43779999017715454
0.6371189951896667
0.4450779855251312
0.6472820043563843
0.4523560106754303
0.6586130261421204
0.45763400197029114
0.6699439883232117
0.462911993265152
0.6812750101089478
0.4681900143623352
0.6926059722900391
0.47346800565719604
0.7039369940757751
0.4787459969520569
0.7152680158615112
0.4840239882469177
0.7265989780426025
0.48930200934410095
0.7379299998283386
0.4945800006389618
0.7499610185623169
0.4979709982872009
0.7619929909706116
0.5013620257377625
0.7740240097045898
0.504751980304718
0.7860550284385681
0.5081430077552795
0.7980870008468628
0.5115339756011963
0.8101180195808411
0.5149239897727966
0.8221489787101746
0.5183150172233582
0.834181010723114
0.5217049717903137
0.8336520195007324
0.5341939926147461
0.8331230282783508
0.5466830134391785
0.8325939774513245
0.5591719746589661
0.8320649862289429
0.5716609954833984
0.8315359950065613
0.5841490030288696
0.8310059905052185
0.596638023853302
0.8304769992828369
0.6091269850730896
0.8299480080604553
0.621616005897522
0.8207629919052124
0.6300939917564392
0.8115770220756531
0.63857102394104
0.802390992641449
0.6470490097999573
0.7932050228118896
0.6555269956588745
0.7840200066566467
0.6640040278434753
0.7748339772224426
0.6724820137023926
0.7656480073928833
0.6809599995613098
0.7564619779586792
0.689437985420227
0.7470200061798096
0.6811850070953369
0.7375770211219788
0.6729329824447632
0.7281339764595032
0.6646810173988342
0.7186909914016724
0.6564279794692993
