0.3061720132827759
0.5316060185432434
0.295864999294281
0.5245329737663269
0.28555798530578613
0.5174610018730164
0.27525201439857483
0.5103880167007446
0.26494500041007996
0.5033149719238281
0.2546379864215851
0.4962430000305176
0.2443310022354126
0.48917001485824585
0.2340250015258789
0.48209699988365173
0.22371800243854523
0.4750249981880188
0.23066900670528412
0.4646359980106354
0.23761999607086182
0.45424699783325195
0.2445710003376007
0.44385799765586853
0.2515220046043396
0.4334680140018463
0.2584730088710785
0.4230790138244629
0.2654240131378174
0.41269001364707947
0.2723749876022339
0.40230101346969604
0.2793259918689728
0.3919120132923126
0.270112007856369
0.3834649920463562
0.26089799404144287
0.37501800060272217
0.2516840100288391
0.36657100915908813
0.24246999621391296
0.3581239879131317
0.233255997300148
0.3496769964694977
0.22404199838638306
0.34123000502586365
0.2148279994726181
0.3327830135822296
0.20561400055885315
0.3243359923362732
0.21685799956321716
0.3188750147819519
0.22810199856758118
0.3134140074253082
0.2393459975719452
0.30795300006866455
0.2505899965763092
0.3024919927120209
0.2618339955806732
0.2970309853553772
0.27307799458503723
0.2915700078010559
0.28432199358940125
0.28610900044441223
0.29556599259376526
0.28064799308776855
0.29284000396728516
0.26844900846481323
0.29011398553848267
0.2562499940395355
0.28738701343536377
0.244050994515419
0.2846609950065613
0.2318509966135025
0.28193399310112
0.219651997089386
0.2792080044746399
0.20745299756526947
0.2764819860458374
0.19525399804115295
0.2737550139427185
0.18305499851703644
0.2862510085105896
0.18339799344539642
0.2987459897994995
0.1837410032749176
0.3112410008907318
0.1840839982032776
0.3237360119819641
0.18442599475383759
0.3362320065498352
0.18476900458335876
0.3487269878387451
0.18511199951171875
0.3612219989299774
0.18545499444007874
0.3737179934978485
0.18579800426959991
0.38433998823165894
0.17920899391174316
0.39496299624443054
0.1726199984550476
0.40558499097824097
0.16603100299835205
0.4162079989910126
0.1594419926404953
0.426829993724823
0.15285399556159973
0.4374530017375946
0.14626500010490417
0.44807499647140503
0.13967600464820862
0.45869800448417664
0.13308699429035187
0.46968600153923035
0.13904599845409393
0.48067399859428406
0.145006000995636
0.49166199564933777
0.15096500515937805
0.5026500225067139
0.15692399442195892
0.5136380195617676
0.162882998585701
0.5246260166168213
0.16884300112724304
0.535614013671875
0.1748020052909851
0.5466020107269287
0.18076099455356598
0.5587490200996399
0.17780999839305878
0.5708950161933899
0.17486000061035156
0.5830420255661011
0.17190900444984436
0.5951889753341675
0.16895799338817596
0.6073359847068787
0.16600699722766876
0.6194819808006287
0.16305600106716156
0.6316289901733398
0.16010500490665436
0.643775999546051
0.15715399384498596
0.6560570001602173
0.15948300063610077
0.6683380007743835
0.16181200742721558
0.6806190013885498
0.1641400009393692
0.6929010152816772
0.16646899282932281
0.7051820158958435
0.16879700124263763
0.7174630165100098
0.17112599313259125
0.729744017124176
0.17345400154590607
0.7420250177383423
0.17578299343585968
0.7543550133705139
0.17372900247573853
0.7666860222816467
0.17167599499225616
0.7790160179138184
0.169623002409935
0.79134601354599
0.16756899654865265
0.8036760091781616
0.16551600396633148
0.8160060048103333
0.16346199810504913
0.8283370137214661
0.16140900552272797
0.8406670093536377
0.1593559980392456
0.8369100093841553
0.1474429965019226
0.8331530094146729
0.1355299949645996
0.8293960094451904
0.12361700087785721
0.825639009475708
0.1117049977183342
0.8218820095062256
0.09979180246591568
0.8181250095367432
0.0878790020942688
0.8143680095672607
0.07596620172262192
