0.17629900574684143
0.4368720054626465
0.1882759928703308
0.4404500126838684
0.20025299489498138
0.44402700662612915
0.21223099529743195
0.4476040005683899
0.22420799732208252
0.45118099451065063
0.2361849993467331
0.45475900173187256
0.24816200137138367
0.4583359956741333
0.26013898849487305
0.46191298961639404
0.2721169888973236
0.46549099683761597
0.2683590054512024
0.47741198539733887
0.26460200548171997
0.48933398723602295
0.26084399223327637
0.501255989074707
0.25708699226379395
0.5131779909133911
0.2533299922943115
0.5250999927520752
0.2495719939470291
0.5370219945907593
0.2458149939775467
0.5489439964294434
0.24205799400806427
0.5608659982681274
0.2517409920692444
0.5687710046768188
0.2614229917526245
0.5766760110855103
0.2711060047149658
0.5845810174942017
0.28078898787498474
0.5924860239028931
0.29047200083732605
0.6003909707069397
0.30015501379966736
0.6082969903945923
0.3098379969596863
0.6162019968032837
0.3195210099220276
0.6241070032119751
0.32681798934936523
0.6300640106201172
