0.7338629961013794
0.1386139988899231
0.7327839732170105
0.15106800198554993
0.7317050099372864
0.16352100670337677
0.7306259870529175
0.17597399652004242
0.7295470237731934
0.18842799961566925
0.7284680008888245
0.2008810043334961
0.7273889780044556
0.21333500742912292
0.7263100147247314
0.22578799724578857
0.7252309918403625
0.23824100196361542
0.7247970104217529
0.25073400139808655
0.7243630290031433
0.2632260024547577
0.7239279747009277
0.2757189869880676
0.7234939932823181
0.28821098804473877
0.7230589985847473
0.3007029891014099
0.7226250171661377
0.31319600343704224
0.7221909761428833
0.3256880044937134
0.7217559814453125
0.3381809890270233
0.7221119999885559
0.3506760001182556
0.7224680185317993
0.3631710112094879
0.722823977470398
0.3756659924983978
0.7231789827346802
0.3881610035896301
0.7235350012779236
0.4006560146808624
0.723891019821167
0.41315001249313354
0.7242469787597656
0.42564499378204346
0.724602997303009
0.43814000487327576
0.7252560257911682
0.4506230056285858
0.7259089946746826
0.4631060063838959
0.7265629768371582
0.47558900713920593
0.7272160053253174
0.488072007894516
0.7278689742088318
0.5005549788475037
0.7285230159759521
0.5130379796028137
0.7291759848594666
0.5255209803581238
0.7298290133476257
0.5380039811134338
0.729993999004364
0.5505030155181885
0.7301589846611023
0.5630009770393372
0.7303239703178406
0.5755000114440918
0.7304880023002625
0.5879989862442017
0.7306529879570007
0.6004980206489563
0.730817973613739
0.6129969954490662
0.7309830188751221
0.625495970249176
0.7311469912528992
0.6379950046539307
0.7313590049743652
0.6504930257797241
0.7315700054168701
0.6629909873008728
0.731781005859375
0.6754900217056274
0.7319920063018799
0.6879879832267761
0.732204020023346
0.7004860043525696
0.7324150204658508
0.712984025478363
0.7326260209083557
0.7254819869995117
0.732837975025177
0.7379810214042664
0.733132004737854
0.7504770159721375
0.7334259748458862
0.7629740238189697
0.7337210178375244
0.7754700183868408
0.7340149879455566
0.7879670262336731
0.73430997133255
0.8004630208015442
0.734604001045227
0.8129600286483765
0.7348989844322205
0.8254560232162476
0.7351930141448975
0.8379529714584351
0.7356709837913513
0.8504440188407898
0.7361479997634888
0.8629350066184998
0.7366250157356262
0.8754259943962097
0.7371029853820801
0.8879160284996033
0.7375800013542175
0.9004070162773132
0.7380579710006714
0.9128980040550232
0.7385349869728088
0.9253889918327332
0.7390120029449463
0.9378799796104431
0.7523189783096313
0.9403560161590576
0.765625
0.9428330063819885
0.7789310216903687
0.9453089833259583
0.7922369837760925
0.9477859735488892
0.8055430054664612
0.9502620100975037
0.8188490271568298
0.9527390003204346
