0.5698829889297485
0.24550099670886993
0.5670030117034912
0.2576650083065033
0.5641239881515503
0.26982900500297546
0.5612450242042542
0.28199198842048645
0.5583660006523132
0.2941559851169586
0.5554869771003723
0.3063200116157532
0.552606999874115
0.31848400831222534
0.5497279763221741
0.3306480050086975
0.5468490123748779
0.3428120017051697
0.5436760187149048
0.3549019992351532
0.5405030250549316
0.3669930100440979
0.5373290181159973
0.3790830075740814
0.5341560244560242
0.39117398858070374
0.5309829711914062
0.40326499938964844
0.5278099775314331
0.41535499691963196
0.52463698387146
0.42744600772857666
0.5214629769325256
0.4395360052585602
0.5181149840354919
0.4515790045261383
0.5147659778594971
0.46362200379371643
0.5114169716835022
0.47566500306129456
0.5080680251121521
0.4877080023288727
0.5047190189361572
0.4997510015964508
0.5013700127601624
0.5117939710617065
0.4980210065841675
0.5238369703292847
0.4946720004081726
0.5358800292015076
0.4906120002269745
0.5477030277252197
0.48655301332473755
0.5595250129699707
0.48249301314353943
0.5713480114936829
0.4784339964389801
0.5831699967384338
0.474373996257782
0.594992995262146
0.47031500935554504
0.606814980506897
0.4662550091743469
0.6186370253562927
0.4621959924697876
0.6304600238800049
0.45828500390052795
0.6423320174217224
0.4543739855289459
0.6542050242424011
0.4504629969596863
0.6660770177841187
0.44655299186706543
0.6779500246047974
0.4426420032978058
0.6898220181465149
0.43873101472854614
0.7016950249671936
0.4348199963569641
0.7135670185089111
0.43090999126434326
0.7254400253295898
0.4316149950027466
0.7369229793548584
0.4323199987411499
0.7484059929847717
0.4330250024795532
0.7598890066146851
0.43373000621795654
0.7713720202445984
