0.5597540140151978
0.43703898787498474
0.565513014793396
0.44813400506973267
0.5712720155715942
0.4592280089855194
0.5770310163497925
0.47032201290130615
0.5827900171279907
0.4814170002937317
0.588549017906189
0.49251100420951843
0.5943080186843872
0.5036050081253052
0.6000670194625854
0.5146999955177307
0.6058260202407837
0.5257940292358398
0.6092789769172668
0.5378069877624512
0.612733006477356
0.5498210191726685
0.6161860227584839
0.5618339776992798
0.6196399927139282
0.5738480091094971
0.6230940222740173
0.5858610272407532
0.6265469789505005
0.5978749990463257
0.6300010085105896
0.6098880171775818
0.6334540247917175
0.6219019889831543
0.6359289884567261
0.6341540217399597
0.6384050250053406
0.6464070081710815
0.6408799886703491
0.6586589813232422
0.6433550119400024
0.6709120273590088
0.645829975605011
0.6831640005111694
0.6483060121536255
0.6954159736633301
0.650780975818634
0.7076690196990967
0.6532559990882874
0.7199209928512573
0.6651229858398438
0.7188069820404053
0.6769899725914001
0.7176929712295532
0.6888570189476013
0.7165780067443848
0.7007240056991577
0.7154639959335327
