0.18870100378990173
0.35410401225090027
0.18114200234413147
0.34414899349212646
0.1735830008983612
0.33419400453567505
0.16602300107479095
0.32423800230026245
0.1584639996290207
0.31428301334381104
0.15090399980545044
0.30432799458503723
0.14334499835968018
0.2943730056285858
0.1357859969139099
0.284417986869812
0.12822599709033966
0.2744629979133606
0.13877399265766144
0.26775500178337097
0.1493220031261444
0.26104700565338135
0.1598690003156662
0.2543390095233917
0.17041699588298798
0.2476309984922409
0.18096500635147095
0.24092300236225128
0.19151200354099274
0.23421500623226166
0.20205999910831451
0.22750699520111084
0.2126079946756363
0.22079899907112122
0.21711699664592743
0.20914100110530853
0.22162699699401855
0.19748300313949585
0.2261359989643097
0.18582400679588318
0.23064599931240082
0.1741659939289093
0.23515500128269196
0.16250799596309662
0.23966500163078308
0.15084999799728394
0.24417400360107422
0.13919200003147125
0.24868400394916534
0.12753300368785858
0.25990501046180725
0.12202499806880951
0.27112600207328796
0.11651699990034103
0.2823469936847687
0.11100900173187256
0.2935679852962494
0.10550100356340408
0.3047890067100525
0.0999927967786789
0.3160099983215332
0.09448470175266266
0.3272309899330139
0.08897659927606583
0.338452011346817
0.08346839994192123
0.35031700134277344
0.07953649759292603
0.36218300461769104
0.07560469955205917
0.37404799461364746
0.07167279720306396
0.38591399788856506
0.06774090230464935
0.3977789878845215
0.06380899995565414
0.4096449911594391
0.059877101331949234
0.4215100109577179
0.055945198982954025
0.4333760142326355
0.052013300359249115
0.4355370104312897
0.06432490050792694
0.43769899010658264
0.07663659751415253
0.439860999584198
0.08894830197095871
0.4420219957828522
0.1012599989771843
0.44418400526046753
0.11357200145721436
0.4463460147380829
0.12588299810886383
0.44850799441337585
0.1381949931383133
0.45066899061203003
0.15050700306892395
0.453141987323761
0.16276000440120697
0.45561501383781433
0.17501200735569
0.4580880105495453
0.18726499378681183
0.46056100726127625
0.19951799511909485
0.4630340039730072
0.21177099645137787
0.46550700068473816
0.2240239977836609
0.4679799973964691
0.2362769991159439
0.4704529941082001
0.24853000044822693
0.4811899960041046
0.2549310028553009
0.49192699790000916
0.2613309919834137
0.5026640295982361
0.26773199439048767
0.5134009718894958
0.27413201332092285
0.5241379737854004
0.28053298592567444
0.5348749756813049
0.2869339883327484
0.5456119775772095
0.2933340072631836
0.556348979473114
0.29973500967025757
0.5628060102462769
0.31043800711631775
0.5692620277404785
0.32114100456237793
0.5757189989089966
0.3318449854850769
0.5821760296821594
0.3425480127334595
0.5886330008506775
0.35325101017951965
0.5950899720191956
0.36395400762557983
0.6015470027923584
0.3746579885482788
0.6080039739608765
0.385360985994339
0.6129909753799438
0.396822988986969
0.6179789900779724
0.4082840085029602
0.622967004776001
0.4197460114955902
0.6279540061950684
0.4312080144882202
0.6329420208930969
0.44266998767852783
0.6379299759864807
0.45413199067115784
0.6429169774055481
0.46559301018714905
0.6479049921035767
0.47705501317977905
0.6528810262680054
0.4885219931602478
0.6578580141067505
0.49998900294303894
0.6628339886665344
0.5114549994468689
0.6678100228309631
0.5229219794273376
0.6727870106697083
0.5343890190124512
0.6777629852294922
0.5458559989929199
0.6827399730682373
0.5573220252990723
0.687716007232666
0.568789005279541
0.692084014415741
0.5805010199546814
0.6964520215988159
0.592212975025177
0.7008200287818909
0.6039249897003174
0.705187976360321
0.6156370043754578
0.709555983543396
0.6273490190505981
0.713923990726471
0.6390609741210938
0.7182919979095459
0.6507729887962341
0.722661018371582
0.6624850034713745
0.7267289757728577
0.6743040084838867
0.7307969927787781
0.6861240267753601
0.7348650097846985
0.6979429721832275
0.7389339804649353
0.7097619771957397
0.7430019974708557
0.7215819954872131
0.7470700144767761
0.7334010004997253
0.7511379718780518
0.7452210187911987
0.7552070021629333
0.7570400238037109
0.767786979675293
0.7524960041046143
0.7803679704666138
0.7479519844055176
0.7929480075836182
0.7434080243110657
0.805528998374939
0.738864004611969
0.8181089758872986
0.7343199849128723
0.8306900262832642
0.7297769784927368
