0.3903839886188507
0.20231600105762482
0.39590999484062195
0.191103994846344
0.40143701434135437
0.17989200353622437
0.4069640040397644
0.16867999732494354
0.41249001026153564
0.1574680060148239
0.4180169999599457
0.1462559998035431
0.4235430061817169
0.13504500687122345
0.42906999588012695
0.12383300065994263
0.434596985578537
0.1126210018992424
0.4400799870491028
0.12385399639606476
0.4455629885196686
0.1350869983434677
0.4510459899902344
0.14632000029087067
0.45652899146080017
0.1575540006160736
0.46201199293136597
0.16878700256347656
0.46749499440193176
0.18002000451087952
0.47297799587249756
0.19125300645828247
0.47846201062202454
0.2024870067834854
0.4851149916648865
0.21306900680065155
0.4917680025100708
0.2236510068178177
0.49842000007629395
0.2342340052127838
0.5050730109214783
0.24481600522994995
0.5117260217666626
0.2553989887237549
0.5183789730072021
0.265980988740921
0.5250319838523865
0.27656400203704834
0.5316849946975708
0.2871460020542145
0.5397949814796448
0.296658992767334
0.5479040145874023
0.3061710000038147
0.5560129880905151
0.3156839907169342
0.5641220211982727
0.3251970112323761
0.5722309947013855
0.3347100019454956
0.5803400278091431
0.3442220091819763
0.5884490013122559
0.3537349998950958
0.5965589880943298
0.36324799060821533
0.6057440042495728
0.3717249929904938
0.6149299740791321
0.3802030086517334
0.6241160035133362
0.38868099451065063
0.6333019733428955
0.3971579968929291
0.6424880027770996
0.4056360125541687
0.6516739726066589
0.41411298513412476
0.660860002040863
0.4225910007953644
0.6700459718704224
0.4310680031776428
0.6798449754714966
0.4388279914855957
0.689644992351532
0.44658899307250977
0.6994439959526062
0.45434901118278503
0.7092440128326416
0.4621089994907379
0.719044029712677
0.4698689877986908
0.7288429737091064
0.47762900590896606
0.7386429905891418
0.48538899421691895
0.7484419941902161
0.4931490123271942
0.760453999042511
0.49660998582839966
0.7724649906158447
0.5000709891319275
0.7844759821891785
0.5035309791564941
0.7964879870414734
0.506991982460022
0.8084989786148071
0.5104529857635498
0.8205100297927856
0.5139139890670776
0.8325219750404358
0.5173749923706055
0.8445330262184143
0.5208359956741333
0.8560640215873718
0.5160089731216431
0.8675940036773682
0.5111830234527588
0.8791249990463257
0.5063570141792297
0.8906559944152832
0.5015310049057007
0.9021869897842407
0.49670401215553284
0.9137169718742371
0.4918780028820038
0.9252480268478394
0.48705199360847473
0.9367790222167969
0.48222601413726807
0.9451940059661865
0.48852500319480896
