0.3213230073451996
0.3619149923324585
0.31018099188804626
0.36758100986480713
0.29903799295425415
0.3732460141181946
0.2878960072994232
0.3789120018482208
0.2767539918422699
0.3845770061016083
0.2656109929084778
0.3902429938316345
0.25446900725364685
0.395907998085022
0.24332700669765472
0.4015739858150482
0.23218399286270142
0.40724000334739685
0.2236279994249344
0.4163520038127899
0.21507200598716736
0.4254649877548218
0.20651499927043915
0.43457698822021484
0.19795900583267212
0.4436900019645691
0.1894019991159439
0.45280200242996216
0.18084600567817688
0.461914986371994
0.17228999733924866
0.4710269868373871
0.16373300552368164
0.48014000058174133
0.1515759974718094
0.47723400592803955
0.13941800594329834
0.47432801127433777
0.1272609978914261
0.4714219868183136
0.11510299891233444
0.4685159921646118
0.10294599831104279
0.46560999751091003
0.0907881036400795
0.46270400285720825
0.07863059639930725
0.45979800820350647
0.0664730966091156
0.4568920135498047
0.06510979682207108
0.4444659948348999
0.06374649703502655
0.4320409893989563
0.062383200973272324
0.4196160137653351
0.0610199011862278
0.4071899950504303
0.05965660139918327
0.3947649896144867
0.05829330161213875
0.3823390007019043
0.05693000182509422
0.3699139952659607
0.05556660145521164
0.3574880063533783
0.05348040163516998
0.3451640009880066
0.051394201815128326
0.3328390121459961
0.04930799826979637
0.3205139935016632
0.047221798449754715
0.3081899881362915
0.04513559862971306
0.295864999294281
0.0430493988096714
0.2835400104522705
0.04096309840679169
0.2712160050868988
0.03887689858675003
0.2588909864425659
0.04967699944972992
0.25259700417518616
0.06047710031270981
0.2463040053844452
0.07127709686756134
0.24000999331474304
0.08207719773054123
0.23371699452400208
0.09287720173597336
0.22742299735546112
0.10367699712514877
0.22112999856472015
0.1144770011305809
0.2148360013961792
0.12527699768543243
0.20854300260543823
0.13657799363136292
0.20319999754428864
0.1478790044784546
0.19785700738430023
0.15917900204658508
0.19251400232315063
0.17047999799251556
0.18717099726200104
0.18177999556064606
0.18182800710201263
0.19308100640773773
0.17648500204086304
0.20438100397586823
0.17114199697971344
0.2156819999217987
0.16579900681972504
0.22598299384117126
0.15871800482273102
0.236285001039505
0.151638001203537
0.24658599495887756
0.14455799758434296
0.2568869888782501
0.13747699558734894
0.26718899607658386
0.1303970068693161
0.2774899899959564
0.12331599742174149
0.28779101371765137
0.11623600125312805
0.2980929911136627
0.10915599763393402
0.30697599053382874
0.11794999986886978
0.31586000323295593
0.12674400210380554
0.32474300265312195
0.1355379968881607
0.33362698554992676
0.14433200657367706
0.34251001477241516
0.15312600135803223
0.3513930141925812
0.1619199961423874
0.360276997089386
0.17071400582790375
0.369159996509552
0.1795080006122589
0.38063299655914307
0.17454400658607483
0.39210501313209534
0.16958099603652954
0.4035769999027252
0.16461700201034546
0.4150489866733551
0.15965299308300018
0.42652198672294617
0.1546899974346161
0.43799400329589844
0.149726003408432
0.4494659900665283
0.14476299285888672
0.4609380066394806
0.13979899883270264
0.46515199542045593
0.1515679955482483
0.4693650007247925
0.16333599388599396
0.47357800602912903
0.1751050055027008
0.47779199481010437
0.18687300384044647
0.4820050001144409
0.19864200055599213
0.48621800541877747
0.2104099988937378
0.4904319941997528
0.22217899560928345
0.49464499950408936
0.2339469939470291
0.49701300263404846
0.24622100591659546
0.4993799924850464
0.2584950029850006
0.5017480254173279
0.2707679867744446
0.5041159987449646
0.2830420136451721
0.5064830183982849
0.29531601071357727
0.5088509917259216
0.30758899450302124
0.5112190246582031
0.3198629915714264
0.5135859847068787
0.33213698863983154
0.516821026802063
0.34421101212501526
0.5200570225715637
0.3562850058078766
0.5232920050621033
0.3683589994907379
0.5265269875526428
0.38043299317359924
0.5297620296478271
0.39250698685646057
0.5329970121383667
0.4045810103416443
0.5362319946289062
0.4166559875011444
0.5394669771194458
0.4287300109863281
0.5429810285568237
0.44072601199150085
0.5464940071105957
0.4527220129966736
0.5500069856643677
0.4647180140018463
0.5535200238227844
0.47671398520469666
0.5570340156555176
0.4887099862098694
0.5605469942092896
0.5007060170173645
0.5640599727630615
0.5127019882202148
0.5675730109214783
0.5246989727020264
0.5761269927024841
0.533814013004303
0.58468097448349
0.5429289937019348
0.5932340025901794
0.5520439743995667
0.6017879843711853
0.5611590147018433
0.6103410124778748
0.5702739953994751
0.6188949942588806
0.5793899893760681
0.6274489760398865
0.5885050296783447
0.6360020041465759
0.5976200103759766
0.6403700113296509
0.6093320250511169
0.6447380185127258
0.6210439801216125
0.6491060256958008
0.6327559947967529
0.653473973274231
0.6444680094718933
0.6578419804573059
0.6561800241470337
0.6622099876403809
0.6678919792175293
0.6665779948234558
0.6796039938926697
0.6709460020065308
0.6913160085678101
0.6760900020599365
0.7027080059051514
0.6812340021133423
0.7141010165214539
0.6863769888877869
0.7254940271377563
0.6915209889411926
0.7368869781494141
0.6966639757156372
0.7482789754867554
0.701807975769043
0.7596719861030579
0.7069510221481323
0.7710649967193604
0.7120950222015381
0.7824580073356628
0.7192190289497375
0.7927290201187134
0.7263429760932922
0.8029999732971191
0.7334669828414917
0.8132709860801697
0.7405909895896912
0.8235419988632202
0.7477149963378906
0.8338130116462708
0.7548390030860901
0.8440840244293213
0.7619640231132507
0.8543559908866882
0.7690879702568054
0.8646270036697388
0.7733569741249084
0.8763750195503235
0.7776269912719727
0.8881229758262634
0.7818970084190369
0.8998709917068481
0.7861660122871399
0.911620020866394
0.7904360294342041
0.923367977142334
0.7947059869766235
0.9351159930229187
0.7989749908447266
0.9468640089035034
0.8032450079917908
0.9586120247840881
0.815205991268158
0.9549810290336609
0.8271660208702087
0.9513490200042725
0.8391270041465759
0.9477180242538452
0.8510879874229431
0.9440860152244568
0.8630489706993103
0.9404540061950684
0.8750100135803223
0.9368230104446411
0.8869709968566895
0.9331910014152527
0.8989310264587402
0.9295589923858643
0.910332977771759
0.9270470142364502
0.9217339754104614
0.9245349764823914
0.9331349730491638
0.9220229983329773
0.9445369839668274
0.9195110201835632
