0.12476400285959244
0.18962299823760986
0.1319900006055832
0.19982199370861053
0.13921700417995453
0.2100210040807724
0.14644299447536469
0.22022099792957306
0.15366999804973602
0.23041999340057373
0.16089600324630737
0.24062000215053558
0.1681230068206787
0.25081899762153625
0.17534899711608887
0.2610189914703369
0.1825760006904602
0.2712180018424988
0.179189994931221
0.28325098752975464
0.175804004073143
0.2952840030193329
0.1724179983139038
0.30731600522994995
0.1690319925546646
0.3193489909172058
0.1656470000743866
0.33138200640678406
0.1622609943151474
0.3434140086174011
0.1588750034570694
0.355446994304657
0.1554889976978302
0.36748000979423523
0.16731099784374237
0.3715420067310333
0.17913199961185455
0.3756049871444702
0.19095300137996674
0.3796670138835907
0.2027750015258789
0.3837299942970276
0.2145960032939911
0.3877919912338257
0.22641800343990326
0.39185500144958496
0.23823900520801544
0.39591699838638306
0.2500610053539276
0.39998000860214233
0.26223498582839966
0.39714598655700684
0.2744100093841553
0.3943130075931549
0.2865839898586273
0.3914799988269806
0.29875901341438293
0.3886460065841675
0.31093400716781616
0.38581299781799316
0.3231079876422882
0.38297900557518005
0.3352830111980438
0.38014599680900574
0.34745800495147705
0.3773120045661926
0.3507179915904999
0.38937899470329285
0.3539789915084839
0.40144699811935425
0.3572399914264679
0.41351398825645447
0.3605000078678131
0.4255810081958771
0.3637610077857971
0.4376479983329773
0.36702200770378113
0.4497149884700775
0.37028300762176514
0.4617829918861389
0.37354299426078796
0.4738500118255615
0.38592201471328735
0.47211501002311707
0.39830100536346436
0.4703809916973114
0.41067999601364136
0.46864598989486694
0.42305999994277954
0.4669109880924225
0.43543899059295654
0.4651769995689392
0.44781801104545593
0.46344199776649475
0.46019700169563293
0.4617080092430115
0.47257599234580994
0.459973007440567
0.4728350043296814
0.4724699854850769
0.47309398651123047
0.48496800661087036
0.47335299849510193
0.49746501445770264
0.4736120104789734
0.5099620223045349
0.47387099266052246
0.5224599838256836
0.4741300046443939
0.5349569916725159
0.474388986825943
0.5474539995193481
0.47464799880981445
0.5599510073661804
0.4755699932575226
0.5724170207977295
0.4764930009841919
0.5848829746246338
0.4774149954319
0.5973489880561829
0.47833800315856934
0.6098150014877319
0.47925999760627747
0.622281014919281
0.4801830053329468
0.6347470283508301
0.4811049997806549
0.6472129821777344
0.4820280075073242
0.6596789956092834
0.4831250011920929
0.6721310019493103
0.48422300815582275
0.684581995010376
0.4853209853172302
0.6970340013504028
0.4864180088043213
0.7094860076904297
0.48751598596572876
0.7219370007514954
0.4886130094528198
0.7343890070915222
0.4897109866142273
0.7468410134315491
0.49080899357795715
0.7592930197715759
0.49208998680114746
0.7717270255088806
0.49337199330329895
0.7841609716415405
0.49465298652648926
0.7965949773788452
0.49593499302864075
0.8090289831161499
0.49721598625183105
0.8214629888534546
0.49849799275398254
0.8338969945907593
0.49977898597717285
0.846331000328064
0.5010610222816467
0.8587660193443298
0.5021010041236877
0.8712220191955566
0.5031409859657288
0.8836789727210999
0.5041800141334534
0.8961359858512878
0.5052199959754944
0.9085919857025146
0.5062599778175354
0.9210489988327026
0.5073000192642212
0.9335060119628906
0.5083400011062622
0.9459620118141174
0.5093799829483032
0.9584190249443054
0.5124520063400269
0.9454309940338135
0.5155249834060669
0.9324420094490051
