0.48948898911476135
0.5319139957427979
0.4810670018196106
0.5411499738693237
0.47264501452445984
0.5503870248794556
0.4642229974269867
0.5596240162849426
0.45579999685287476
0.5688599944114685
0.447378009557724
0.5780969858169556
0.43895599246025085
0.5873330235481262
0.4305340051651001
0.5965700149536133
0.42211100459098816
0.6058070063591003
0.41805499792099
0.6176300048828125
0.4139989912509918
0.6294540166854858
0.40994200110435486
0.641277015209198
0.4058859944343567
0.6531010270118713
0.4018299877643585
0.6649249792098999
0.39777401089668274
0.6767479777336121
0.3937169909477234
0.6885719895362854
0.3896610140800476
0.7003949880599976
0.3774160146713257
0.6978840231895447
0.36517098546028137
0.695372998714447
0.35292598605155945
0.6928619742393494
0.34068000316619873
0.6903510093688965
0.3284350037574768
0.6878399848937988
0.3161900043487549
0.6853280067443848
0.30394500494003296
0.6828169822692871
0.29170000553131104
0.6803060173988342
0.2844269871711731
0.6701390147209167
0.2771550118923187
0.6599730253219604
0.26988300681114197
0.649806022644043
0.26260998845100403
0.6396390199661255
0.25533801317214966
0.629472017288208
0.2480659931898117
0.6193060278892517
0.24079300463199615
0.6091390252113342
0.2335209995508194
0.5989720225334167
0.23106899857521057
0.5867149829864502
0.22861799597740173
0.5744580030441284
0.2261659950017929
0.5622010231018066
0.22371399402618408
0.5499429702758789
0.22126300632953644
0.5376859903335571
0.2188110053539276
0.5254290103912354
0.2163590043783188
0.5131719708442688
0.21390800178050995
0.5009139776229858
0.21832500398159027
0.4892210066318512
0.22274300456047058
0.47752800583839417
0.2271610051393509
0.46583399176597595
0.2315780073404312
0.4541409909725189
0.23599599301815033
0.4424479901790619
0.24041299521923065
0.43075400590896606
0.24483099579811096
0.41906100511550903
0.24924899637699127
0.4073669910430908
0.23762500286102295
0.4027700126171112
0.22600099444389343
0.398171991109848
0.2143770009279251
0.3935739994049072
0.20275400578975677
0.38897600769996643
0.19112999737262726
0.38437899947166443
0.17950600385665894
0.37978100776672363
0.1678829938173294
0.37518298625946045
0.15625900030136108
0.37058499455451965
0.1483519971370697
0.3609040081501007
0.14044499397277832
0.3512220084667206
0.13253900408744812
0.34154099225997925
0.12463200092315674
0.3318589925765991
0.11672499775886536
0.322176992893219
0.10881800204515457
0.31249600648880005
0.10091199725866318
0.3028140068054199
0.09300480037927628
0.2931329905986786
0.10383500158786774
0.28689199686050415
0.11466600000858307
0.2806510031223297
0.1254960000514984
0.2744100093841553
0.13632699847221375
0.26816898584365845
0.1471569985151291
0.261927992105484
0.15798799693584442
0.25568699836730957
0.16881799697875977
0.24944600462913513
0.1796489953994751
0.2432049959897995
0.18744699656963348
0.2334360033273697
0.19524599611759186
0.2236669957637787
0.20304499566555023
0.21389800310134888
0.2108439952135086
0.20412899553775787
0.218641996383667
0.19436000287532806
0.22644099593162537
0.18459199368953705
0.23423999547958374
0.17482300102710724
0.24203799664974213
0.16505399346351624
0.25452399253845215
0.16564199328422546
0.26701098680496216
0.16623100638389587
0.2794969975948334
0.1668190062046051
0.2919830083847046
0.16740700602531433
0.3044689893722534
0.16799600422382355
0.31695500016212463
0.16858400404453278
0.32944101095199585
0.169173002243042
0.3419269919395447
0.16976100206375122
0.3528119921684265
0.16361500322818756
0.36369699239730835
0.1574690043926239
0.3745810091495514
0.15132300555706024
0.3854660093784332
0.14517700672149658
0.39635100960731506
0.13903099298477173
0.4072349965572357
0.13288499414920807
0.41811999678611755
0.1267389953136444
0.4290049970149994
0.12059199810028076
0.4337109923362732
0.13217300176620483
0.4384180009365082
0.14375300705432892
0.443123996257782
0.1553329974412918
0.44783100485801697
0.1669130027294159
0.45253700017929077
0.17849299311637878
0.45724400877952576
0.19007299840450287
0.46195000410079956
0.20165300369262695
0.46665701270103455
0.21323299407958984
0.4749029874801636
0.22262699902057648
0.483148992061615
0.2320210039615631
0.4913960099220276
0.24141499400138855
0.499642014503479
0.25080999732017517
0.5078880190849304
0.2602039873600006
0.5161349773406982
0.26959800720214844
0.5243809819221497
0.2789919972419739
0.5326269865036011
0.2883859872817993
0.5429480075836182
0.2954379916191101
0.5532690286636353
0.3024890124797821
0.5635899901390076
0.3095409870147705
0.5739110112190247
0.3165929913520813
0.584231972694397
0.3236449956893921
0.5945529937744141
0.3306970000267029
0.6048740148544312
0.3377479910850525
0.6151949763298035
0.3447999954223633
0.6264600157737732
0.3502179980278015
0.637723982334137
0.3556370139122009
0.6489890217781067
0.3610549867153168
0.6602529883384705
0.3664740025997162
0.6715180277824402
0.3718920052051544
0.6827830076217651
0.37731000781059265
0.6940469741821289
0.3827289938926697
0.7053120136260986
0.3881469964981079
0.7173810005187988
0.391400009393692
0.7294510006904602
0.39465200901031494
0.7415199875831604
0.39790499210357666
0.7535889744758606
0.40115800499916077
0.765658974647522
0.4044100046157837
0.7777280211448669
0.4076629877090454
0.7897980213165283
0.41091498732566833
0.8018670082092285
0.41416800022125244
0.8134980201721191
0.4187459945678711
0.8251299858093262
0.42332398891448975
0.8367609977722168
0.4279020130634308
0.8483930230140686
0.43248000741004944
0.8600239753723145
0.4370580017566681
0.8716560006141663
0.4416370093822479
0.8832870125770569
0.4462150037288666
0.8949189782142639
0.45079299807548523
0.893123984336853
0.4370189905166626
0.8913300037384033
0.42324399948120117
0.8895350098609924
0.40946999192237854
0.8877410292625427
0.3956960141658783
0.8859459757804871
0.38192200660705566
0.8841509819030762
0.36814799904823303
