0.08226779848337173
0.06540659815073013
0.0947657972574234
0.06518399715423584
0.10726399719715118
0.0649615004658699
0.11976200342178345
0.06473889946937561
0.13225999474525452
0.06451629847288132
0.14475800096988678
0.06429380178451538
0.15725600719451904
0.06407120078802109
0.1697539985179901
0.06384869664907455
0.18225200474262238
0.06362610310316086
0.18605799973011017
0.0755326971411705
0.18986299633979797
0.08743929862976074
0.19366900622844696
0.09934590011835098
0.19747500121593475
0.11125200241804123
0.20127999782562256
0.1231589987874031
0.20508599281311035
0.13506600260734558
0.20889200270175934
0.14697200059890747
0.21269699931144714
0.15887899696826935
0.2249850034713745
0.1565849930047989
0.23727299273014069
0.15429100394248962
0.24955999851226807
0.15199799835681915
0.26184800267219543
0.1497039943933487
0.2741360068321228
0.14741000533103943
0.28642401099205017
0.14511600136756897
0.29871100187301636
0.1428229957818985
0.3109990060329437
0.14052900671958923
0.3233470022678375
0.13858599960803986
0.3356949985027313
0.13664400577545166
0.3480440080165863
0.13470099866390228
0.3603920042514801
0.1327580064535141
0.3727400004863739
0.1308159977197647
0.3850879967212677
0.12887300550937653
0.3974359929561615
0.12693099677562714
0.4097839891910553
0.12498799711465836
0.41766199469566345
0.1346929967403412
0.4255389869213104
0.1443990021944046
0.4334169924259186
0.15410399436950684
0.44129401445388794
0.16380999982357025
0.4491719901561737
0.17351500689983368
0.45704999566078186
0.1832199990749359
0.46492698788642883
0.19292600452899933
0.472804993391037
0.20263099670410156
0.48000600934028625
0.2128479927778244
0.4872080087661743
0.22306500375270844
0.4944089949131012
0.23328199982643127
0.5016099810600281
0.2434989959001541
0.5088120102882385
0.25371599197387695
0.5160130262374878
0.2639339864253998
0.5232149958610535
0.2741509974002838
0.5304160118103027
0.28436800837516785
0.5390179753303528
0.29343700408935547
0.5476199984550476
0.3025070130825043
0.5562220215797424
0.3115769922733307
0.5648229718208313
0.3206470012664795
0.5734249949455261
0.3297159969806671
0.582027018070221
0.3387860059738159
0.590628981590271
0.34785598516464233
0.5992299914360046
0.35692599415779114
0.6099249720573425
0.3633970022201538
0.620618999004364
0.3698689937591553
0.6313130259513855
0.37634000182151794
0.6420069932937622
0.3828119933605194
0.6527019739151001
0.38928401470184326
0.6633960008621216
0.39575499296188354
0.6740900278091431
0.4022270143032074
0.684785008430481
0.40869900584220886
0.6970679759979248
0.4063819944858551
0.7093520164489746
0.40406501293182373
0.7216349840164185
0.40174901485443115
0.7339190244674683
0.3994320034980774
0.7462019920349121
0.3971160054206848
0.7584859728813171
0.39479899406433105
0.7707690000534058
0.3924829959869385
0.7830520272254944
0.3901660144329071
0.7955359816551208
0.38951700925827026
0.8080189824104309
0.3888680040836334
0.820501983165741
0.38822001218795776
0.832984983921051
0.3875710070133209
0.8454679846763611
0.3869220018386841
0.8579509854316711
0.38627299666404724
0.8704349994659424
0.3856239914894104
0.8829180002212524
0.38497599959373474
0.8822230100631714
0.37249499559402466
0.8815280199050903
0.3600139915943146
0.8808339834213257
0.3475329875946045
0.8801389932632446
0.3350529968738556
0.8794440031051636
0.3225719928741455
0.8787490129470825
0.3100909888744354
0.8780549764633179
0.2976109981536865
0.8773599863052368
0.28512999415397644
0.8776640295982361
0.27263399958610535
0.8779680132865906
0.26013699173927307
0.8782719969749451
0.24764099717140198
0.8785769939422607
0.23514500260353088
0.8788809776306152
0.2226489931344986
0.8791850209236145
0.21015200018882751
0.879489004611969
0.19765600562095642
0.8797929883003235
0.18515999615192413
0.8673120141029358
0.18446800112724304
0.8548309803009033
0.18377700448036194
0.8423510193824768
0.18308499455451965
0.8298699855804443
0.18239399790763855
0.8173890113830566
0.18170200288295746
0.8049079775810242
0.18101100623607635
0.7924270033836365
0.18031899631023407
0.7799460291862488
0.17962799966335297
0.7886149883270264
0.17062200605869293
0.7972840070724487
0.1616159975528717
0.8059520125389099
0.15261000394821167
0.8146209716796875
0.14360399544239044
0.8232899904251099
0.1345990002155304
0.831957995891571
0.12559300661087036
0.8406270146369934
0.11658699810504913
0.849295973777771
0.1075809970498085
0.8551689982414246
0.09630980342626572
0.8610429763793945
0.08503849804401398
0.8669170141220093
0.07376720011234283
0.8727899789810181
0.06249580159783363
