0.9623649716377258
0.8160079717636108
0.9517679810523987
0.8093780279159546
0.9411699771881104
0.80274897813797
0.9305729866027832
0.796118974685669
0.919975996017456
0.7894889712333679
0.9093790054321289
0.7828599810600281
0.8987820148468018
0.776229977607727
0.8881850242614746
0.769599974155426
0.8775879740715027
0.762969970703125
0.8670889735221863
0.7561870217323303
0.8565899729728699
0.7494029998779297
0.8460909724235535
0.742618978023529
0.8355919718742371
0.7358350157737732
0.8250929713249207
0.7290509939193726
0.8145939707756042
0.7222679853439331
0.8040949702262878
0.7154840230941772
0.7935960292816162
0.7087000012397766
0.805122971534729
0.7038660049438477
0.8166509866714478
0.6990330219268799
0.8281790018081665
0.6941990256309509
0.8397060036659241
0.689365029335022
0.8512340188026428
0.6845309734344482
0.8627610206604004
0.6796979904174805
0.8742889761924744
0.6748639941215515
0.8858159780502319
0.6700299978256226
0.8996040225028992
0.667169988155365
0.9133920073509216
0.6643109917640686
