0.7127670049667358
0.42050600051879883
0.7022079825401306
0.4271950125694275
0.691648006439209
0.43388399481773376
0.6810879707336426
0.4405730068683624
0.6705290079116821
0.4472619891166687
0.6599689722061157
0.45395100116729736
0.6494089961051941
0.460640013217926
0.6388490200042725
0.4673289954662323
0.6282899975776672
0.47401800751686096
0.6177570223808289
0.4807499945163727
0.6072250008583069
0.4874809980392456
0.5966920256614685
0.4942130148410797
0.5861589908599854
0.500944972038269
0.5756270289421082
0.5076760053634644
0.565093994140625
0.5144079923629761
0.554561972618103
0.5211399793624878
0.5440289974212646
0.5278710126876831
0.5341590046882629
0.5355409979820251
0.5242879986763
0.5432100296020508
0.5144180059432983
0.5508800148963928
0.5045469999313354
0.5585500001907349
0.49467599391937256
0.5662189722061157
0.48480600118637085
0.5738890171051025
0.47493499517440796
0.5815579891204834
0.46506500244140625
0.5892279744148254
0.4539699852466583
0.5949850082397461
0.4428749978542328
0.6007429957389832
0.43178001046180725
0.6065009832382202
0.4206849932670593
0.6122580170631409
0.4095900058746338
0.6180160045623779
0.39849498867988586
0.623773992061615
0.3874000012874603
0.6295310258865356
0.3763050138950348
0.6352890133857727
0.36448100209236145
0.6312320232391357
0.3526580035686493
0.627174973487854
0.34083399176597595
0.6231189966201782
0.3290109932422638
0.6190620064735413
0.31718701124191284
0.6150050163269043
0.3053640127182007
0.6109489798545837
0.2935410141944885
0.6068919897079468
0.2817170023918152
0.6028349995613098
0.2710840106010437
0.5962640047073364
0.26045000553131104
0.5896940231323242
0.24981600046157837
0.5831230282783508
0.2391829937696457
0.5765519738197327
0.22854900360107422
0.5699809789657593
0.21791599690914154
0.5634099841117859
0.20728200674057007
0.5568389892578125
0.1966480016708374
0.5502679944038391
0.19220200181007385
0.5385860204696655
0.18775500357151031
0.5269039869308472
0.18330900371074677
0.5152209997177124
0.17886200547218323
0.5035390257835388
0.17441600561141968
0.49185600876808167
0.16996900737285614
0.4801740050315857
0.1655229926109314
0.4684920012950897
0.16107599437236786
0.45680901408195496
0.1500139981508255
0.4509890079498291
0.13895200192928314
0.44516798853874207
0.12789000570774078
0.4393480122089386
0.11682700365781784
0.43352699279785156
0.10576499998569489
0.4277069866657257
0.09470289945602417
0.42188599705696106
0.0836407020688057
0.4160659909248352
0.07257849723100662
0.41024601459503174
0.07627010345458984
0.42218801379203796
0.07996170222759247
0.4341300129890442
0.08365319669246674
0.4460729956626892
0.08734480291604996
0.45801499485969543
0.09103640168905258
0.46995800733566284
0.09472790360450745
0.48190000653266907
0.09841950237751007
0.4938429892063141
0.10211099684238434
0.5057849884033203
0.10474400222301483
0.49356600642204285
0.10737700015306473
0.4813460111618042
0.11001099646091461
0.46912699937820435
0.1126440018415451
0.4569070041179657
0.115276999771595
0.44468799233436584
0.1179099977016449
0.4324679970741272
0.12054300308227539
0.42024898529052734
0.12317600101232529
0.4080289900302887
0.12164200097322464
0.3956240117549896
0.120107002556324
0.383217990398407
0.11857199668884277
0.3708130121231079
0.11703699827194214
0.35840699076652527
0.1155019998550415
0.3460020124912262
0.11396799981594086
0.33359700441360474
0.11243300139904022
0.3211910128593445
0.11089800298213959
0.308786004781723
0.10986699908971786
0.29632800817489624
0.10883600264787674
0.28387099504470825
0.10780400037765503
0.27141401171684265
0.1067729964852333
0.2589559853076935
0.10574200004339218
0.24649900197982788
0.10471100360155106
0.2340410053730011
0.10367999970912933
0.2215840071439743
0.10264900326728821
0.20912699401378632
0.10832200199365616
0.19798900187015533
0.1139959990978241
0.18684999644756317
0.11967000365257263
0.1757120043039322
0.12534399330615997
0.16457399725914001
0.1310179978609085
0.15343600511550903
0.13669200241565704
0.14229799807071686
0.1423649936914444
0.13116000592708588
0.14803899824619293
0.1200219988822937
0.13791300356388092
0.12518200278282166
0.12778699398040771
0.1303430050611496
0.1176609992980957
0.13550299406051636
0.1075349971652031
0.1406639963388443
