0.42152801156044006
0.4334920048713684
0.4214789867401123
0.44599199295043945
0.4214310050010681
0.4584920108318329
0.42138200998306274
0.47099199891090393
0.421332985162735
0.483491986989975
0.4212839901447296
0.4959920048713684
0.42123499512672424
0.5084919929504395
0.42118600010871887
0.5209919810295105
0.4211370050907135
0.5334920287132263
0.4218280017375946
0.545973002910614
0.4225189983844757
0.5584539771080017
0.423209011554718
0.570933997631073
0.4239000082015991
0.5834149718284607
0.4245910048484802
0.5958960056304932
0.42528098821640015
0.6083769798278809
0.42597201466560364
0.6208580136299133
0.42666301131248474
0.633338987827301
0.42604300379753113
0.6458240151405334
0.4254240095615387
0.6583080291748047
0.4248049855232239
0.6707929968833923
0.42418500781059265
0.6832780241966248
0.4235660135746002
0.6957619786262512
0.4229460060596466
0.7082470059394836
0.4223270118236542
0.7207310199737549
0.42170798778533936
0.7332159876823425
0.41641199588775635
0.7457180023193359
0.41111698746681213
0.7582200169563293
0.4058220088481903
0.770721971988678
0.4005270004272461
0.7832229733467102
