0.5873569846153259
0.06160210072994232
0.5901970267295837
0.07377509772777557
0.593038022518158
0.08594810217618942
0.595878005027771
0.09812109917402267
0.5987190008163452
0.11029399931430817
0.6015589833259583
0.12246699631214142
0.6043999791145325
0.13463999330997467
0.6072400212287903
0.14681300520896912
0.6100810170173645
0.15898600220680237
0.6142169833183289
0.17078199982643127
0.618353009223938
0.18257799744606018
0.6224889755249023
0.1943739950656891
0.6266250014305115
0.206168994307518
0.6307610273361206
0.2179650068283081
0.6348980069160461
0.229761004447937
0.6390339732170105
0.24155700206756592
0.6431699991226196
0.2533529996871948
0.6467049717903137
0.2653430104255676
0.6502400040626526
0.27733200788497925
0.6537749767303467
0.28932198882102966
0.6573100090026855
0.30131199955940247
0.6608449816703796
0.31330201029777527
0.6643800139427185
0.3252910077571869
0.6679149866104126
0.3372809886932373
0.6714500188827515
0.3492709994316101
0.6773809790611267
0.36027398705482483
0.6833119988441467
0.37127798795700073
0.6892430186271667
0.38228100538253784
0.6951730251312256
0.39328399300575256
0.7011039853096008
0.40428799390792847
0.7070350050926208
0.4152910113334656
0.7129660248756409
0.4262950122356415
0.7188969850540161
0.4372979998588562
0.721917986869812
0.4494270086288452
0.7249400019645691
0.461557000875473
0.7279620170593262
0.47368600964546204
0.7309839725494385
0.48581498861312866
0.7340059876441956
0.4979439973831177
0.7370269894599915
0.5100740194320679
0.7400490045547485
0.5222030282020569
0.7430710196495056
0.5343319773674011
0.7506880164146423
0.5442429780960083
0.758305013179779
0.5541549921035767
0.7659220099449158
0.5640659928321838
0.7735390067100525
0.573976993560791
0.781154990196228
0.5838879942893982
0.7887719869613647
0.5938000082969666
0.7963889837265015
0.6037110090255737
0.8040059804916382
0.6136220097541809
0.814113974571228
0.6209759712219238
0.8242220282554626
0.6283289790153503
0.8343309760093689
0.635683000087738
0.8444390296936035
0.6430360078811646
0.8545470237731934
0.6503900289535522
0.8646550178527832
0.6577439904212952
0.874763011932373
0.6650969982147217
0.8848710060119629
0.6724510192871094
0.8955169916152954
0.6808329820632935
0.9061629772186279
0.6892150044441223
0.9168090224266052
0.69759601354599
0.9274550080299377
0.7059779763221741
