0.7118430137634277
0.4791620075702667
0.7023450136184692
0.4710350036621094
0.6928470134735107
0.4629090130329132
0.6833500266075134
0.45478200912475586
0.6738520264625549
0.4466550052165985
0.6643540263175964
0.43852800130844116
0.6548560261726379
0.430402010679245
0.6453589797019958
0.42227500677108765
0.6358609795570374
0.4141480028629303
0.6237490177154541
0.4172370135784149
0.6116359829902649
0.42032599449157715
0.5995240211486816
0.4234139919281006
0.5874119997024536
0.4265030026435852
0.5752990245819092
0.4295920133590698
0.5631870031356812
0.43268099427223206
0.5510740280151367
0.4357689917087555
0.5389620065689087
0.4388580024242401
0.5264739990234375
0.43831300735473633
0.5139859914779663
0.43776801228523254
0.5014979839324951
0.43722298741340637
0.4890100061893463
0.43667900562286377
0.47652098536491394
0.43613401055336
0.46403300762176514
0.4355889856815338
0.45154500007629395
0.43504399061203003
0.43905699253082275
0.43449899554252625
0.4289030134677887
0.4272089898586273
0.41874900460243225
0.4199190139770508
0.4085949957370758
0.41262900829315186
0.39844000339508057
0.40533900260925293
0.3882859945297241
0.398048996925354
0.3781319856643677
0.3907589912414551
0.3679780066013336
0.38346898555755615
0.3578239977359772
0.3761790096759796
0.3487530052661896
0.36757901310920715
0.339682012796402
0.3589789867401123
0.330610990524292
0.35037899017333984
0.3215390145778656
0.3417780101299286
0.3124679923057556
0.33317801356315613
0.303396999835968
0.3245779871940613
0.2943260073661804
0.31597700715065
0.2852550148963928
0.30737701058387756
0.27394500374794006
0.3020550012588501
0.2626340091228485
0.29673299193382263
0.25132399797439575
0.29141101241111755
0.2400130033493042
0.2860890030860901
0.22870300710201263
0.2807669937610626
0.21739299595355988
0.27544501423835754
0.20608200132846832
0.2701219916343689
0.19477200508117676
0.2648000121116638
0.20175400376319885
0.25443199276924133
0.20873500406742096
0.24406300485134125
0.21571700274944305
0.23369500041007996
0.22269900143146515
0.22332699596881866
0.22968100011348724
0.21295799314975739
0.23666299879550934
0.2025900036096573
0.24364399909973145
0.192221000790596
0.25062599778175354
0.18185299634933472
0.23937000334262848
0.17641699314117432
0.22811399400234222
0.17098000645637512
0.21685799956321716
0.16554400324821472
0.2056020051240921
0.16010800004005432
0.19434599578380585
0.15467199683189392
0.1830900013446808
0.14923499524593353
0.17183400690555573
0.14379900693893433
0.16057799756526947
0.13836300373077393
0.14850099384784698
0.13514100015163422
0.1364230066537857
0.1319199949502945
0.12434499710798264
0.12869800627231598
0.11226700246334076
0.12547600269317627
0.10018999874591827
0.12225499749183655
0.08811210095882416
0.11903300136327744
0.07603439688682556
0.11581099778413773
0.06395670026540756
0.11258900165557861
0.0597521997988224
0.10359500348567963
0.055547699332237244
0.09460079669952393
