0.3226749897003174
0.11057200282812119
0.3311910033226013
0.11972299963235855
0.3397060036659241
0.1288740038871765
0.3482210040092468
0.13802500069141388
0.3567369878292084
0.14717599749565125
0.36525198817253113
0.1563269942998886
0.3737669885158539
0.16547800600528717
0.3822830021381378
0.17462800443172455
0.39079800248146057
0.18377900123596191
0.4030660092830658
0.18617700040340424
0.41533398628234863
0.18857499957084656
0.42760100960731506
0.19097299873828888
0.4398689866065979
0.1933709979057312
0.4521369934082031
0.19576899707317352
0.46440500020980835
0.19816599786281586
0.4766730070114136
0.20056399703025818
0.4889410138130188
0.2029619961977005
0.4946190118789673
0.2140980064868927
0.500298023223877
0.2252340018749237
0.5059760212898254
0.23636899888515472
0.5116549730300903
0.24750499427318573
0.5173329710960388
0.25864100456237793
0.5230119824409485
0.26977598667144775
0.528689980506897
0.28091201186180115
0.5343689918518066
0.29204800724983215
0.543919026851654
0.3001129925251007
0.5534690022468567
0.30817800760269165
0.5630189776420593
0.3162429928779602
0.5725700259208679
0.32430800795555115
0.5821200013160706
0.3323729932308197
0.5916699767112732
0.34043800830841064
0.6012200117111206
0.3485020101070404
0.6107710003852844
0.35656699538230896
0.6229329705238342
0.3594540059566498
0.6350950002670288
0.3623400032520294
0.6472569704055786
0.36522600054740906
0.6594190001487732
0.3681130111217499
0.6715819835662842
0.3709990084171295
0.6837440133094788
0.37388598918914795
0.6959059834480286
0.3767719864845276
0.7080680131912231
0.3796580135822296
0.6996179819107056
0.3704479932785034
0.6911669969558716
0.3612369894981384
0.6827160120010376
0.35202598571777344
0.67426598072052
0.34281501173973083
0.665814995765686
0.33360499143600464
0.657364010810852
0.32439398765563965
0.6489139795303345
0.31518301367759705
0.6404629945755005
0.30597299337387085
0.6481540203094482
0.29492300748825073
0.65584397315979
0.2838729918003082
0.6635339856147766
0.2728230059146881
0.6712250113487244
0.2617729902267456
0.6789150238037109
0.2507230043411255
0.6866059899330139
0.23967300355434418
