0.15976400673389435
0.8949580192565918
0.16467300057411194
0.8834620118141174
0.16958199441432953
0.8719660043716431
0.1744920015335083
0.8604710102081299
0.1794009953737259
0.8489750027656555
0.18431000411510468
0.8374800086021423
0.18921899795532227
0.825984001159668
0.19412800669670105
0.8144879937171936
0.19903799891471863
0.8029929995536804
0.19339999556541443
0.7918360233306885
0.1877630054950714
0.7806789875030518
0.1821260005235672
0.769523024559021
0.176487997174263
0.7583659887313843
0.17085100710391998
0.7472090125083923
0.16521400213241577
0.7360529899597168
0.15957599878311157
0.7248960137367249
0.15393899381160736
0.7137389779090881
0.14683200418949127
0.7034569978713989
0.139724001288414
0.6931740045547485
0.13261699676513672
0.6828910112380981
0.12550899386405945
0.6726089715957642
0.11840099841356277
0.6623259782791138
0.11129400134086609
0.6520429849624634
0.10418599843978882
0.6417610049247742
0.09707889705896378
0.6314780116081238
0.0957145020365715
0.6190530061721802
0.09435009956359863
0.6066280007362366
0.09298580139875412
0.5942019820213318
0.09162139892578125
0.5817769765853882
0.09025699645280838
0.5693519711494446
0.08889269828796387
0.5569260120391846
0.0875283032655716
0.544501006603241
0.08616390079259872
0.5320760011672974
0.08922140300273895
0.5199549794197083
0.09227889776229858
0.5078349709510803
0.09533630311489105
0.4957149922847748
0.09839379787445068
0.48359400033950806
0.10145100206136703
0.4714739918708801
0.10450900346040726
0.4593540132045746
0.1075659990310669
0.4472329914569855
0.11062400043010712
0.43511301279067993
0.12048599869012833
0.4274339973926544
0.13034899532794952
0.4197539985179901
0.14021199941635132
0.4120739996433258
0.1500750035047531
0.4043950140476227
0.1599379926919937
0.396714985370636
0.16979999840259552
0.38903599977493286
0.17966300249099731
0.38135600090026855
0.1895260065793991
0.37367698550224304
0.19868400692939758
0.3651689887046814
0.20784300565719604
0.35666200518608093
0.21700100600719452
0.3481549918651581
0.22616000473499298
0.3396480083465576
0.23531800508499146
0.33114001154899597
0.24447600543498993
0.3226329982280731
0.2536349892616272
0.31412601470947266
0.26279300451278687
0.3056190013885498
0.2743059992790222
0.3104889988899231
0.2858180105686188
0.3153589963912964
0.29732999205589294
0.3202289938926697
0.3088420033454895
0.32510000467300415
0.32035401463508606
0.32997000217437744
0.3318670094013214
0.33483999967575073
0.3433789908885956
0.339709997177124
0.35489100217819214
0.3445799946784973
0.3562740087509155
0.3321569859981537
0.3576579988002777
0.31973400712013245
0.3590410053730011
0.3073109984397888
0.3604249954223633
0.2948879897594452
0.36180800199508667
0.28246399760246277
0.36319100856781006
0.27004098892211914
0.36457499861717224
0.2576180100440979
0.36595800518989563
0.24519500136375427
