0.9036340117454529
0.22216999530792236
0.8935890197753906
0.22960899770259857
0.8835440278053284
0.23704800009727478
0.8734980225563049
0.244487002491951
0.8634529709815979
0.2519260048866272
0.8534070253372192
0.2593649923801422
0.8433619737625122
0.2668040096759796
0.8333160281181335
0.27424299716949463
0.8232709765434265
0.28168201446533203
0.8110089898109436
0.2792559862136841
0.7987459897994995
0.2768290042877197
0.7864840030670166
0.27440300583839417
0.7742220163345337
0.2719759941101074
0.7619600296020508
0.26954999566078186
0.7496979832649231
0.2671230137348175
0.737434983253479
0.26469698548316956
0.7251729965209961
0.2622700035572052
0.713808000087738
0.2674739956855774
0.7024419903755188
0.2726779878139496
0.6910769939422607
0.27788200974464417
0.6797119975090027
0.28308600187301636
0.6683459877967834
0.28828999400138855
0.6569809913635254
0.29349300265312195
0.6456159949302673
0.29869699478149414
0.6342509984970093
0.30390098690986633
0.6333450078964233
0.3163680136203766
0.6324399709701538
0.32883501052856445
0.631534993648529
0.3413020074367523
0.6306290030479431
0.353769987821579
0.6297240257263184
0.36623701453208923
0.6288189888000488
0.3787040114402771
0.6279140114784241
0.39117100834846497
0.6270080208778381
0.40363800525665283
0.6178590059280396
0.41215598583221436
0.608709990978241
0.4206730127334595
0.5995609760284424
0.429190993309021
0.5904120206832886
0.4377079904079437
0.58126300573349
0.44622498750686646
0.5721150040626526
0.45474299788475037
0.562965989112854
0.4632599949836731
0.5538169741630554
0.471778005361557
0.5480980277061462
0.4828929901123047
0.5423790216445923
0.49400800466537476
0.5366600155830383
0.5051230192184448
0.5309420228004456
0.5162379741668701
0.5252230167388916
0.5273529887199402
0.5195040106773376
0.5384680032730103
0.5137850046157837
0.5495839715003967
0.5080670118331909
0.5606989860534668
0.49911901354789734
0.5694270133972168
0.49017098546028137
0.578154981136322
0.4812229871749878
0.5868840217590332
0.4722749888896942
0.5956119894981384
0.46332699060440063
0.6043409705162048
0.45437899231910706
0.6130689978599548
0.4454309940338135
0.6217979788780212
0.4364840090274811
0.6305260062217712
0.42854899168014526
0.6401849985122681
0.42061498761177063
0.6498439908027649
0.4126800000667572
0.6595029830932617
0.40474599599838257
0.6691619753837585
0.39681199193000793
0.6788210272789001
0.3888770043849945
0.688480019569397
0.3809430003166199
0.6981390118598938
0.37300801277160645
0.7077980041503906
0.3619230091571808
0.7020210027694702
0.3508380055427551
0.6962440013885498
0.33975300192832947
0.6904680132865906
0.3286679983139038
0.6846910119056702
0.31758299469947815
0.6789140105247498
0.3064970076084137
0.6731380224227905
0.29541200399398804
0.6673610210418701
0.2843270003795624
0.6615840196609497
0.27484700083732605
0.6534370183944702
0.2653670012950897
0.6452900171279907
0.2558870017528534
0.63714200258255
0.24640700221061707
0.6289950013160706
0.23692800104618073
0.6208469867706299
0.2274480015039444
0.6126999855041504
0.21796800196170807
0.6045519709587097
0.20848800241947174
0.596405029296875
0.21690499782562256
0.587162971496582
0.2253209948539734
0.577921986579895
0.2337380051612854
0.5686799883842468
0.24215500056743622
0.5594379901885986
0.25057199597358704
0.5501970052719116
0.25898900628089905
0.5409550070762634
0.2674050033092499
0.5317130088806152
0.2758220136165619
0.5224720239639282
0.26191601157188416
0.523389995098114
0.24800899624824524
0.5243080258369446
0.23410199582576752
0.5252259969711304
