0.5070940256118774
0.8348240256309509
0.49529001116752625
0.8389359712600708
0.48348599672317505
0.8430479764938354
0.47168099880218506
0.8471599817276001
0.45987701416015625
0.8512719869613647
0.44807299971580505
0.8553839921951294
0.43626800179481506
0.859495997428894
0.42446398735046387
0.8636080026626587
0.41266000270843506
0.8677189946174622
0.4034560024738312
0.8761780261993408
0.3942529857158661
0.8846369981765747
0.3850499987602234
0.8930960297584534
0.3758459985256195
0.9015539884567261
0.3666430115699768
0.9100130200386047
0.3574399948120117
0.9184719920158386
0.348237007856369
0.9269300103187561
0.33903300762176514
0.93538898229599
0.32734599709510803
0.9309549927711487
0.3156589865684509
0.9265210032463074
0.3039720058441162
0.9220870137214661
0.2922849953174591
0.9176520109176636
0.2805980145931244
0.9132180213928223
0.2689110040664673
0.9087839722633362
0.2572239935398102
0.9043499827384949
0.24553699791431427
0.8999159932136536
0.23692099750041962
0.8908600211143494
0.22830499708652496
0.8818039894104004
0.21968799829483032
0.872747004032135
0.21107199788093567
0.863690972328186
0.20245599746704102
0.8546350002288818
0.19383999705314636
0.8455790281295776
0.1852239966392517
0.8365229964256287
0.17660799622535706
0.8274670243263245
0.17802299559116364
0.815047025680542
0.17943699657917023
0.8026270270347595
0.18085099756717682
0.790207028388977
0.1822649985551834
0.777787983417511
0.18367999792099
0.7653679847717285
0.18509399890899658
0.752947986125946
0.18650799989700317
0.7405279874801636
0.18792299926280975
0.7281090021133423
0.19460999965667725
0.7175480127334595
0.20129799842834473
0.7069879770278931
0.2079859972000122
0.6964269876480103
0.2146739959716797
0.6858670115470886
0.22136199474334717
0.6753069758415222
0.22804999351501465
0.6647459864616394
0.23473800718784332
0.6541860103607178
0.2414260059595108
0.643625020980835
0.2553989887237549
0.6443750262260437
0.26937100291252136
0.6451249718666077
0.28334400057792664
0.6458740234375
0.2973169982433319
0.6466240286827087
0.3112899959087372
0.6473739743232727
