0.5016670227050781
0.11271899938583374
0.5000810027122498
0.12511800229549408
0.4984950125217438
0.13751700520515442
0.4969089925289154
0.14991599321365356
0.4953230023384094
0.1623149961233139
0.49373701214790344
0.17471399903297424
0.4921500086784363
0.18711300194263458
0.4905639886856079
0.19951200485229492
0.48897799849510193
0.21191099286079407
0.4887680113315582
0.22440899908542633
0.48855799436569214
0.2369070053100586
0.48834800720214844
0.24940499663352966
0.48813700675964355
0.2619040012359619
0.48792698979377747
0.274401992559433
0.48771700263023376
0.28690001368522644
0.4875060021877289
0.2993980050086975
0.4872959852218628
0.31189700961112976
0.4869900047779083
0.32439300417900085
0.4866830110549927
0.33688899874687195
0.48637598752975464
0.34938499331474304
0.48607000708580017
0.3618820011615753
0.4857630133628845
0.3743779957294464
0.48545700311660767
0.3868739902973175
0.485150009393692
0.399370014667511
0.48484399914741516
0.4118669927120209
0.48588499426841736
0.4243229925632477
0.48692598938941956
0.43678000569343567
0.48796701431274414
0.4492360055446625
0.48900800943374634
0.4616929888725281
0.49004900455474854
0.4741489887237549
0.49108999967575073
0.48660600185394287
0.49213099479675293
0.49906298518180847
0.4931719899177551
0.5115190148353577
0.49456799030303955
0.5239409804344177
0.4959630072116852
0.5363630056381226
0.4973579943180084
0.5487849712371826
0.49875301122665405
0.5612069964408875
0.5001490116119385
0.5736290216445923
0.5015439987182617
0.5860499739646912
0.502938985824585
0.598471999168396
0.5043339729309082
0.6108940243721008
0.5064560174942017
0.623212993144989
0.5085780024528503
0.6355310082435608
0.510699987411499
0.647849977016449
0.5128219723701477
0.6601690053939819
0.5149440169334412
0.6724870204925537
0.5170660018920898
0.6848059892654419
0.5191879868507385
0.6971240043640137
0.5213099718093872
0.7094429731369019
0.5236120223999023
0.7217289805412292
0.5259140133857727
0.7340149879455566
0.5282149910926819
0.7463020086288452
0.5305169820785522
0.7585880160331726
0.5328189730644226
0.7708740234375
0.5351210236549377
0.7831599712371826
0.5374230146408081
0.79544597864151
0.5397250056266785
0.8077329993247986
0.5414760112762451
0.8201090097427368
0.5432279706001282
0.8324859738349915
0.5449789762496948
0.8448629975318909
0.5467309951782227
0.8572390079498291
0.5484820008277893
0.8696159720420837
0.5502340197563171
0.8819929957389832
0.5519859790802002
0.8943690061569214
0.5537369847297668
0.906745970249176
0.5667840242385864
0.9056640267372131
0.5798310041427612
0.9045820236206055
0.592877984046936
0.9035000205039978
