0.13401399552822113
0.30743300914764404
0.13430899381637573
0.29493701457977295
0.13460500538349152
0.2824400067329407
0.13490000367164612
0.2699440121650696
0.1351960003376007
0.2574470043182373
0.1354909986257553
0.24495099484920502
0.1357869952917099
0.23245400190353394
0.1360819935798645
0.21995800733566284
0.13637800514698029
0.20746099948883057
0.14279800653457642
0.19673599302768707
0.14921699464321136
0.18601100146770477
0.1556369960308075
0.1752849966287613
0.16205699741840363
0.164560005068779
0.16847699880599976
0.1538340002298355
0.1748970001935959
0.14310899376869202
0.18131700158119202
0.13238400220870972
0.18773700296878815
0.12165799736976624
0.19454899430274963
0.11117800325155258
0.2013619989156723
0.10069700330495834
0.20817400515079498
0.09021639823913574
0.21498599648475647
0.07973580062389374
0.22179900109767914
0.0692552998661995
0.22861100733280182
0.05877469852566719
0.2354229986667633
0.048294100910425186
0.24223600327968597
0.03781360015273094
0.25385400652885437
0.04242520034313202
0.2654719948768616
0.04703669995069504
0.27709001302719116
0.051648300141096115
0.28870901465415955
0.05625990033149719
0.30032700300216675
0.06087150052189827
0.31194499135017395
0.06548299640417099
0.32356300950050354
0.07009460031986237
0.3351820111274719
0.07470619678497314
0.34748101234436035
0.07247819751501083
0.3597809970378876
0.07025019824504852
0.3720810115337372
0.06802219897508621
0.3843809962272644
0.0657941997051239
0.396681010723114
0.06356620043516159
0.40898099541664124
0.06133820116519928
0.42127999663352966
0.05911019816994667
0.4335800111293793
0.05688219889998436
0.43789198994636536
0.0686149001121521
0.44220399856567383
0.08034759759902954
0.4465160071849823
0.09208030253648758
0.4508279860019684
0.10381300002336502
0.45513999462127686
0.11554600298404694
0.4594520032405853
0.12727800011634827
0.4637640118598938
0.13901099562644958
0.4680759906768799
0.1507440060377121
0.4802060127258301
0.15376600623130798
0.4923349916934967
0.15678800642490387
0.5044639706611633
0.15981000661849976
0.5165929794311523
0.16283200681209564
0.5287219882011414
0.16585500538349152
0.5408509969711304
0.1688770055770874
0.5529810190200806
0.1718990057706833
0.5651100277900696
0.17492100596427917
0.5773440003395081
0.17748500406742096
0.5895779728889465
0.18005000054836273
0.6018120050430298
0.18261399865150452
0.6140459775924683
0.1851789951324463
0.6262800097465515
0.18774299323558807
0.6385149955749512
0.19030800461769104
0.6507490277290344
0.19287200272083282
0.6629830002784729
0.1954369992017746
0.6751499772071838
0.19257000088691711
0.6873170137405396
0.18970400094985962
0.6994829773902893
0.18683700263500214
0.711650013923645
0.18397100269794464
0.723816990852356
0.18110400438308716
0.7359840273857117
0.17823800444602966
0.7481510043144226
0.17537100613117218
0.7603179812431335
0.17250500619411469
0.7727149724960327
0.1741040050983429
0.7851120233535767
0.1757040023803711
0.797510027885437
0.1773039996623993
0.8099070191383362
0.1789029985666275
0.8223040103912354
0.1805029958486557
0.8347010016441345
0.1821019947528839
0.8470979928970337
0.1837020069360733
0.859495997428894
0.1853020042181015
0.8541030287742615
0.1965789943933487
0.8487100005149841
0.20785599946975708
0.843317985534668
0.21913300454616547
0.8379250168800354
0.23040999472141266
0.8325319886207581
0.24168600142002106
0.8271399736404419
0.25296300649642944
0.8217470049858093
0.26423999667167664
0.816353976726532
0.27551698684692383
0.8084589838981628
0.2786239981651306
