0.7465479969978333
0.09563080221414566
0.7461959719657898
0.10812599956989288
0.7458429932594299
0.12062100321054459
0.7454910278320312
0.1331160068511963
0.7451379895210266
0.1456110030412674
0.7447860240936279
0.1581059992313385
0.7444329857826233
0.1706009954214096
0.7440810203552246
0.1830960065126419
0.74372798204422
0.195591002702713
0.7438830137252808
0.20809000730514526
0.7440379858016968
0.22058899700641632
0.7441930174827576
0.23308800160884857
0.7443490028381348
0.24558700621128082
0.7445039749145508
0.2580859959125519
0.7446590065956116
0.27058500051498413
0.7448139786720276
0.2830840051174164
0.7449690103530884
0.29558300971984863
0.7448920011520386
0.3080829977989197
0.74481600522995
0.3205829858779907
0.7447389960289001
0.33308300375938416
0.7446630001068115
0.3455820083618164
0.7445859909057617
0.35808199644088745
0.7445099949836731
0.3705820143222809
0.7444329857826233
0.38308200240135193
0.7443569898605347
0.3955810070037842
0.7471060156822205
0.40777501463890076
0.7498549818992615
0.41996899247169495
0.7526040077209473
0.4321630001068115
0.7553529739379883
0.4443570077419281
0.7581019997596741
0.4565509855747223
0.7608510255813599
0.46874499320983887
0.7635999917984009
0.48093900084495544
0.7663490176200867
0.493133008480072
0.7669469714164734
0.5056189894676208
0.7675449848175049
0.5181040167808533
0.7681429982185364
0.5305899977684021
0.768742024898529
0.5430759787559509
0.7693399786949158
0.5555610060691833
0.7699379920959473
0.5680469870567322
0.7705360054969788
0.5805330276489258
0.7711340188980103
0.5930190086364746
0.7775909900665283
0.6037219762802124
0.7840480208396912
0.614425003528595
0.7905049920082092
0.6251279711723328
0.7969620227813721
0.6358309984207153
0.8034189939498901
0.6465340256690979
0.809876024723053
0.6572369933128357
0.8163340091705322
0.6679400205612183
0.8227909803390503
0.678642988204956
