0.4352070093154907
0.6230959892272949
0.44754600524902344
0.6250960230827332
0.45988500118255615
0.6270949840545654
0.47222399711608887
0.6290940046310425
0.4845629930496216
0.6310939788818359
0.4969019889831543
0.633092999458313
0.509240984916687
0.6350929737091064
0.5215799808502197
0.6370919942855835
0.5339189767837524
0.6390910148620605
0.5422130227088928
0.6484429836273193
0.5505070090293884
0.6577950119972229
0.558800995349884
0.6671469807624817
0.5670949816703796
0.6764990091323853
0.5753899812698364
0.685850977897644
0.5836840271949768
0.6952030062675476
0.5919780135154724
0.7045549750328064
0.600271999835968
0.71390700340271
0.6081230044364929
0.7236340045928955
0.6159740090370178
0.733361005783081
0.6238250136375427
0.7430869936943054
0.6316760182380676
0.752813994884491
0.6395270228385925
0.7625409960746765
0.6473780274391174
0.7722679972648621
0.6552289724349976
0.7819949984550476
0.6630799770355225
0.7917219996452332
0.6732149720191956
0.7990379929542542
0.6833500266075134
0.8063549995422363
0.6934850215911865
0.8136709928512573
0.7036200165748596
0.8209879994392395
0.7137550115585327
0.8283050060272217
0.7238900065422058
0.8356209993362427
0.7340239882469177
0.8429380059242249
0.7441589832305908
0.850255012512207
0.7440620064735413
0.8377699851989746
0.7439640164375305
0.825285017490387
