0.5000770092010498
0.2165910005569458
0.4956679940223694
0.22828799486160278
0.49125900864601135
0.23998500406742096
0.4868510067462921
0.25168099999427795
0.4824419915676117
0.26337799429893494
0.47803300619125366
0.2750749886035919
0.4736250042915344
0.2867720127105713
0.469215989112854
0.2984679937362671
0.46480700373649597
0.3101649880409241
0.45871400833129883
0.3210799992084503
0.4526219964027405
0.3319939970970154
0.44652900099754333
0.3429090082645416
0.4404360055923462
0.3538230061531067
0.43434301018714905
0.36473798751831055
0.4282500147819519
0.3756519854068756
0.4221569895744324
0.38656699657440186
0.41606399416923523
0.3974809944629669
0.4114449918270111
0.40909600257873535
0.4068250060081482
0.4207110106945038
0.4022060036659241
0.432327002286911
0.39758598804473877
0.44394201040267944
0.39296698570251465
0.4555569887161255
0.3883480131626129
0.4671719968318939
0.3837279975414276
0.47878700494766235
0.3791089951992035
0.4904020130634308
0.368476003408432
0.49697399139404297
0.35784199833869934
0.5035449862480164
0.34720900654792786
0.5101159811019897
0.33657601475715637
0.5166879892349243
0.3259420096874237
0.5232589840888977
0.31530898809432983
0.5298299789428711
0.30467599630355835
0.5364019870758057
0.2940419912338257
0.542972981929779
0.28156501054763794
0.5422199964523315
0.2690880000591278
0.5414659976959229
0.2566109895706177
0.5407130122184753
0.24413299560546875
0.5399600267410278
0.2316560000181198
0.5392060279846191
0.21917900443077087
0.5384529829025269
0.20670099556446075
0.5376989841461182
0.19422399997711182
0.5369459986686707
