0.476065993309021
0.09961769729852676
0.4766019880771637
0.11210600286722183
0.4771380126476288
0.12459500133991241
0.4776740074157715
0.1370829939842224
0.478208988904953
0.1495719999074936
0.4787450134754181
0.1620599925518036
0.4792810082435608
0.17454899847507477
0.4798170030117035
0.18703700602054596
0.4803520143032074
0.19952599704265594
0.47859200835227966
0.211900994181633
0.47683098912239075
0.22427700459957123
0.4750699996948242
0.23665200173854828
0.4733099937438965
0.24902699887752533
0.47154900431632996
0.26140299439430237
0.4697880148887634
0.2737779915332794
0.4680269956588745
0.28615298867225647
0.4662669897079468
0.2985289990901947
0.4658010005950928
0.31101998686790466
0.46533599495887756
0.323511004447937
0.46487098932266235
0.33600300550460815
0.46440500020980835
0.3484939932823181
0.46393999457359314
0.36098501086235046
0.46347498893737793
0.3734770119190216
0.4630089998245239
0.38596799969673157
0.4625439941883087
0.39845898747444153
0.46237099170684814
0.4109579920768738
0.46219900250434875
0.42345699667930603
0.46202701330184937
0.4359560012817383
0.4618540108203888
0.44845500588417053
0.461681991815567
0.4609540104866028
0.46150898933410645
0.47345200181007385
0.46133700013160706
0.4859510064125061
0.46116501092910767
0.49845001101493835
0.4591589868068695
0.5107880234718323
0.4571540057659149
0.5231260061264038
0.45514899492263794
0.5354639887809753
0.45314401388168335
0.5478019714355469
0.4511379897594452
0.5601400136947632
0.4491330087184906
0.5724790096282959
0.4471279978752136
0.5848169922828674
0.44512298703193665
0.597154974937439
0.4431940019130707
0.6095049977302551
0.4412649869918823
0.6218550205230713
0.43933698534965515
0.6342059969902039
0.4374080002307892
0.64655601978302
0.43547898530960083
0.6589059829711914
0.43355000019073486
0.6712570190429688
0.4316219985485077
0.6836069822311401
0.4296930134296417
0.6959570050239563
0.42810899019241333
0.7083560228347778
0.42652401328086853
0.7207559943199158
0.42493999004364014
0.7331550121307373
0.42335599660873413
0.7455539703369141
0.42177098989486694
0.7579529881477356
0.42018699645996094
0.7703520059585571
0.41860300302505493
0.7827519774436951
0.41701799631118774
0.7951509952545166
0.41424301266670227
0.8073390126228333
0.4114679992198944
0.8195269703865051
0.40869298577308655
0.8317149877548218
0.4059180021286011
0.8439030051231384
0.4031429886817932
0.8560910224914551
0.40036800503730774
0.868278980255127
0.3975929915904999
0.8804669976234436
0.3948189914226532
0.8926550149917603
0.3823480010032654
0.893517017364502
0.36987799406051636
0.8943780064582825
0.35740798711776733
0.895238995552063
0.3449369966983795
0.8960999846458435
0.3324669897556305
0.8969619870185852
0.31999701261520386
0.8978229761123657
0.30752599239349365
0.898684024810791
0.29505598545074463
0.8995450139045715
0.2854200005531311
0.8915830254554749
0.27578499913215637
0.883620023727417
0.26614901423454285
0.8756579756736755
0.25651299953460693
0.8676949739456177
0.24687699973583221
0.859732985496521
0.2372409999370575
0.8517699837684631
0.22760599851608276
0.8438079953193665
0.21796999871730804
0.8358449935913086
0.20833399891853333
0.8278830051422119
0.1986979991197586
0.819920003414154
0.1890619993209839
0.8119580149650574
0.17942699790000916
0.8039950132369995
0.16979099810123444
0.7960330247879028
0.16015499830245972
0.788070023059845
0.150518998503685
0.7801079750061035
0.14088299870491028
0.7721449732780457
0.13056999444961548
0.7636229991912842
0.12025699764490128
0.7551000118255615
0.10994400084018707
0.7465779781341553
