0.5826240181922913
0.2848750054836273
0.5788599848747253
0.2729560136795044
0.5750960111618042
0.2610360085964203
0.5713319778442383
0.24911600351333618
0.5675680041313171
0.23719599843025208
0.5638039708137512
0.22527599334716797
0.5600399971008301
0.21335700154304504
0.5562760233879089
0.20143699645996094
0.5525109767913818
0.18951700627803802
0.5645650029182434
0.19282899796962738
0.5766180157661438
0.19614100456237793
0.5886710286140442
0.1994519978761673
0.600724995136261
0.20276400446891785
0.6127780079841614
0.2060759961605072
0.6248310208320618
0.20938800275325775
0.6368849873542786
0.21269899606704712
0.648938000202179
0.21601100265979767
0.6435080170631409
0.20475199818611145
0.638077974319458
0.19349299371242523
0.6326479911804199
0.1822340041399002
0.627219021320343
0.170974999666214
0.6217889785766602
0.15971599519252777
0.6163589954376221
0.14845700562000275
0.610929012298584
0.13719800114631653
0.6054990291595459
0.12593799829483032
0.615073025226593
0.13397499918937683
0.6246470212936401
0.14201200008392334
0.6342210173606873
0.15004900097846985
0.6437950134277344
0.15808600187301636
0.6533679962158203
0.16612300276756287
0.6629419922828674
0.17416000366210938
0.6725159883499146
0.18219700455665588
0.6820899844169617
0.1902340054512024
0.6896399855613708
0.20019599795341492
0.6971889734268188
0.21015900373458862
0.704738974571228
0.22012099623680115
0.7122889757156372
0.23008400201797485
0.7198389768600464
0.24004599452018738
0.7273880243301392
0.2500090003013611
0.7349380254745483
0.2599709928035736
0.7424880266189575
0.2699339985847473
0.7497010231018066
0.2581619918346405
0.7569149732589722
0.24639099836349487
0.7641280293464661
0.23462000489234924
0.7713419795036316
0.22284899652004242
0.7785549759864807
0.2110780030488968
