0.12752799689769745
0.4759419858455658
0.13506099581718445
0.48591700196266174
0.14259499311447144
0.4958919882774353
0.15012900531291962
0.5058659911155701
0.1576630026102066
0.515841007232666
0.1651960015296936
0.525816023349762
0.1727299988269806
0.5357900261878967
0.18026399612426758
0.5457649827003479
0.18779699504375458
0.5557399988174438
0.19843600690364838
0.562300980091095
0.20907600224018097
0.5688629746437073
0.21971499919891357
0.5754250288009644
0.23035399615764618
0.5819870233535767
0.24099299311637878
0.588549017906189
0.2516320049762726
0.5951110124588013
0.262270987033844
0.6016730070114136
0.272911012172699
0.6082350015640259
0.28387099504470825
0.6142449975013733
0.2948310077190399
0.6202549934387207
0.3057909905910492
0.6262649893760681
0.31675198674201965
0.6322749853134155
0.3277119994163513
0.6382859945297241
0.338672012090683
0.6442959904670715
0.34963199496269226
0.650305986404419
0.3605929911136627
0.6563159823417664
0.35554400086402893
0.6677510142326355
0.35049501061439514
0.6791859865188599
0.34544599056243896
0.690621018409729
0.3403970003128052
0.7020559906959534
0.3353480100631714
0.7134910225868225
0.3302989900112152
0.7249259948730469
0.3252499997615814
0.736361026763916
0.32020100951194763
0.7477959990501404
0.3239479959011078
0.7611510157585144
0.3276959955692291
0.7745069861412048
0.33144301176071167
0.7878620028495789
0.335191011428833
0.8012170195579529
