0.056735798716545105
0.3127090036869049
0.06902220100164413
0.3150100111961365
0.08130860328674316
0.31731098890304565
0.0935949981212616
0.3196110129356384
0.10588099807500839
0.3219119906425476
0.11816799640655518
0.3242129981517792
0.13045400381088257
0.32651400566101074
0.14274099469184875
0.3288150131702423
0.15502700209617615
0.3311159908771515
0.16625000536441803
0.33661898970603943
0.1774740070104599
0.34212198853492737
0.1886969953775406
0.3476260006427765
0.19991999864578247
0.35312899947166443
0.21114400029182434
0.35863199830055237
0.22236700356006622
0.3641360104084015
0.2335900068283081
0.36963900923728943
0.24481399357318878
0.37514200806617737
0.2554430067539215
0.36856499314308167
0.26607298851013184
0.36198699474334717
0.27670198678970337
0.35541000962257385
0.2873319983482361
0.34883201122283936
0.2979609966278076
0.34225499629974365
0.30859100818634033
0.33567699790000916
0.31922000646591187
0.32910001277923584
0.3298499882221222
0.32252201437950134
0.31741198897361755
0.3212760090827942
0.3049739897251129
0.32003000378608704
0.2925359904766083
0.3187839984893799
0.2800990045070648
0.31753799319267273
0.2676610052585602
0.3162919878959656
0.25522300601005554
0.3150460124015808
0.2427850067615509
0.31380000710487366
0.23034800589084625
0.3125540018081665
0.22321799397468567
0.30206799507141113
0.21608899533748627
0.29158198833465576
0.20895999670028687
0.2810960114002228
0.20183099806308746
0.2706089913845062
