0.16426800191402435
0.3384779989719391
0.1619500070810318
0.3507609963417053
0.15963199734687805
0.36304399371147156
0.1573140025138855
0.3753269910812378
0.15499599277973175
0.3876110017299652
0.1526779979467392
0.39989399909973145
0.15036000311374664
0.4121769964694977
0.1480419933795929
0.4244599938392639
0.14572399854660034
0.43674299120903015
0.15618400275707245
0.443587988615036
0.16664299368858337
0.45043298602104187
0.17710299789905548
0.45727699995040894
0.1875620037317276
0.4641219973564148
0.1980219930410385
0.47096699476242065
0.20848099887371063
0.4778110086917877
0.21894100308418274
0.4846560060977936
0.22939999401569366
0.49150100350379944
0.2397329956293106
0.4844669997692108
0.25006601214408875
0.4774329960346222
0.2603990137577057
0.4703980088233948
0.27073198556900024
0.46336400508880615
0.2810649871826172
0.45633000135421753
0.29139798879623413
0.4492959976196289
0.3017309904098511
0.4422619938850403
0.3120650053024292
0.43522799015045166
0.3221159875392914
0.42838600277900696
0.33216801285743713
0.4215430021286011
0.3422189950942993
0.41470101475715637
0.3522709906101227
0.4078580141067505
