0.29781898856163025
0.3727479875087738
0.28724798560142517
0.3660759925842285
0.2766770124435425
0.3594050109386444
0.2661060094833374
0.3527339994907379
0.2555350065231323
0.3460629880428314
0.24496400356292725
0.3393920063972473
0.23439300060272217
0.3327209949493408
0.2238219976425171
0.32604900002479553
0.213250994682312
0.31937798857688904
0.20298099517822266
0.3265039920806885
0.1927109956741333
0.3336299955844879
0.18244099617004395
0.34075498580932617
0.1721709966659546
0.3478809893131256
0.16190099716186523
0.35500699281692505
0.15163099765777588
0.3621329963207245
0.14136099815368652
0.3692589998245239
0.13109099864959717
0.3763839900493622
0.12476199865341187
0.38077598810195923
