0.4204989969730377
0.32782500982284546
0.4180780053138733
0.34008800983428955
0.41565701365470886
0.35235100984573364
0.41323599219322205
0.36461400985717773
0.4108150005340576
0.3768779933452606
0.4083940088748932
0.3891409933567047
0.40597298741340637
0.4014039933681488
0.40355199575424194
0.4136680066585541
0.4011310040950775
0.42593100666999817
0.4007459878921509
0.4384250044822693
0.4003620147705078
0.4509190022945404
0.3999769985675812
0.4634130001068115
0.3995929956436157
0.47590699791908264
0.3992080092430115
0.48840099573135376
0.398824006319046
0.5008950233459473
0.39844000339508057
0.513388991355896
0.39805498719215393
0.5258839726448059
0.3842880129814148
0.5234950184822083
0.37052100896835327
0.5211060047149658
0.35675400495529175
0.5187169909477234
0.3429870009422302
0.5163289904594421
0.3292199969291687
0.5139399766921997
