0.42359301447868347
0.19776000082492828
0.4186840057373047
0.20925599336624146
0.4137760102748871
0.22075200080871582
0.4088670015335083
0.232247993350029
0.4039579927921295
0.24374400079250336
0.3990499973297119
0.25523999333381653
0.39414098858833313
0.2667360007762909
0.3892329931259155
0.2782309949398041
0.38432401418685913
0.28972700238227844
0.3728390038013458
0.2847929894924164
0.3613550066947937
0.2798579931259155
0.3498699963092804
0.2749229967594147
0.3383849859237671
0.2699880003929138
0.32690098881721497
0.26505300402641296
0.31541600823402405
0.2601180076599121
0.30393099784851074
0.25518399477005005
0.2924470007419586
0.2502489984035492
0.2969990074634552
0.2386070042848587
0.3015519976615906
0.226965993642807
0.30610498785972595
0.21532399952411652
0.31065699458122253
0.203683003783226
0.3152100145816803
0.19204099476337433
0.3197630047798157
0.18039999902248383
0.32431501150131226
0.16875900328159332
0.32886800169944763
0.15711699426174164
0.3370490074157715
0.14766600728034973
0.34522899985313416
0.13821500539779663
0.353410005569458
0.12876300513744354
0.36159101128578186
0.11931200325489044
0.36977100372314453
0.10986100137233734
0.3779520094394684
0.10040900111198425
0.38613200187683105
0.09095790237188339
0.3943130075931549
0.08150660246610641
0.40615400671958923
0.07750199735164642
0.41799500584602356
0.07349739968776703
0.4298360049724579
0.06949269771575928
0.441677987575531
0.06548810005187988
0.45351898670196533
0.06148349866271019
0.46535998582839966
0.057478900998830795
0.47720101475715637
0.0534742996096611
0.4890420138835907
0.04946969822049141
0.4934520125389099
0.061166100203990936
0.49786099791526794
0.07286260277032852
0.5022709965705872
0.08455900102853775
0.5066800117492676
0.09625550359487534
0.511089026927948
0.10795199871063232
0.5154989957809448
0.11964800208806992
0.5199080109596252
0.1313450038433075
0.5243179798126221
0.1430409997701645
0.5356060266494751
0.14841000735759735
0.5468940138816833
0.153779998421669
0.5581820011138916
0.15914900600910187
0.5694699883460999
0.16451799869537354
0.5807579755783081
0.1698870062828064
0.5920460224151611
0.17525699734687805
0.6033340096473694
0.1806260049343109
0.6146230101585388
0.18599499762058258
0.6178699731826782
0.19806599617004395
0.6211169958114624
0.2101369947195053
0.624364972114563
0.22220799326896667
0.6276119947433472
0.23427799344062805
0.6308599710464478
0.2463490068912506
0.6341069936752319
0.2584199905395508
0.6373540163040161
0.27049100399017334
0.6406019926071167
0.2825619876384735
0.6438260078430176
0.294638991355896
0.6470500230789185
0.3067159950733185
0.6502730250358582
0.31879299879074097
0.6534969806671143
0.33087000250816345
0.6567209959030151
0.34294700622558594
0.659945011138916
0.3550240099430084
0.6631690263748169
0.3671010136604309
0.666392982006073
0.3791790008544922
0.6726959943771362
0.3899730145931244
0.6789990067481995
0.4007680118083954
0.6853020191192627
0.4115619957447052
0.6916049718856812
0.4223569929599762
0.6979079842567444
0.4331510066986084
0.7042109966278076
0.4439460039138794
0.7105140089988708
0.4547399878501892
0.7168170213699341
0.4655350148677826
0.7238439917564392
0.4758720099925995
0.7308710217475891
0.4862099885940552
0.7378990054130554
0.49654799699783325
0.7449259757995605
0.5068849921226501
0.7519530057907104
0.5172230005264282
0.7589799761772156
0.5275610089302063
0.7660080194473267
0.5378980040550232
0.7730349898338318
0.5482360124588013
0.782535970211029
0.5563589930534363
0.7920359969139099
0.5644829869270325
0.8015369772911072
0.5726060271263123
0.811037003993988
0.5807290077209473
0.8205379843711853
0.5888530015945435
0.8300390243530273
0.5969759821891785
0.8395389914512634
0.6050990223884583
0.8490399718284607
0.6132230162620544
0.8450639843940735
0.6026009917259216
0.8410890102386475
0.59197998046875
0.8371130228042603
0.581358015537262
0.8331379890441895
0.5707370042800903
