0.900518000125885
0.3285439908504486
0.8989700078964233
0.3409470021724701
0.8974230289459229
0.35335099697113037
0.8958749771118164
0.36575499176979065
0.8943269848823547
0.3781589865684509
0.8927789926528931
0.3905630111694336
0.8912320137023926
0.4029659926891327
0.8896840214729309
0.41536998748779297
0.8881360292434692
0.42777401208877563
0.8876429796218872
0.4402639865875244
0.8871489763259888
0.45275500416755676
0.8866559863090515
0.46524500846862793
0.8861629962921143
0.4777350127696991
0.8856689929962158
0.4902249872684479
0.8851760029792786
0.5027160048484802
0.8846830129623413
0.515205979347229
0.8841890096664429
0.5276960134506226
0.8830770254135132
0.540145993232727
0.8819640278816223
0.5525969862937927
0.8808509707450867
0.565047025680542
0.879738986492157
0.5774980187416077
0.8786259889602661
0.5899479985237122
0.8775129914283752
0.6023979783058167
0.8764010071754456
0.6148489713668823
0.8752880096435547
0.6272990107536316
0.8744590282440186
0.6397719979286194
0.8736299872398376
0.652243971824646
0.8728010058403015
0.6647170186042786
0.8719720244407654
0.6771889925003052
0.8711429834365845
0.689661979675293
0.8703140020370483
0.7021340131759644
0.8694850206375122
0.7146070003509521
0.8686559796333313
0.7270789742469788
0.8778160214424133
0.735198974609375
0.8869749903678894
0.7433199882507324
0.8961349725723267
0.7514399886131287
0.9052940011024475
0.7595610022544861
