0.11594799906015396
0.9249839782714844
0.12043199688196182
0.913316011428833
0.12491600215435028
0.9016479849815369
0.12939999997615814
0.8899800181388855
0.133883997797966
0.8783119916915894
0.13836899399757385
0.866644024848938
0.1428530067205429
0.8549759984016418
0.14733700454235077
0.8433079719543457
0.15182100236415863
0.8316400051116943
0.16144900023937225
0.8236680030822754
0.17107699811458588
0.8156960010528564
0.1807049959897995
0.8077239990234375
0.19033299386501312
0.7997519969940186
0.19996100664138794
0.7917799949645996
0.20958900451660156
0.7838079929351807
0.21921700239181519
0.7758359909057617
0.2288450002670288
0.7678639888763428
0.24132399260997772
0.7685920000076294
0.25380200147628784
0.7693210244178772
0.26628100872039795
0.770048975944519
0.27875998616218567
0.7707769870758057
0.2912389934062958
0.7715049982070923
0.3037180006504059
0.7722330093383789
0.3161959946155548
0.7729619741439819
0.3286750018596649
0.7736899852752686
0.32659199833869934
0.7613649964332581
0.32450801134109497
0.7490400075912476
0.3224239945411682
0.7367140054702759
0.32034099102020264
0.7243890166282654
0.31825700402259827
0.7120640277862549
0.3161740005016327
0.6997389793395996
0.3140900135040283
0.6874139904975891
0.31200700998306274
0.6750890016555786
0.3131049871444702
0.6626369953155518
0.3142020106315613
0.6501849889755249
0.31529998779296875
0.6377339959144592
0.3163979947566986
0.6252819895744324
0.3174949884414673
0.6128299832344055
0.31859299540519714
0.6003789901733398
0.319691002368927
0.587926983833313
0.3207879960536957
0.5754749774932861
0.31734699010849
0.5634580254554749
0.3139060139656067
0.5514410138130188
0.310465008020401
0.5394240021705627
0.30702298879623413
0.5274069905281067
0.30358201265335083
0.5153899788856506
0.30014100670814514
0.5033730268478394
0.29669898748397827
0.4913559854030609
0.29325801134109497
0.47933900356292725
0.28095999360084534
0.4815770089626312
0.2686620056629181
0.4838150143623352
0.25636398792266846
0.4860529899597168
0.2440659999847412
0.4882909953594208
0.23176799714565277
0.49052900075912476
0.21946999430656433
0.49276599287986755
0.20717200636863708
0.49500399827957153
0.19487400352954865
0.4972420036792755
0.1847359985113144
0.4899289906024933
0.17459900677204132
0.48261600732803345
0.16446100175380707
0.4753029942512512
0.1543239951133728
0.4679900109767914
0.14418600499629974
0.46067601442337036
0.13404899835586548
0.45336300134658813
0.12391199916601181
0.4460499882698059
0.11377400159835815
0.43873700499534607
0.12045799940824509
0.4281739890575409
0.12714199721813202
0.4176110029220581
0.13382600247859955
0.4070490002632141
0.14051100611686707
0.3964860141277313
0.1471949964761734
0.38592299818992615
0.15387900173664093
0.37536001205444336
0.16056300699710846
0.3647969961166382
0.1672469973564148
0.3542349934577942
0.17699700593948364
0.3464129865169525
0.18674799799919128
0.338591992855072
0.19649900496006012
0.33076998591423035
0.20624899864196777
0.32294899225234985
0.2160000056028366
0.3151269853115082
0.22574999928474426
0.3073059916496277
0.2355010062456131
0.2994840145111084
0.24525199830532074
0.2916620075702667
0.257735013961792
0.29231399297714233
0.27021801471710205
0.29296499490737915
0.2827009856700897
0.29361599683761597
0.2951839864253998
0.2942669987678528
0.30766698718070984
0.2949180006980896
0.3201499879360199
0.2955699861049652
0.33263298869132996
0.296220988035202
0.34511598944664
0.29687198996543884
0.35717400908470154
0.29357799887657166
0.3692319989204407
0.2902829945087433
0.3812899887561798
0.2869890034198761
0.39334800839424133
0.2836950123310089
0.40540599822998047
0.28040000796318054
0.4174639880657196
0.27710598707199097
0.42952200770378113
0.2738119959831238
0.44158101081848145
0.2705169916152954
0.4532279968261719
0.2750549912452698
0.4648750126361847
0.27959299087524414
0.4765219986438751
0.2841309905052185
0.48816901445388794
0.28866899013519287
0.49981701374053955
0.29320698976516724
0.51146399974823
0.2977449893951416
0.5231109857559204
0.30228298902511597
0.5347579717636108
0.30682098865509033
0.5460829734802246
0.3121120035648346
0.5574079751968384
0.31740298867225647
0.5687329769134521
0.32269400358200073
0.5800579786300659
0.3279849886894226
0.5913829803466797
0.33327600359916687
0.6027079820632935
0.33856698870658875
0.6140329837799072
0.343858003616333
0.625357985496521
0.3491489887237549
0.6361439824104309
0.35546600818634033
0.646930992603302
0.3617829978466034
0.6577169895172119
0.36809900403022766
0.668503999710083
0.3744159936904907
0.6792899966239929
0.38073301315307617
0.690077006816864
0.38705000281333923
0.7008630037307739
0.3933660089969635
0.711650013923645
0.39968299865722656
0.7233530282974243
0.3952910006046295
0.7350559830665588
0.39089998602867126
0.7467589974403381
0.3865079879760742
0.7584620118141174
0.3821159899234772
0.7701650261878967
0.3777250051498413
0.7818689942359924
0.37333300709724426
0.7935720086097717
0.3689410090446472
0.805275022983551
0.36454999446868896
0.8075590133666992
0.3522599935531616
0.8098430037498474
0.33997100591659546
0.8121269941329956
0.3276810050010681
0.8144109845161438
0.31539100408554077
0.816694974899292
0.3031019866466522
0.8189799785614014
0.2908119857311249
0.8212640285491943
0.2785229980945587
0.8235480189323425
0.26623299717903137
0.8214300274848938
0.2529140114784241
0.8193119764328003
0.23959499597549438
0.8171939849853516
0.2262749969959259
