0.6492289900779724
0.6320250034332275
0.6369810104370117
0.6295260190963745
0.6247339844703674
0.6270279884338379
0.6124860048294067
0.6245290040969849
0.600238025188446
0.6220300197601318
0.5879899859428406
0.6195319890975952
0.5757430195808411
0.6170330047607422
0.5634949803352356
0.6145340204238892
0.5512470006942749
0.6120349764823914
0.5440089702606201
0.6222270131111145
0.5367720127105713
0.6324179768562317
0.5295339822769165
0.6426090002059937
0.5222960114479065
0.652800977230072
0.5150579810142517
0.662992000579834
0.5078200101852417
0.6731839776039124
0.5005819797515869
0.6833750009536743
0.4933449923992157
0.6935660243034363
0.4855870008468628
0.7033680081367493
0.4778299927711487
0.7131699919700623
0.47007301449775696
0.7229719758033752
0.46231600642204285
0.732774019241333
0.45455899834632874
0.742576003074646
0.4468019902706146
0.7523769736289978
0.4390439987182617
0.7621790170669556
0.4312869906425476
0.7719810009002686
0.42360401153564453
0.781840980052948
0.41592100262641907
0.7917010188102722
0.4082379937171936
0.8015609979629517
0.40055400133132935
0.8114209771156311
0.3928709924221039
0.8212810158729553
0.3851880133152008
0.8311409950256348
0.37750500440597534
0.8410000205039978
0.3698210120201111
0.8508599996566772
0.3645710051059723
0.8395169973373413
0.3593200147151947
0.8281729817390442
0.3540689945220947
0.8168290257453918
0.34881898760795593
0.8054850101470947
0.34356799721717834
0.7941409945487976
0.33831799030303955
0.7827979922294617
0.33306699991226196
0.7714539766311646
0.3278160095214844
0.7601100206375122
0.324660986661911
0.7499399781227112
0.32150599360466003
0.7397699952125549
0.31835100054740906
0.7295989990234375
