0.37737101316452026
0.0504550002515316
0.37946298718452454
0.06277869641780853
0.3815549910068512
0.075102299451828
0.38364699482917786
0.08742599934339523
0.3857389986515045
0.09974969923496246
0.3878310024738312
0.11207299679517746
0.38992398977279663
0.12439700216054916
0.3920159935951233
0.13672100007534027
0.39410799741744995
0.149044007062912
0.3916029930114746
0.1612910032272339
0.3890970051288605
0.1735370010137558
0.38659200072288513
0.1857839971780777
0.3840869963169098
0.1980299949645996
0.38158100843429565
0.21027599275112152
0.3790760040283203
0.22252300381660461
0.37657099962234497
0.23476900160312653
0.37406599521636963
0.24701499938964844
0.37699899077415466
0.25916600227355957
0.3799319863319397
0.2713170051574707
0.3828659951686859
0.28346800804138184
0.38579899072647095
0.29561901092529297
0.38873299956321716
0.3077700138092041
0.3916659951210022
0.31992098689079285
0.3946000039577484
0.332071989774704
0.39753299951553345
0.3442229926586151
0.4073469936847687
0.34369900822639465
0.4171609878540039
0.343176007270813
