0.7783929705619812
0.6343820095062256
0.7765759825706482
0.6467490196228027
0.774757981300354
0.6591169834136963
0.772940993309021
0.6714839935302734
0.7711229920387268
0.6838510036468506
0.7693060040473938
0.6962180137634277
0.7674880027770996
0.7085850238800049
0.7656710147857666
0.7209519743919373
0.7638530135154724
0.7333189845085144
0.7638109922409058
0.7458189725875854
0.7637680172920227
0.7583190202713013
0.7637249827384949
0.7708190083503723
0.763683021068573
0.7833189964294434
0.7636399865150452
0.7958189845085144
0.7635970115661621
0.8083189725875854
0.7635549902915955
0.8208190202713013
0.7635120153427124
0.8333190083503723
0.7625809907913208
0.8457840085029602
0.7616509795188904
0.8582500219345093
0.7607200145721436
0.8707150220870972
0.7597900032997131
0.8831800222396851
0.7588589787483215
0.895645022392273
0.7579280138015747
0.9081109762191772
0.7569980025291443
0.9205759763717651
0.7560669779777527
0.933040976524353
0.7543020248413086
0.924115002155304
