0.2653059959411621
0.3825100064277649
0.25509700179100037
0.37529700994491577
0.2448890060186386
0.36808300018310547
0.23468099534511566
0.36086899042129517
0.22447200119495392
0.35365501046180725
0.21426400542259216
0.34644100069999695
0.20405499637126923
0.3392280042171478
0.19384700059890747
0.3320139944553375
0.18363900482654572
0.3248000144958496
0.19140499830245972
0.31500500440597534
0.1991710066795349
0.30521100759506226
0.2069370001554489
0.295415997505188
0.21470299363136292
0.2856209874153137
0.2224690020084381
0.27582600712776184
0.2302349954843521
0.26603201031684875
0.2380010038614273
0.2562370002269745
0.2457679957151413
0.2464420050382614
0.25461798906326294
0.23761500418186188
0.2634679973125458
0.22878700494766235
0.2723180055618286
0.21995900571346283
0.28116801381111145
0.2111320048570633
0.2900179922580719
0.20230400562286377
0.29886800050735474
0.19347700476646423
0.3077180087566376
0.1846490055322647
0.316567987203598
0.17582100629806519
0.3289789855480194
0.17730799317359924
0.341390997171402
0.1787939965724945
0.35380199551582336
0.18027999997138977
0.36621299386024475
0.18176600337028503
0.3786250054836273
0.1832520067691803
0.3910360038280487
0.18473799526691437
0.4034479856491089
0.18622399866580963
0.41585901379585266
0.1877100020647049
0.4281330108642578
0.18918000161647797
0.4404059946537018
0.19065000116825104
0.45267999172210693
0.19211900234222412
