0.3231140077114105
0.2867479920387268
0.3144429922103882
0.29575100541114807
0.30577200651168823
0.30475500226020813
0.2971020042896271
0.3137589991092682
0.28843098878860474
0.32276201248168945
0.2797600030899048
0.3317660093307495
0.27108898758888245
0.34077000617980957
0.2624180018901825
0.34977298974990845
0.25374698638916016
0.3587769865989685
0.2450760006904602
0.36778101325035095
0.23640500009059906
0.37678399682044983
0.22773399949073792
0.3857879936695099
0.21906399726867676
0.39479199051856995
0.2103929966688156
0.4037950038909912
0.20172199606895447
0.41279900074005127
0.19305099546909332
0.42180299758911133
0.18437999486923218
0.4308060109615326
0.17550699412822723
0.44001999497413635
