0.7856590151786804
0.34655100107192993
0.7795770168304443
0.3574709892272949
0.7734940052032471
0.3683919906616211
0.767412006855011
0.37931200861930847
0.7613289952278137
0.39023199677467346
0.7552469968795776
0.40115299820899963
0.7491649985313416
0.4120729863643646
0.7430819869041443
0.422993004322052
0.7369999885559082
0.4339140057563782
0.7286840081214905
0.4432460069656372
0.7203680276870728
0.45257899165153503
0.7120519876480103
0.46191099286079407
0.7037360072135925
0.4712440073490143
0.6954200267791748
0.4805769920349121
0.6871050000190735
0.48990899324417114
0.6787890195846558
0.49924200773239136
0.6704729795455933
0.5085740089416504
0.6626489758491516
0.5183230042457581
0.6548259854316711
0.5280719995498657
0.6470029950141907
0.5378209948539734
0.639178991317749
0.547569990158081
0.6313560009002686
0.5573189854621887
0.6235319972038269
0.5670689940452576
0.6157090067863464
0.5768179893493652
0.607886016368866
0.5865669846534729
0.600471019744873
0.5966299772262573
0.5930560231208801
0.6066930294036865
0.5856410264968872
0.6167569756507874
0.5782269835472107
0.6268200278282166
0.5708119869232178
0.636883020401001
0.5633969902992249
0.6469470262527466
0.5559819936752319
0.657010018825531
0.548566997051239
0.6670740246772766
0.5429990291595459
0.6782649755477905
0.537431001663208
0.6894559860229492
0.5318620204925537
0.7006469964981079
0.5262939929962158
0.7118380069732666
0.5207250118255615
0.7230290174484253
0.5151569843292236
0.7342209815979004
0.5095880031585693
0.7454119920730591
0.5040199756622314
0.7566030025482178
0.49160099029541016
0.7580239772796631
0.47918200492858887
0.759443998336792
0.4667629897594452
0.7608649730682373
0.4543440043926239
0.7622860074043274
0.4419249892234802
0.7637060284614563
0.42950600385665894
0.7651270031929016
0.41708698868751526
0.7665479779243469
0.40466800332069397
0.7679679989814758
0.3964340090751648
0.7773740291595459
0.3882009983062744
0.78677898645401
0.37996798753738403
0.7961840033531189
0.37173399329185486
0.8055899739265442
0.36350101232528687
0.8149949908256531
0.3552680015563965
0.8244010210037231
0.3470340073108673
0.8338059782981873
0.33880099654197693
0.8432109951972961
0.3500550091266632
0.8418110013008118
0.3613089919090271
0.8404110074043274
0.3725619912147522
0.839011013507843
