0.37968599796295166
0.6981070041656494
0.37141698598861694
0.6887329816818237
0.3631480038166046
0.6793590188026428
0.3548789918422699
0.669983983039856
0.34661000967025757
0.660610020160675
0.33834099769592285
0.6512359976768494
0.33007198572158813
0.6418619751930237
0.3218030035495758
0.6324880123138428
0.3135339915752411
0.6231139898300171
0.31255701184272766
0.6106520295143127
0.31157898902893066
0.5981900095939636
0.31060200929641724
0.5857279896736145
0.3096249997615814
0.5732669830322266
0.3086470067501068
0.5608050227165222
0.307669997215271
0.5483430027961731
0.3066920042037964
0.535880982875824
0.30571499466896057
0.523419976234436
0.2920120060443878
0.520861029624939
0.2783089876174927
0.5183010101318359
0.26460498571395874
0.5157420039176941
0.250901997089386
0.5131829977035522
0.23719899356365204
0.5106239914894104
0.22349600493907928
0.5080649852752686
