0.17001500725746155
0.46681100130081177
0.16873599588871002
0.47924599051475525
0.1674569994211197
0.49167999625205994
0.16617700457572937
0.5041139721870422
0.16489799320697784
0.5165489912033081
0.1636189967393875
0.5289829969406128
0.16234000027179718
0.5414180159568787
0.16106100380420685
0.5538520216941833
0.15978200733661652
0.566286027431488
0.17037999629974365
0.5729129910469055
0.18097899854183197
0.5795400142669678
0.1915780007839203
0.5861669778823853
0.2021770030260086
0.5927940011024475
0.21277500689029694
0.5994210243225098
0.22337399423122406
0.6060479879379272
0.23397299647331238
0.6126750111579895
0.2445719987154007
0.619301974773407
0.25644901394844055
0.6231989860534668
0.26832500100135803
0.6270970106124878
0.2802020013332367
0.6309940218925476
0.29207900166511536
0.6348919868469238
0.303956001996994
0.6387889981269836
0.3158330023288727
0.6426860094070435
0.32771000266075134
0.6465839743614197
0.33958700299263
0.6504809856414795
0.34803199768066406
0.6412659883499146
0.3564780056476593
0.6320509910583496
0.36492300033569336
0.6228349804878235
0.3733690083026886
0.6136199831962585
0.38181498646736145
0.6044049859046936
0.3902600109577179
0.5951889753341675
0.39870598912239075
0.5859739780426025
0.4071510136127472
0.5767589807510376
0.40339601039886475
0.5886809825897217
0.3996399939060211
0.6006039977073669
0.39588499069213867
0.612525999546051
0.39212900400161743
0.6244490146636963
0.388374000787735
0.6363710165023804
0.38461801409721375
0.6482939720153809
0.3808630108833313
0.6602159738540649
0.37710699439048767
0.6721389889717102
0.38863199949264526
0.6672999858856201
0.40015798807144165
0.6624600291252136
0.41168299317359924
0.6576210260391235
0.42320799827575684
0.6527820229530334
0.4347339868545532
0.6479430198669434
0.4462589919567108
0.6431040167808533
0.4577850103378296
0.6382650136947632
0.4693099856376648
0.6334260106086731
0.4766719937324524
0.6435279846191406
0.48403400182724
0.6536300182342529
0.4913960099220276
0.6637319922447205
0.498759001493454
0.6738340258598328
0.5061209797859192
0.6839349865913391
0.5134829878807068
0.6940370202064514
0.5208449959754944
0.704138994216919
0.528207004070282
0.7142410278320312
0.5379080176353455
0.7221249938011169
0.5476080179214478
0.7300090193748474
0.55730801820755
0.7378919720649719
0.5670089721679688
0.7457759976387024
0.576708972454071
0.7536600232124329
0.5864089727401733
0.7615439891815186
0.5961099863052368
0.769428014755249
0.6058099865913391
0.7773110270500183
0.6178500056266785
0.7806710004806519
0.6298900246620178
0.7840309739112854
0.6419299840927124
0.7873910069465637
0.6539700031280518
0.7907509803771973
0.6660100221633911
0.7941110134124756
0.6780499815940857
0.7974709868431091
0.690090000629425
0.8008310198783875
0.7021300196647644
0.804190993309021
0.7143009901046753
0.8070369958877563
0.7264729738235474
0.8098829984664917
0.7386450171470642
0.812729001045227
0.7508159875869751
0.8155750036239624
0.7629879713058472
0.8184210062026978
0.775160014629364
0.8212670087814331
0.7873309850692749
0.8241140246391296
0.7995030283927917
0.826960027217865
0.8119540214538574
0.8258519768714905
0.8244050145149231
0.8247439861297607
0.8368549942970276
0.823635995388031
0.8493059873580933
0.8225290179252625
0.8617569804191589
0.8214210271835327
0.8742079734802246
0.8203129768371582
0.8866590261459351
0.8192049860954285
0.8991100192070007
0.8180980086326599
0.8981119990348816
0.8056380152702332
0.8971149921417236
0.7931770086288452
0.8961179852485657
0.7807170152664185
0.8951209783554077
0.7682570219039917
0.8941239714622498
0.7557970285415649
0.8931270241737366
0.7433369755744934
0.8921300172805786
0.7308769822120667
0.8911330103874207
0.7184159755706787
0.8919339776039124
0.7050409913063049
0.8927350044250488
0.69166499376297
0.8935359716415405
0.678288996219635
0.894336998462677
0.6649140119552612
0.8951380252838135
0.6515380144119263
0.8959389925003052
0.6381620168685913
