0.08904170244932175
0.7092009782791138
0.1015309989452362
0.7086930274963379
0.11402100324630737
0.7081850171089172
0.12651099264621735
0.7076759934425354
0.13899999856948853
0.7071679830551147
0.1514900028705597
0.7066590189933777
0.16398000717163086
0.706151008605957
0.17646899819374084
0.7056429982185364
0.188959002494812
0.7051339745521545
0.17996199429035187
0.696457028388977
0.17096400260925293
0.6877800226211548
0.16196699440479279
0.6791020035743713
0.15296900272369385
0.6704249978065491
0.1439719945192337
0.6617479920387268
0.13497400283813477
0.6530699729919434
0.12597699463367462
0.6443930268287659
0.11698000133037567
0.6357160210609436
0.11986599862575531
0.6235529780387878
0.12275200337171555
0.611391007900238
0.1256379932165146
0.5992289781570435
0.1285250037908554
0.5870670080184937
0.13141100108623505
0.5749040246009827
0.13429699838161469
0.5627419948577881
0.13718299567699432
0.5505800247192383
0.14007000625133514
0.5384179949760437
0.13002699613571167
0.5309749841690063
0.11998499929904938
0.5235310196876526
0.10994300246238708
0.5160880088806152
0.09990060329437256
0.5086449980735779
0.08985830098390579
0.5012009739875793
0.07981599867343903
0.4937579929828644
0.06977369636297226
0.4863150119781494
0.05973149836063385
0.47887200117111206
0.0571863017976284
0.46663299202919006
0.05464119836688042
0.45439499616622925
0.05209600180387497
0.44215700030326843
0.049550898373126984
0.4299190044403076
0.047005701810121536
0.4176810085773468
0.04446059837937355
0.405443012714386
0.04191549867391586
0.393204003572464
0.03937029838562012
0.3809660077095032
0.04627799987792969
0.3705480098724365
0.0531856007874012
0.3601300120353699
0.06009329855442047
0.3497120141983032
0.06700090318918228
0.3392939865589142
0.0739085003733635
0.32887598872184753
0.08081620186567307
0.3184579908847809
0.08772379904985428
0.30803999304771423
0.09463150054216385
0.2976219952106476
0.09335339814424515
0.2851879894733429
0.09207530319690704
0.2727530002593994
0.09079720079898834
0.2603189945220947
0.08951909840106964
0.24788400530815125
0.0882411003112793
0.23544999957084656
0.0869629979133606
0.22301599383354187
0.08568490296602249
0.2105810046195984
0.08440680056810379
0.1981469988822937
0.09540220350027084
0.19220100343227386
0.10639800131320953
0.18625499308109283
0.11739300191402435
0.180308997631073
0.12838800251483917
0.17436400055885315
0.13938400149345398
0.1684180051088333
0.1503790020942688
0.16247199475765228
0.16137400269508362
0.15652599930763245
0.17237000167369843
0.1505810022354126
0.17740200459957123
0.13913799822330475
0.18243399262428284
0.1276959925889969
0.18746499717235565
0.11625300347805023
0.19249700009822845
0.10481099784374237
0.19752900302410126
0.093368299305439
0.20256100594997406
0.08192580193281174
0.20759299397468567
0.07048329710960388
0.21262499690055847
0.059040799736976624
0.22119399905204773
0.06814149767160416
0.229762002825737
0.07724229991436005
0.23833100497722626
0.08634299784898758
0.24690000712871552
0.09544370323419571
0.2554689943790436
0.10454399883747101
0.26403799653053284
0.11364500224590302
0.2726069986820221
0.12274599820375443
0.28117600083351135
0.13184699416160583
0.29306501150131226
0.12798500061035156
0.304953008890152
0.12412399798631668
0.3168419897556305
0.12026199698448181
0.3287310004234314
0.11640100181102753
0.3406189978122711
0.11253999918699265
0.352508008480072
0.10867799818515778
0.36439698934555054
0.10481700301170349
0.37628498673439026
0.10095500200986862
0.3879159986972809
0.09637460112571716
0.3995459973812103
0.09179379791021347
0.41117599606513977
0.08721289783716202
0.4228070080280304
0.08263210207223892
0.43443700671195984
0.07805120199918747
0.4460679888725281
0.07347030192613602
0.4576979875564575
0.06888949871063232
0.46932798624038696
0.06430859863758087
0.47284600138664246
0.07630330324172974
0.47636500000953674
0.088298000395298
0.47988298535346985
0.10029300302267075
0.48340100049972534
0.1122869998216629
0.48691898584365845
0.12428200244903564
0.49043700098991394
0.1362770050764084
0.49395498633384705
0.14827099442481995
0.49747300148010254
0.1602659970521927
0.5012750029563904
0.17217400670051575
0.5050770044326782
0.1840820014476776
0.5088790059089661
0.19598999619483948
0.5126810073852539
0.20789699256420135
0.5164830088615417
0.21980500221252441
0.5202839970588684
0.23171299695968628
0.5240859985351562
0.24362100660800934
0.5278880000114441
0.25552898645401
0.5332340002059937
0.2668280005455017
0.5385800004005432
0.2781270146369934
0.5439249873161316
0.2894259989261627
0.5492709875106812
0.3007259964942932
0.5546169877052307
0.3120250105857849
0.5599619746208191
0.3233239948749542
0.5653079748153687
0.3346239924430847
0.5706539750099182
0.3459230065345764
0.5751799941062927
0.357574999332428
0.579704999923706
0.36922699213027954
0.5842310190200806
0.3808790147304535
0.5887569785118103
0.39253100752830505
0.5932819843292236
0.4041830003261566
0.5978080034255981
0.4158340096473694
0.6023340225219727
0.42748600244522095
0.6068599820137024
0.4391379952430725
0.6120820045471191
0.45049500465393066
0.6173040270805359
0.4618520140647888
0.6225259900093079
0.4732089936733246
0.6277480125427246
0.48456600308418274
0.6329690217971802
0.4959230124950409
0.6381909847259521
0.5072799921035767
0.6434130072593689
0.5186370015144348
0.6486350297927856
0.529994010925293
0.6535289883613586
0.541496992111206
0.6584219932556152
0.5529990196228027
0.663316011428833
0.5645009875297546
0.6682100296020508
0.5760030150413513
0.6731029748916626
0.5875059962272644
0.6779969930648804
0.5990080237388611
0.682889997959137
0.610509991645813
0.6877840161323547
0.6220129728317261
0.6947699785232544
0.6323779821395874
0.70175701379776
0.6427429914474487
0.7087439894676208
0.6531080007553101
0.7157300114631653
0.6634730100631714
0.7227169871330261
0.6738389730453491
0.7297040224075317
0.6842039823532104
0.7366899847984314
0.6945689916610718
0.743677020072937
0.7049340009689331
0.7482759952545166
0.7165570259094238
0.7528759837150574
0.7281799912452698
0.7574750185012817
0.7398030161857605
0.7620750069618225
0.7514259815216064
0.7666739821434021
0.7630490064620972
0.7712730169296265
0.7746719717979431
0.7758730053901672
0.7862949967384338
0.7804719805717468
0.797918975353241
0.7896850109100342
0.8063669800758362
0.7988970279693604
0.8148159980773926
0.8081099987030029
0.8232640027999878
0.8173220157623291
0.8317130208015442
0.8265349864959717
0.8401619791984558
0.8357470035552979
0.848609983921051
0.8449599742889404
0.8570590019226074
0.8541719913482666
0.8655080199241638
0.865418016910553
0.8600500226020813
0.8766630291938782
0.8545910120010376
0.8879089951515198
0.8491330146789551
0.899154007434845
0.8436750173568726
0.9103990197181702
0.83821702003479
0.9216449856758118
0.8327590227127075
0.932889997959137
0.827301025390625
0.9441360235214233
0.8218430280685425
0.9371830224990845
0.8103569746017456
0.930230975151062
0.7988719940185547
0.9232779741287231
0.7873860001564026
0.9163259863853455
0.7759000062942505
