0.13505899906158447
0.15716899931430817
0.1350490003824234
0.1696690022945404
0.13503800332546234
0.18216900527477264
0.13502800464630127
0.1946689933538437
0.1350180059671402
0.20716899633407593
0.13500699400901794
0.21966899931430817
0.13499699532985687
0.2321690022945404
0.1349869966506958
0.24466900527477264
0.13497599959373474
0.2571690082550049
0.13570599257946014
0.2696470022201538
0.13643600046634674
0.2821260094642639
0.13716599345207214
0.29460498690605164
0.13789600133895874
0.30708301067352295
0.13862599432468414
0.31956198811531067
0.13935600221157074
0.3320409953594208
0.14008599519729614
0.3445189893245697
0.14081600308418274
0.3569979965686798
0.13208599388599396
0.3659450113773346
0.12335699796676636
0.374891996383667
0.11462700366973877
0.3838390111923218
0.10589800029993057
0.3927859961986542
0.0971686989068985
0.40173301100730896
0.08843930065631866
0.41067999601364136
0.07970979809761047
0.41962701082229614
0.07098039984703064
0.42857399582862854
0.08029390126466751
0.4369109869003296
0.08960740268230438
0.445248007774353
0.0989207997918129
0.4535849988460541
0.10823400318622589
0.4619230031967163
0.11754799634218216
0.47025999426841736
0.12686100602149963
0.4785969853401184
0.1361750066280365
0.48693400621414185
0.14548799395561218
0.4952720105648041
0.14024299383163452
0.5066180229187012
0.13499799370765686
0.5179640054702759
0.1297519952058792
0.5293099880218506
0.12450700253248215
0.5406559705734253
0.11926200240850449
0.552003026008606
0.11401599645614624
0.5633490085601807
0.10877099633216858
0.5746949911117554
0.10352600365877151
0.5860409736633301
0.09971670061349869
0.5979470014572144
0.09590750187635422
0.6098520159721375
0.09209839999675751
0.621757984161377
0.08828920125961304
0.6336629986763
0.08448009938001633
0.6455690264701843
0.08067099750041962
0.6574739813804626
0.07686179876327515
0.6693800091743469
0.07305269688367844
0.68128502368927
