0.2290470004081726
0.8415859937667847
0.22286400198936462
0.8307219743728638
0.21668000519275665
0.8198590278625488
0.21049700677394867
0.8089950084686279
0.2043139934539795
0.7981320023536682
0.19812999665737152
0.7872679829597473
0.19194699823856354
0.7764049768447876
0.18576399981975555
0.7655410170555115
0.17958000302314758
0.7546780109405518
0.18295900523662567
0.7426429986953735
0.18633699417114258
0.7306079864501953
0.18971599638462067
0.7185729742050171
0.19309400022029877
0.7065389752388
0.19647300243377686
0.6945040225982666
0.19985200464725494
0.6824690103530884
0.20322999358177185
0.6704339981079102
0.20660899579524994
0.6583999991416931
0.2024099975824356
0.6466259956359863
0.1982100009918213
0.6348530054092407
0.19401100277900696
0.6230790019035339
0.18981200456619263
0.6113049983978271
0.1856130063533783
0.5995320081710815
0.18141299486160278
0.5877580046653748
0.17721399664878845
0.5759850144386292
0.17301499843597412
0.5642110109329224
0.17798900604248047
0.5527430176734924
0.18296200037002563
0.5412750244140625
0.1879359930753708
0.5298069715499878
0.19290900230407715
0.518339991569519
0.1978829950094223
0.5068719983100891
0.20285700261592865
0.4954040050506592
0.20782999694347382
0.48393601179122925
0.21280400454998016
0.47246798872947693
0.20054000616073608
0.4700480103492737
0.188277006149292
0.46762898564338684
0.17601299285888672
0.4652090072631836
0.16374899446964264
0.46279001235961914
0.15148599445819855
0.4603700041770935
0.13922199606895447
0.45795100927352905
0.12695899605751038
0.4555310010910034
0.1146949976682663
0.45311200618743896
0.11178400367498398
0.4409559965133667
0.10887400060892105
0.42879900336265564
0.10596299916505814
0.4166429936885834
0.10305199772119522
0.4044860005378723
0.1001409962773323
0.39232999086380005
0.0972307026386261
0.38017401099205017
0.09431999921798706
0.3680169880390167
0.09140930324792862
0.35586100816726685
0.09019839763641357
0.34341999888420105
0.08898749947547913
0.33097800612449646
0.08777660131454468
0.31853699684143066
0.08656570315361023
0.30609598755836487
0.08535479754209518
0.29365500807762146
0.08414389938116074
0.28121399879455566
0.08293300122022629
0.2687720060348511
0.08172210305929184
0.2563309967517853
0.09076809883117676
0.24770399928092957
0.09981410205364227
0.23907800018787384
0.10886000096797943
0.23045100271701813
0.11790599673986435
0.22182400524616241
0.12695200741291046
0.2131980061531067
0.13599799573421478
0.20457099378108978
0.1450439989566803
0.19594399631023407
0.1540900021791458
0.18731799721717834
0.15658800303936005
0.17507000267505646
0.15908700227737427
0.16282199323177338
0.1615850031375885
0.1505739986896515
0.16408300399780273
0.1383260041475296
0.16658200323581696
0.1260789930820465
0.1690800040960312
0.11383099853992462
0.17157800495624542
0.10158299654722214
0.17407600581645966
0.08933520317077637
0.18641699850559235
0.08734560012817383
0.19875800609588623
0.08535610139369965
0.21109800040721893
0.0833664983510971
0.22343899309635162
0.08137690275907516
0.2357800006866455
0.07938729971647263
0.2481199949979782
0.07739780098199844
0.2604610025882721
0.0754081979393959
0.2728019952774048
0.07341860234737396
0.2849940061569214
0.07066070288419724
0.2971859872341156
0.06790280342102051
0.3093770146369934
0.06514500081539154
0.3215689957141876
0.06238710135221481
0.3337610065937042
0.05962919816374779
0.34595298767089844
0.05687129870057106
0.35814499855041504
0.05411339923739433
0.37033700942993164
0.051355600357055664
0.3790090084075928
0.06035869941115379
0.3876799941062927
0.06936190277338028
0.39635199308395386
0.07836499810218811
0.4050230085849762
0.0873681977391243
0.41369399428367615
0.09637139737606049
0.4223659932613373
0.10537499934434891
0.4310370087623596
0.11437799781560898
0.43970900774002075
0.12338099628686905
0.4398620128631592
0.1358799934387207
0.4400149881839752
0.14837899804115295
0.44016799330711365
0.1608780026435852
0.4403209984302521
0.17337700724601746
0.4404740035533905
0.1858759969472885
0.44062700867652893
0.19837500154972076
0.44078001379966736
0.21087400615215302
0.4409329891204834
0.22337299585342407
0.4486680030822754
0.23339000344276428
0.456402987241745
0.2434069961309433
0.464138001203537
0.2534230053424835
