0.8355709910392761
0.3512440025806427
0.8379250168800354
0.3635199964046478
0.8402799963951111
0.37579700350761414
0.8426340222358704
0.38807299733161926
0.844989001750946
0.4003489911556244
0.8473430275917053
0.4126250147819519
0.849698007106781
0.4249019920825958
0.8520519733428955
0.43717798590660095
0.854407012462616
0.44945400953292847
0.8615270256996155
0.45969000458717346
0.8686469793319702
0.46992701292037964
0.8757680058479309
0.48016300797462463
0.8828880190849304
0.49039900302886963
0.8900079727172852
0.5006359815597534
0.8971289992332458
0.5108720064163208
