0.6470829844474792
0.8090999722480774
0.6595829725265503
0.8091310262680054
0.6720830202102661
0.809162974357605
0.6845830082893372
0.8091949820518494
0.6970829963684082
0.8092259764671326
0.7095829844474792
0.809257984161377
0.7220829725265503
0.8092899918556213
0.7345820069313049
0.8093209862709045
0.747081995010376
0.8093529939651489
0.7588149905204773
0.805042028427124
0.7705489993095398
0.8007310032844543
0.7822819948196411
0.7964199781417847
0.7940149903297424
0.7921090126037598
0.8057479858398438
0.7877979874610901
0.8174809813499451
0.7834870219230652
0.8292139768600464
0.7791759967803955
0.8409469723701477
0.7748649716377258
0.8284969925880432
0.773751974105835
0.8160459995269775
0.7726380228996277
0.803596019744873
0.7715250253677368
0.7911459803581238
0.770412027835846
0.7786949872970581
0.7692989706993103
0.7662450075149536
0.7681859731674194
0.7537950277328491
0.7670729756355286
0.7413439750671387
0.7659590244293213
0.7424330115318298
0.7535070180892944
0.743520975112915
0.7410539984703064
0.744608998298645
0.7286019921302795
0.745697021484375
0.7161489725112915
0.7467859983444214
0.7036970257759094
0.7478740215301514
0.6912440061569214
0.7489619851112366
0.6787919998168945
0.7500510215759277
0.6663389801979065
0.7619950175285339
0.6700260043144226
0.7739390134811401
0.6737130284309387
0.7858830094337463
0.6773989796638489
0.7978270053863525
0.681086003780365
0.8097710013389587
0.6847720146179199
0.8217149972915649
0.6884589791297913
0.8336589932441711
0.6921460032463074
0.8456019759178162
0.6958320140838623
0.857886016368866
0.6935160160064697
0.870169997215271
0.6912000179290771
0.8824530243873596
0.6888840198516846
0.8947370052337646
0.6865670084953308
0.9070199728012085
0.6842510104179382
0.9193040132522583
0.6819350123405457
0.9315869808197021
0.6796180009841919
0.943871021270752
0.6773020029067993
0.9325199723243713
0.6720669865608215
0.9211689829826355
0.6668319702148438
0.9098179936408997
0.6615970134735107
0.8984670042991638
0.656361997127533
0.887116014957428
0.6511269807815552
0.8757650256156921
0.6458920240402222
0.8644139766693115
0.6406570076942444
0.8530629873275757
0.6354219913482666
0.8654800057411194
0.6339820027351379
0.8778960108757019
0.6325420141220093
0.8903130292892456
0.631102979183197
0.9027299880981445
0.6296629905700684
0.9151470065116882
0.6282230019569397
0.9275630116462708
0.626783013343811
0.9399799704551697
0.6253430247306824
0.9523969888687134
0.6239029765129089
0.9479979872703552
0.6122030019760132
0.9435979723930359
0.6005020141601562
0.9391989707946777
0.5888019800186157
0.9347990155220032
0.57710200548172
0.930400013923645
0.5654019713401794
0.9259999990463257
0.5537019968032837
0.9216009974479675
0.5420010089874268
0.9172009825706482
0.5303009748458862
0.9206219911575317
0.5182300209999084
0.9240419864654541
0.5061579942703247
0.9274629950523376
0.49408701062202454
0.93088299036026
0.4820150136947632
