0.43021199107170105
0.6280189752578735
0.43450701236724854
0.6397579908370972
0.43880200386047363
0.6514970064163208
0.44309699535369873
0.6632360219955444
0.44739198684692383
0.6749749779701233
0.45168599486351013
0.6867139935493469
0.45598098635673523
0.6984530091285706
0.4602760076522827
0.7101920247077942
0.4645709991455078
0.721930980682373
0.46787598729133606
0.7339860200881958
0.4711819887161255
0.7460409998893738
0.4744870066642761
0.7580959796905518
0.47779300808906555
0.7701510190963745
0.4810979962348938
0.7822059988975525
0.4844039976596832
0.7942609786987305
0.4877089858055115
0.8063160181045532
0.4910149872303009
0.8183709979057312
0.5043240189552307
0.8223770260810852
0.5176330208778381
0.8263819813728333
0.5309420228004456
0.8303869962692261
0.5442519783973694
0.8343930244445801
0.5575609803199768
0.8383979797363281
0.5708699822425842
0.842402994632721
