0.6551460027694702
0.7886769771575928
0.6430209875106812
0.7856389880180359
0.6308959722518921
0.7825999855995178
0.6187700033187866
0.7795609831809998
0.6066449880599976
0.7765229940414429
0.5945199728012085
0.7734839916229248
0.5823950171470642
0.7704460024833679
0.5702700018882751
0.7674070000648499
0.5581449866294861
0.7643679976463318
0.5658810138702393
0.7545499801635742
0.5736169815063477
0.7447310090065002
0.5813530087471008
0.7349119782447815
0.5890889763832092
0.7250940203666687
0.5968239903450012
0.71527498960495
0.6045600175857544
0.705456018447876
0.6122959852218628
0.6956380009651184
0.620032012462616
0.6858189702033997
0.6081640124320984
0.6897420287132263
0.5962949991226196
0.6936650276184082
0.584426999092102
0.6975880265235901
0.5725579857826233
0.701511025428772
0.5606899857521057
0.7054340243339539
0.5488219857215881
0.7093570232391357
0.5369529724121094
0.713280975818634
0.5250849723815918
0.7172039747238159
0.5137320160865784
0.7224349975585938
0.5023790001869202
0.7276660203933716
0.49102601408958435
0.7328969836235046
0.47967401146888733
0.7381280064582825
0.4683209955692291
0.7433599829673767
0.4569680094718933
0.7485910058021545
0.4456149935722351
0.7538220286369324
0.4342629909515381
0.7590529918670654
0.423552006483078
0.7654979825019836
0.4128420054912567
0.7719429731369019
0.4021320044994354
0.7783880233764648
0.39142200350761414
0.7848340272903442
0.38071098923683167
0.7912790179252625
0.3700009882450104
0.7977240085601807
0.3592909872531891
0.8041689991950989
0.348580002784729
0.8106139898300171
0.3442099988460541
0.7989029884338379
0.33983999490737915
0.7871919870376587
0.3354699909687042
0.7754809856414795
0.3310999870300293
0.7637689709663391
0.32673001289367676
0.7520580291748047
0.32236000895500183
0.7403470277786255
0.3179900050163269
0.7286360263824463
0.313620001077652
0.7169250249862671
0.3133459985256195
0.7044280171394348
0.31307199597358704
0.6919310092926025
0.31279799342155457
0.6794340014457703
0.3125239908695221
0.666936993598938
0.3122499883174896
0.6544399857521057
0.31197699904441833
0.6419429779052734
0.31170299649238586
0.6294460296630859
0.3114289939403534
0.6169490218162537
0.29913198947906494
0.619193971157074
0.2868350148200989
0.6214389801025391
0.2745389938354492
0.6236839890480042
0.26224198937416077
0.6259300112724304
0.2499449998140335
0.6281750202178955
0.23764899373054504
0.6304200291633606
0.22535200417041779
0.6326659917831421
0.21305499970912933
0.6349110007286072
0.21024300158023834
0.6227309703826904
0.20743000507354736
0.6105520129203796
0.20461800694465637
0.5983719825744629
0.2018049955368042
0.5861930251121521
0.19899199903011322
0.5740129947662354
0.19618000090122223
0.5618339776992798
0.19336700439453125
0.549655020236969
0.19055500626564026
0.5374749898910522
0.19367800652980804
0.5253720283508301
0.19680200517177582
0.513267993927002
0.1999260038137436
0.501164972782135
0.20304900407791138
0.48906099796295166
0.20617300271987915
0.4769580066204071
0.20929700136184692
0.46485498547554016
0.2124200016260147
0.4527510106563568
0.21554400026798248
0.44064798951148987
0.22489599883556366
0.43235400319099426
0.23424899578094482
0.42405998706817627
0.243600994348526
0.41576701402664185
0.2529529929161072
0.40747299790382385
0.26230499148368835
0.39917901158332825
0.27165699005126953
0.39088499546051025
0.2810100018978119
0.38259199261665344
0.29036200046539307
0.37429800629615784
0.29083800315856934
0.3618069887161255
0.2913140058517456
0.3493160009384155
0.29179099202156067
0.33682501316070557
0.29226699471473694
0.3243339955806732
0.2927429974079132
0.31184300780296326
0.2932190001010895
0.2993519902229309
0.29369598627090454
0.28686100244522095
0.2941719889640808
0.274370014667511
0.29973098635673523
0.26317399740219116
0.30529001355171204
0.2519780099391937
0.31084901094436646
0.2407819926738739
0.3164069950580597
0.22958700358867645
0.3219659924507141
0.21839100122451782
0.32752498984336853
0.2071949988603592
0.33308398723602295
0.19599899649620056
0.33864301443099976
0.18480299413204193
0.3322629928588867
0.17266899347305298
0.32588300108909607
0.16053499281406403
0.3195030093193054
0.14840100705623627
0.3131229877471924
0.13626700639724731
0.30674299597740173
0.12413299828767776
