0.6800199747085571
0.3461120128631592
0.669152021408081
0.3522869944572449
0.6582840085029602
0.35846298933029175
0.6474159955978394
0.364639014005661
0.6365479826927185
0.3708139955997467
0.6256800293922424
0.3769899904727936
0.6148120164871216
0.38316500186920166
0.6039440035820007
0.38934099674224854
0.5930759906768799
0.3955160081386566
0.5832189917564392
0.40320301055908203
0.5733619928359985
0.41089001297950745
0.5635049939155579
0.4185769855976105
0.5536479949951172
0.4262639880180359
0.5437909960746765
0.4339509904384613
0.5339339971542358
0.4416379928588867
0.524075984954834
0.44932499527931213
0.5142189860343933
0.45701101422309875
0.5041869878768921
0.46446898579597473
0.49415498971939087
0.4719260036945343
0.48412299156188965
0.4793829917907715
0.4740909934043884
0.48684000968933105
0.4640600085258484
0.49429699778556824
0.45402801036834717
0.5017539858818054
0.44399601221084595
0.5092120170593262
0.4339640140533447
0.516668975353241
0.4232710003852844
0.5231429934501648
0.4125779867172241
0.5296170115470886
0.4018850028514862
0.5360910296440125
0.3911919891834259
0.5425649881362915
0.3804999887943268
0.5490390062332153
0.36980700492858887
0.5555130243301392
0.35911399126052856
0.5619869828224182
0.34842100739479065
0.568461000919342
0.3407689929008484
0.5585780143737793
0.33311599493026733
0.5486940145492554
0.32546401023864746
0.5388100147247314
0.3178119957447052
0.5289260149002075
0.31015899777412415
0.5190420150756836
0.3025070130825043
0.5091580152511597
0.294854998588562
0.49927398562431335
0.28720200061798096
0.48938998579978943
0.2849690020084381
0.4770910143852234
0.28273600339889526
0.46479201316833496
0.2805030047893524
0.45249301195144653
0.2782689929008484
0.4401949942111969
0.27603599429130554
0.42789599299430847
0.2738029956817627
0.41559699177742004
0.27156901359558105
0.4032979905605316
0.2693359851837158
0.3909989893436432
0.25719699263572693
0.39398300647735596
0.24505899846553802
0.3969680070877075
0.23292000591754913
0.3999519944190979
0.22078199684619904
0.40293601155281067
0.20864300429821014
0.40591999888420105
0.19650499522686005
0.40890398621559143
0.18436600267887115
0.411888986825943
0.17222799360752106
0.41487300395965576
0.16047100722789764
0.41776299476623535
0.14871500432491302
0.42065298557281494
0.1369590014219284
0.4235430061817169
