0.5364059805870056
0.812749981880188
0.544966995716095
0.8036419749259949
0.5535269975662231
0.7945330142974854
0.5620880126953125
0.785423994064331
0.5706480145454407
0.7763159871101379
0.5792080163955688
0.7672070264816284
0.5877689719200134
0.7580980062484741
0.5963289737701416
0.7489889860153198
0.604889988899231
0.7398809790611267
0.5937190055847168
0.7454900145530701
0.582548975944519
0.7511000037193298
0.5713779926300049
0.7567099928855896
0.5602080225944519
0.7623199820518494
0.549036979675293
0.7679290175437927
0.53786700963974
0.7735390067100525
0.5266960263252258
0.7791489958763123
0.5155259966850281
0.784758985042572
0.5030930042266846
0.7834600210189819
0.49066099524497986
0.7821609973907471
0.47822898626327515
0.7808619737625122
0.46579599380493164
0.7795630097389221
0.4533640146255493
0.7782639861106873
0.4409320056438446
0.7769650220870972
0.4284990131855011
0.7756659984588623
0.4160670042037964
0.7743669748306274
0.40747401118278503
0.7652879953384399
0.3988820016384125
0.7562100291252136
0.3902890086174011
0.7471309900283813
0.38169699907302856
0.738053023815155
0.3731040060520172
0.7289749979972839
0.36451199650764465
0.7198960185050964
0.3559190034866333
0.7108179926872253
0.34732699394226074
0.7017390131950378
0.33487701416015625
0.7028589844703674
0.32242700457572937
0.7039780020713806
0.30997800827026367
0.7050979733467102
0.2975279986858368
0.7062180042266846
0.2850779891014099
0.7073379755020142
0.2726280093193054
0.7084569931030273
0.2601790130138397
0.7095770239830017
0.24772900342941284
0.7106969952583313
0.24329699575901031
0.6990090012550354
0.23886500298976898
0.6873210072517395
0.23443299531936646
0.6756330132484436
0.23000100255012512
0.6639450192451477
0.22556999325752258
0.6522570252418518
0.22113800048828125
0.6405689716339111
0.21670599281787872
0.6288809776306152
0.2122740000486374
0.6171929836273193
0.21455900371074677
0.6049039959907532
0.21684400737285614
0.5926139950752258
0.21912899613380432
0.5803250074386597
0.2214139997959137
0.5680350065231323
0.22369900345802307
0.5557460188865662
0.22598400712013245
0.5434569716453552
0.22826999425888062
0.5311669707298279
0.23055499792099
0.5188779830932617
0.2280540019273758
0.5066310167312622
0.2255530059337616
0.4943830072879791
0.2230529934167862
0.4821360111236572
0.220551997423172
0.46988898515701294
0.2180510014295578
0.45764198899269104
0.2155500054359436
0.44539400935173035
0.2130499929189682
0.43314701318740845
0.210548996925354
0.42089998722076416
0.19822600483894348
0.41880398988723755
0.18590299785137177
0.41670799255371094
0.17358000576496124
0.4146119952201843
0.16125699877738953
0.4125159978866577
0.148934006690979
0.4104200005531311
0.1366109997034073
0.4083240032196045
0.12428800016641617
0.4062280058860779
0.11196500062942505
0.40413200855255127
0.11285199970006943
0.3916639983654022
0.1137389987707138
0.3791950047016144
0.1146249994635582
0.36672699451446533
0.11551199853420258
0.3542580008506775
0.11639899760484695
0.34178999066352844
0.11728599667549133
0.3293209969997406
0.11817300319671631
0.31685298681259155
0.11906000226736069
0.3043839931488037
0.1221190020442009
0.29226401448249817
0.1251779943704605
0.28014400601387024
0.12823699414730072
0.2680239975452423
0.13129499554634094
0.2559039890766144
0.13435399532318115
0.24378399550914764
0.13741299510002136
0.2316640019416809
0.14047199487686157
0.21954399347305298
0.14353099465370178
0.20742499828338623
0.14125800132751465
0.1951330006122589
0.13898499310016632
0.1828410029411316
0.1367110013961792
0.17055000364780426
0.13443799316883087
0.15825800597667694
0.13216499984264374
0.1459670066833496
0.1298920065164566
0.1336749941110611
0.12761899828910828
0.12138400226831436
0.12534600496292114
0.10909199714660645
0.137814000248909
0.10998400300741196
0.15028199553489685
0.11087600141763687
0.1627500057220459
0.11176799982786179
0.17521800100803375
0.11265899986028671
0.1876859962940216
0.11355099827051163
0.20015500485897064
0.11444299668073654
0.2126230001449585
0.11533500254154205
0.22509099543094635
0.11622700095176697
0.22811199724674225
0.10801800340414047
