0.26070699095726013
0.6529309749603271
0.2720949947834015
0.6477770209312439
0.28348299860954285
0.642624020576477
0.294871985912323
0.6374710202217102
0.30625998973846436
0.6323170065879822
0.3176479935646057
0.6271640062332153
0.32903599739074707
0.6220099925994873
0.3404250144958496
0.6168569922447205
0.3518129885196686
0.6117029786109924
0.3405719995498657
0.6062359809875488
0.32933101058006287
0.6007680296897888
0.3180899918079376
0.5953009724617004
0.30684900283813477
0.5898330211639404
0.2956089973449707
0.5843660235404968
0.28436800837516785
0.5788990259170532
0.2731269896030426
0.5734310150146484
0.26188600063323975
0.5679640173912048
0.2565540075302124
0.5566580295562744
0.25122201442718506
0.5453519821166992
0.24588899314403534
0.53404700756073
0.240557000041008
0.5227410197257996
0.23522500693798065
0.5114359855651855
0.22989200055599213
0.5001299977302551
0.2245599925518036
0.4888240098953247
0.21922799944877625
0.4775190055370331
0.22594599425792694
0.46697700023651123
0.23266300559043884
0.45643600821495056
0.23938100039958954
0.4458940029144287
0.24609899520874023
0.43535301089286804
0.2528170049190521
0.424811989068985
0.259535014629364
0.4142700135707855
0.2662520110607147
0.40372899174690247
0.2729699909687042
0.3931869864463806
0.2854459881782532
0.39396798610687256
0.2979219853878021
0.3947480022907257
0.3103969991207123
0.39552900195121765
0.32287299633026123
0.3963089883327484
0.3353480100631714
0.39708900451660156
0.34782400727272034
0.3978700041770935
0.3603000044822693
0.39864999055862427
0.37277498841285706
0.3994309902191162
0.37234601378440857
0.3869380056858063
0.3719170093536377
0.37444499135017395
0.37148699164390564
0.3619529902935028
0.37105798721313477
0.34946000576019287
0.3706279993057251
0.33696800470352173
0.3701989948749542
0.3244749903678894
0.36976999044418335
0.31198200583457947
0.3693400025367737
0.2994900047779083
0.36080899834632874
0.290353000164032
0.3522779941558838
0.2812170088291168
0.34374698996543884
0.2720809876918793
0.3352159857749939
0.2629449963569641
0.32668501138687134
0.25380799174308777
0.3181540071964264
0.2446720004081726
0.30962300300598145
0.23553599417209625
0.3010919988155365
0.2263990044593811
0.29206201434135437
0.2177560031414032
0.28303200006484985
0.2091130018234253
0.27400198578834534
0.2004700005054474
0.2649720013141632
0.1918260008096695
0.2559419870376587
0.1831829994916916
0.24691100418567657
0.17453999817371368
0.23788100481033325
0.1658959984779358
0.22885100543498993
0.15725299715995789
0.21636700630187988
0.15788500010967255
0.20388300716876984
0.1585180014371872
0.1913989931344986
0.15915000438690186
0.17891499400138855
0.15978200733661652
0.1664309948682785
0.16041399538516998
0.15394699573516846
0.16104699671268463
0.1414629966020584
0.1616789996623993
0.12897899746894836
0.16231100261211395
0.14003099501132965
0.15647199749946594
0.15108400583267212
0.15063199400901794
0.1621360033750534
0.14479300379753113
0.1731880009174347
0.13895300030708313
0.18423999845981598
0.13311399519443512
0.19529199600219727
0.12727400660514832
0.20634399354457855
0.1214350014925003
0.21739600598812103
0.11559499800205231
0.22793300449848175
0.1088699996471405
0.23847000300884247
0.1021450012922287
0.24900700151920319
0.0954200029373169
0.2595439851284027
0.0886949971318245
0.27008000016212463
0.08196999877691269
0.28061699867248535
0.07524490356445312
0.29115399718284607
0.06851989775896072
0.3016909956932068
0.06179489940404892
0.3141910135746002
0.061713799834251404
0.3266899883747101
0.06163270026445389
0.3391900062561035
0.06155160069465637
0.35168999433517456
0.0614704005420208
0.3641889989376068
0.06138930097222328
0.37668898701667786
0.061308201402425766
0.3891890048980713
0.06122710183262825
0.40168899297714233
0.061145998537540436
0.406343013048172
0.07274699956178665
0.41099798679351807
0.08434809744358063
0.4156529903411865
0.09594909846782684
0.4203070104122162
0.1075500026345253
0.42496201395988464
0.11915100365877151
0.4296169877052307
0.13075199723243713
0.4342710077762604
0.14235299825668335
0.43892601132392883
0.15395399928092957
0.4502910077571869
0.15915900468826294
0.46165600419044495
0.16436299681663513
0.473021000623703
0.16956700384616852
0.48438701033592224
0.1747709959745407
0.4957520067691803
0.1799750030040741
0.507116973400116
0.18517999351024628
0.5184820294380188
0.19038400053977966
0.5298470258712769
0.19558799266815186
0.5422829985618591
0.19432300329208374
0.5547189712524414
0.19305799901485443
0.5671550035476685
0.1917939931154251
0.5795900225639343
0.190529003739357
0.5920259952545166
0.18926399946212769
0.6044620275497437
0.18799899518489838
0.6168980002403259
0.18673400580883026
0.6293339729309082
0.18546999990940094
0.6417289972305298
0.18385200202465057
0.6541230082511902
0.1822340041399002
0.666517972946167
0.18061600625514984
0.6789129972457886
0.17899799346923828
0.6913080215454102
0.17737999558448792
0.703702986240387
0.17576199769973755
0.7160980105400085
0.17414399981498718
0.7284929752349854
0.17252600193023682
0.7285150289535522
0.15951700508594513
0.7285370230674744
0.14650699496269226
0.7285590171813965
0.13349799811840057
0.7285810112953186
0.1204880028963089
0.7286030054092407
0.10747800022363663
0.728626012802124
0.09446889907121658
