0.1868090033531189
0.5708580017089844
0.1832910031080246
0.5588629841804504
0.1797720044851303
0.5468689799308777
0.17625300586223602
0.5348740220069885
0.17273400723934174
0.5228800177574158
0.16921499371528625
0.5108850002288818
0.16569599509239197
0.4988909959793091
0.16217699646949768
0.48689600825309753
0.1586579978466034
0.4749020040035248
0.16396500170230865
0.4635840058326721
0.16927200555801392
0.45226699113845825
0.17457899451255798
0.4409489929676056
0.17988599836826324
0.4296320080757141
0.18519200384616852
0.41831400990486145
0.19049899280071259
0.4069969952106476
0.19580599665641785
0.3956789970397949
0.2011130005121231
0.38436099886894226
0.20642000436782837
0.3730440139770508
0.21172699332237244
0.36172598600387573
0.2170339971780777
0.35040900111198425
0.22234100103378296
0.3390910029411316
0.22764800488948822
0.3277739882469177
0.2329539954662323
0.31645599007606506
0.23826099932193756
0.3051390051841736
0.24356800317764282
0.2938210070133209
0.24924099445343018
0.2817240059375763
0.25491300225257874
0.2696259915828705
