0.9429479837417603
0.8294299840927124
0.9305379986763
0.8279309868812561
0.9181280136108398
0.8264319896697998
0.9057180285453796
0.8249329924583435
0.8933079838752747
0.8234350085258484
0.8808979988098145
0.8219360113143921
0.8684890270233154
0.8204370141029358
0.8560789823532104
0.8189389705657959
0.8436689972877502
0.8174399733543396
0.8442829847335815
0.804955005645752
0.8448969721794128
0.7924699783325195
0.8455110192298889
0.7799850106239319
0.8461250066757202
0.7674999833106995
0.8467389941215515
0.7550150156021118
0.8473529815673828
0.7425299882888794
0.8479670286178589
0.7300450205802917
0.8485810160636902
0.7175610065460205
0.8361619710922241
0.7161449790000916
0.8237419724464417
0.7147290110588074
0.8113219738006592
0.7133139967918396
0.7989029884338379
0.7118980288505554
0.7864829897880554
0.7104820013046265
0.7740640044212341
0.7090669870376587
0.7616440057754517
0.7076510190963745
0.7492250204086304
0.7062349915504456
0.746749997138977
0.6939830183982849
0.7442759871482849
0.6817299723625183
0.7418010234832764
0.6694779992103577
0.7393270134925842
0.6572250127792358
0.7368519902229309
0.644972026348114
0.7343779802322388
0.6327199935913086
0.7319030165672302
0.6204670071601868
0.7294290065765381
0.6082140207290649
0.71915602684021
0.6010919809341431
0.7088840007781982
0.593970000743866
0.6986119747161865
0.5868480205535889
0.6883389949798584
0.5797250270843506
0.6780670285224915
0.5726029872894287
0.6677939891815186
0.5654810070991516
0.6575220227241516
0.5583590269088745
0.6472489833831787
0.5512359738349915
0.6348789930343628
0.5530359745025635
0.6225100159645081
0.5548359751701355
0.6101400256156921
0.5566359758377075
0.5977699756622314
0.5584359765052795
0.5853999853134155
0.5602350234985352
0.5730310082435608
0.5620350241661072
0.5606610178947449
0.5638350248336792
0.548291027545929
0.5656350255012512
0.5357909798622131
0.5657110214233398
0.5232920050621033
0.5657879710197449
0.5107920169830322
0.5658649802207947
0.4982919991016388
0.5659409761428833
0.48579201102256775
0.5660179853439331
0.4732930064201355
0.5660939812660217
0.46079298853874207
0.5661709904670715
0.448293000459671
0.5662469863891602
0.4442330002784729
0.5780699849128723
0.4401730000972748
0.5898920297622681
0.43611299991607666
0.601714015007019
0.43205299973487854
0.6135370135307312
0.4279940128326416
0.6253589987754822
0.4239340126514435
0.6371809840202332
0.41987401247024536
0.6490039825439453
0.41581401228904724
0.6608260273933411
0.41069701313972473
0.6722310185432434
0.4055800139904022
0.6836349964141846
0.4004630148410797
0.6950399875640869
0.395345002412796
0.7064440250396729
0.3902280032634735
0.7178490161895752
0.385111004114151
0.7292540073394775
0.3799940049648285
0.7406579852104187
0.374877005815506
0.752062976360321
0.37040600180625916
0.7612659931182861
