0.3997589945793152
0.0416329987347126
0.388945996761322
0.04790379852056503
0.3781319856643677
0.054174598306417465
0.3673189878463745
0.060445401817560196
0.35650599002838135
0.06671620160341263
0.3456929922103882
0.07298699766397476
0.3348790109157562
0.07925780117511749
0.32406601309776306
0.08552850037813187
0.3132529854774475
0.091799296438694
0.3197610080242157
0.1024710014462471
0.3262690007686615
0.11314299702644348
0.3327780067920685
0.12381500005722046
0.3392859995365143
0.13448700308799744
0.34579500555992126
0.14515900611877441
0.35230299830436707
0.1558309942483902
0.35881099104881287
0.16650299727916718
0.36531999707221985
0.17717500030994415
0.3630639910697937
0.18946999311447144
0.36080899834632874
0.2017650008201599
0.3585529923439026
0.2140599936246872
0.3562979996204376
0.22635400295257568
0.3540419936180115
0.23864899575710297
0.3517870008945465
0.25094398856163025
0.34953099489212036
0.2632389962673187
0.3472760021686554
0.2755340039730072
0.34476301074028015
0.2877790033817291
0.3422499895095825
0.30002298951148987
0.3397369980812073
0.3122679889202118
0.33722400665283203
0.3245129883289337
0.3347109854221344
0.33675798773765564
0.33219799399375916
0.34900200366973877
0.3296850025653839
0.3612470030784607
0.32717201113700867
0.3734920024871826
0.3153110146522522
0.3774380087852478
0.30344998836517334
0.3813830018043518
0.29158899188041687
0.385329008102417
0.2797279953956604
0.3892750144004822
0.26786699891090393
0.393220990896225
0.25600600242614746
0.39716601371765137
0.244145005941391
0.40111199021339417
0.23228399455547333
0.40505799651145935
0.22481000423431396
0.39498698711395264
0.2173359990119934
0.3849169909954071
0.20986099541187286
0.3748460114002228
0.2023870050907135
0.36477500200271606
0.19491299986839294
0.35470500588417053
0.1874379962682724
0.3446339964866638
