0.9158639907836914
0.5405750274658203
0.9033780097961426
0.5411630272865295
0.8908920288085938
0.5417510271072388
0.878404974937439
0.542339026927948
0.8659189939498901
0.5429270267486572
0.8534330129623413
0.5435150265693665
0.8409469723701477
0.5441030263900757
0.8284609913825989
0.5446919798851013
0.81597501039505
0.5452799797058105
0.8043569922447205
0.549892008304596
0.7927389740943909
0.5545039772987366
0.781121015548706
0.559116005897522
0.7695019841194153
0.5637279748916626
0.7578840255737305
0.568340003490448
0.7462660074234009
0.5729519724845886
0.7346479892730713
0.577564001083374
0.7230299711227417
0.5821760296821594
0.7110260128974915
0.5856630206108093
0.6990230083465576
0.589148998260498
0.6870189905166626
0.592635989189148
0.6750149726867676
0.5961229801177979
0.6630110144615173
0.5996099710464478
0.6510069966316223
0.6030970215797424
0.6390029788017273
0.6065829992294312
0.626999020576477
0.610069990158081
0.6158750057220459
0.6157699823379517
0.6047499775886536
0.6214699745178223
0.593625009059906
0.6271700263023376
0.5825009942054749
0.6328700184822083
0.5713760256767273
0.6385700106620789
0.560250997543335
0.6442700028419495
0.5491260290145874
0.6499699950218201
0.5380020141601562
0.6556699872016907
0.5490360260009766
0.6615430116653442
0.5600709915161133
0.6674150228500366
0.5711060166358948
0.6732879877090454
0.5821400284767151
0.6791599988937378
0.5931749939918518
0.6850330233573914
0.6042100191116333
0.690904974937439
0.6152439713478088
0.6967779994010925
0.6262789964675903
0.7026500105857849
0.6170480251312256
0.7103869915008545
0.6078169941902161
0.7181239724159241
0.5985860228538513
0.7258610129356384
0.5893549919128418
0.733597993850708
0.580124020576477
0.7413349747657776
