0.30347099900245667
0.8299890160560608
0.3072420060634613
0.8180710077285767
0.31101199984550476
0.8061529994010925
0.3147819936275482
0.7942360043525696
0.31855300068855286
0.7823179960250854
0.3223229944705963
0.7703999876976013
0.32609298825263977
0.7584819793701172
0.3298639953136444
0.7465639710426331
0.33363398909568787
0.7346469759941101
0.3269839882850647
0.7240620255470276
0.32033398747444153
0.7134780287742615
0.31368398666381836
0.7028939723968506
0.3070339858531952
0.6923090219497681
0.3003840148448944
0.681725025177002
0.29373401403427124
0.6711410284042358
0.28708401322364807
0.6605560183525085
0.2804340124130249
0.6499720215797424
0.2765049934387207
0.6381059885025024
0.2725760042667389
0.626239001750946
0.2686469852924347
0.6143730282783508
0.2647179961204529
0.6025059819221497
0.26078900694847107
0.5906400084495544
0.25685998797416687
0.578773021697998
0.25293099880218506
0.5669069886207581
0.24900099635124207
0.5550410151481628
0.23702600598335266
0.5509480237960815
0.22505100071430206
0.5468559861183167
