0.2587060034275055
0.5580319762229919
0.2704490125179291
0.5537490248680115
0.2821919918060303
0.5494660139083862
0.29393601417541504
0.545183002948761
0.30567899346351624
0.5408999919891357
0.3174220025539398
0.5366160273551941
0.3291650116443634
0.5323330163955688
0.3409090042114258
0.5280500054359436
0.35265201330184937
0.5237669944763184
0.35853099822998047
0.5127360224723816
0.36441001296043396
0.5017049908638
0.37028899788856506
0.4906730055809021
0.3761669993400574
0.47964200377464294
0.38204601407051086
0.4686110019683838
0.38792499899864197
0.45758000016212463
0.39380401372909546
0.4465480148792267
0.39968299865722656
0.43551701307296753
0.3957749903202057
0.4236440062522888
0.3918670117855072
0.4117699861526489
0.38795900344848633
0.3998970091342926
0.38405200839042664
0.3880229890346527
0.38014400005340576
0.3761500120162964
0.3762359917163849
0.3642759919166565
0.3723280131816864
0.35240301489830017
0.3684200048446655
0.3405289947986603
0.36681699752807617
0.3281329870223999
0.365213006734848
0.31573599576950073
0.3636089861392975
0.30333900451660156
0.3620060086250305
0.2909429967403412
0.36040198802948
0.278546005487442
0.35879799723625183
0.26614901423454285
0.3571949899196625
0.2537519931793213
0.3555909991264343
0.2413560003042221
0.35985100269317627
0.22960400581359863
0.364111989736557
0.21785299479961395
0.36837199330329895
0.20610100030899048
0.3726330101490021
0.194350004196167
0.376893013715744
0.18259799480438232
0.3811529874801636
0.17084600031375885
0.3854140043258667
0.15909500420093536
0.38967400789260864
0.1473429948091507
0.3762339949607849
0.14332899451255798
0.3627929985523224
0.13931499421596527
0.34935200214385986
0.13529999554157257
0.33591198921203613
0.13128599524497986
0.3224709928035736
0.12727199494838715
0.30903100967407227
0.12325700372457504
