0.8083189725875854
0.4950540065765381
0.8206449747085571
0.4971359968185425
0.8329700231552124
0.4992179870605469
0.8452950119972229
0.5013009905815125
0.8576210141181946
0.5033829808235168
0.8699460029602051
0.5054649710655212
0.8822709918022156
0.5075470209121704
0.8945969939231873
0.5096290111541748
0.9069219827651978
0.5117110013961792
0.9114729762077332
0.5000690221786499
0.9160230159759521
0.4884270131587982
0.9205740094184875
0.47678399085998535
0.9251239895820618
0.46514201164245605
0.9296749830245972
0.45350000262260437
0.9342259764671326
0.4418570101261139
0.9387760162353516
0.4302150011062622
0.943327009677887
0.4185729920864105
0.9309790134429932
0.41662898659706116
0.9186310172080994
0.414685994386673
0.9062830209732056
0.4127419888973236
0.8939350247383118
0.4107989966869354
0.881587028503418
0.40885499119758606
0.8692389726638794
0.4069119989871979
0.8568909764289856
0.4049679934978485
0.8445429801940918
0.4030250012874603
0.8320469856262207
0.4033359885215759
0.8195509910583496
0.4036470055580139
0.8070549964904785
0.4039579927921295
0.7945579886436462
0.4042699933052063
0.7820619940757751
0.4045810103416443
0.769565999507904
0.4048919975757599
0.757070004940033
0.4052030146121979
0.7445740103721619
0.4055140018463135
0.7422130107879639
0.39323899149894714
0.7398509979248047
0.3809640109539032
0.7374899983406067
0.36868900060653687
0.7351289987564087
0.35641399025917053
0.7327679991722107
0.3441390097141266
0.7304069995880127
0.33186399936676025
0.7280449867248535
0.3195889890193939
0.7256839871406555
0.30731400847435
0.7381150126457214
0.30600398778915405
0.7505459785461426
0.3046939969062805
0.7629780173301697
0.3033829927444458
0.7754089832305908
0.30207300186157227
0.7878400087356567
0.30076199769973755
0.8002709746360779
0.299452006816864
0.8127020001411438
0.2981410026550293
0.8251330256462097
0.29683101177215576
0.8374689817428589
0.2988489866256714
0.8498049974441528
0.3008669912815094
0.8621410131454468
0.3028849959373474
0.8744770288467407
0.30490198731422424
0.8868129849433899
0.30691999197006226
0.8991490006446838
0.30893799662590027
0.911486029624939
0.3109560012817383
0.9238219857215881
0.3129740059375763
0.9180139899253845
0.3035399913787842
