0.5420439839363098
0.11365500092506409
0.5478450059890747
0.1247280016541481
0.5536460280418396
0.13580100238323212
0.5594459772109985
0.14687299728393555
0.5652469992637634
0.15794600546360016
0.5710470080375671
0.16901899874210358
0.5768479704856873
0.180090993642807
0.582647979259491
0.19116400182247162
0.5884490013122559
0.20223699510097504
0.5949550271034241
0.212909996509552
0.6014609932899475
0.22358299791812897
0.6079670190811157
0.23425699770450592
0.6144729852676392
0.24492999911308289
0.6209790110588074
0.25560399889945984
0.6274849772453308
0.2662769854068756
0.633991003036499
0.27695098519325256
0.6404970288276672
0.2876240015029907
0.6507700085639954
0.29474499821662903
0.6610429883003235
0.30186599493026733
0.6713160276412964
0.30898699164390564
0.6815900206565857
0.31610798835754395
0.6918630003929138
0.32322901487350464
0.7021359801292419
0.33035099506378174
0.7124099731445312
0.33747199177742004
0.7226830124855042
0.34459298849105835
0.7294520139694214
0.35510098934173584
0.7362210154533386
0.3656100034713745
0.7429900169372559
0.3761189877986908
0.7497590184211731
0.3866269886493683
0.7565280199050903
0.39713600277900696
0.7632970213890076
0.40764400362968445
0.7700660228729248
0.41815298795700073
0.776835024356842
0.4286620020866394
0.7773609757423401
0.4411500096321106
0.7778880000114441
0.4536390006542206
0.7784140110015869
0.46612799167633057
0.7789409756660461
0.47861701250076294
0.779466986656189
0.4911060035228729
0.779994010925293
0.5035949945449829
0.7805200219154358
0.5160840153694153
0.781046986579895
0.5285729765892029
0.7878140211105347
0.5404099822044373
0.7945820093154907
0.5522469878196716
0.8013489842414856
0.564083993434906
0.8081160187721252
0.5759209990501404
