0.6736630201339722
0.06787180155515671
0.6734529733657837
0.08037000149488449
0.6732419729232788
0.09286820143461227
0.6730309724807739
0.10536599904298782
0.672819972038269
0.11786500364542007
0.6726099848747253
0.13036300241947174
0.6723989844322205
0.1428609937429428
0.6721879839897156
0.15535899996757507
0.6719769835472107
0.16785800457000732
0.6722040176391602
0.1803559958934784
0.6724309921264648
0.19285300374031067
0.6726570129394531
0.20535099506378174
0.6728839874267578
0.217849001288414
0.6731110215187073
0.23034699261188507
0.673337996006012
0.24284499883651733
0.6735640168190002
0.2553429901599884
0.6737909913063049
0.26784101128578186
0.6735690236091614
0.28033900260925293
0.673346996307373
0.292836993932724
0.6731240153312683
0.30533498525619507
0.67290198802948
0.3178330063819885
0.6726800203323364
0.3303309977054596
0.6724579930305481
0.34282898902893066
0.6722360253334045
0.3553270101547241
0.672012984752655
0.3678250014781952
0.6831889748573303
0.36455899477005005
0.6943640112876892
0.3612929880619049
0.7055400013923645
0.35802701115608215
0.7167159914970398
0.354761004447937
