0.14432300627231598
0.1294430047273636
0.1524379998445511
0.13895100355148315
0.1605519950389862
0.14845900237560272
0.1686670035123825
0.1579670011997223
0.17678199708461761
0.16747500002384186
0.18489600718021393
0.1769839972257614
0.19301100075244904
0.18649199604988098
0.20112499594688416
0.19599999487400055
0.20924000442028046
0.20550799369812012
0.22139599919319153
0.20841899514198303
0.23355300724506378
0.21132899820804596
0.24570900201797485
0.21423999965190887
0.2578650116920471
0.2171510010957718
0.2700220048427582
0.2200620025396347
0.28217801451683044
0.22297200560569763
0.2943350076675415
0.22588300704956055
0.3064909875392914
0.22879399359226227
0.31877899169921875
0.23108799755573273
0.3310660123825073
0.23338299989700317
0.3433539867401123
0.23567700386047363
0.3556410074234009
0.23797200620174408
0.36792901158332825
0.24026599526405334
0.3802169859409332
0.2425609976053238
0.3925040066242218
0.24485500156879425
0.40479201078414917
0.2471490055322647
0.40536800026893616
0.2596360146999359
0.40594300627708435
0.2721230089664459
0.40651899576187134
0.28461000323295593
0.4070949852466583
0.29709601402282715
0.4076710045337677
0.30958300828933716
0.4082460105419159
0.32207000255584717
0.4088220000267029
0.3345569968223572
0.40939798951148987
0.3470430076122284
0.4030340015888214
0.3583869934082031
0.3966690003871918
0.36972999572753906
0.3903050124645233
0.3810740113258362
0.38394099473953247
0.3924170136451721
