0.5585409998893738
0.6911609768867493
0.5463039875030518
0.6937100291252136
0.5340669751167297
0.6962590217590332
0.5218300223350525
0.698809027671814
0.5095919966697693
0.7013580203056335
0.49735501408576965
0.7039070129394531
0.48511800169944763
0.7064570188522339
0.4728809893131256
0.7090060114860535
0.4606429934501648
0.711555004119873
0.44928300380706787
0.7167710065841675
0.43792301416397095
0.7219859957695007
0.42656299471855164
0.727200984954834
0.4152030050754547
0.7324169874191284
0.4038429856300354
0.7376319766044617
0.3924829959869385
0.7428479790687561
0.38112300634384155
0.7480630278587341
0.36976298689842224
0.7532789707183838
0.3585990071296692
0.7476570010185242
0.34743401408195496
0.7420349717140198
0.3362700045108795
0.7364140152931213
0.3251050114631653
0.7307919859886169
0.31394100189208984
0.7251700162887573
0.3027760088443756
0.7195490002632141
0.291610985994339
0.7139269709587097
0.28044700622558594
0.7083050012588501
0.27085399627685547
0.7163199782371521
0.261260986328125
0.7243340015411377
0.2516680061817169
0.7323480248451233
0.24207599461078644
0.7403619885444641
0.23248299956321716
0.7483760118484497
0.2228900045156479
0.7563909888267517
0.21329699456691742
0.7644050121307373
0.20370399951934814
0.7724189758300781
0.19582200050354004
0.7618290185928345
0.18794000148773193
0.7512379884719849
0.18005800247192383
0.7406479716300964
