0.8606330156326294
0.48568299412727356
0.8511530160903931
0.47753599286079407
0.8416720032691956
0.4693889915943146
0.8321920037269592
0.4612419903278351
0.8227120041847229
0.4530949890613556
0.8132309913635254
0.4449479877948761
0.8037509918212891
0.4368009865283966
0.7942709922790527
0.4286539852619171
0.7847899794578552
0.42050701379776
0.7727169990539551
0.4172689914703369
0.7606440186500549
0.414029985666275
0.74857097864151
0.4107919931411743
0.7364969849586487
0.4075540006160736
0.7244240045547485
0.4043160080909729
0.7123510241508484
0.4010779857635498
0.7002779841423035
0.3978390097618103
0.6882039904594421
0.3946009874343872
0.6758869886398315
0.39673200249671936
0.663569986820221
0.3988629877567291
0.6512529850006104
0.4009929895401001
0.6389359831809998
0.40312400460243225
0.6266189813613892
0.405254989862442
0.6143019795417786
0.40738600492477417
0.601984977722168
0.40951600670814514
0.5896679759025574
0.4116469919681549
0.5778459906578064
0.407586008310318
0.5660240054130554
0.4035260081291199
0.5542020201683044
0.39946499466896057
0.5423799753189087
0.39540401101112366
0.5305579900741577
0.39134401082992554
0.5187360048294067
0.38728299736976624
0.5069140195846558
0.3832220137119293
0.4950920045375824
0.37916100025177
0.496845006942749
0.3667849898338318
0.49859899282455444
0.35440900921821594
0.5003529787063599
0.34203198552131653
0.5021070241928101
0.3296560049057007
0.5038610100746155
0.31727999448776245
0.5056139826774597
0.3049030005931854
0.5073680281639099
0.2925269901752472
0.5091220140457153
0.28015100955963135
0.5070120096206665
0.2673819959163666
0.5049020051956177
0.2546130120754242
0.5027920007705688
0.24184399843215942
