0.8013430237770081
0.05496269837021828
0.8010879755020142
0.06746009737253189
0.8008319735527039
0.0799575001001358
0.8005769848823547
0.09245490282773972
0.8003219962120056
0.10495200008153915
0.8000659942626953
0.11744999885559082
0.7998110055923462
0.1299470067024231
0.7995560169219971
0.14244399964809418
0.7993000149726868
0.15494200587272644
0.7985190153121948
0.1674170047044754
0.7977390289306641
0.17989300191402435
0.7969580292701721
0.1923689991235733
0.7961770296096802
0.20484399795532227
0.7953959703445435
0.21731999516487122
0.7946159839630127
0.22979499399662018
0.7938349843025208
0.24227100610733032
0.7930539846420288
0.2547470033168793
0.7813559770584106
0.25905001163482666
0.7696580290794373
0.26335400342941284
0.7579600214958191
0.267657995223999
0.7462620139122009
0.2719619870185852
0.7345640063285828
0.2762660086154938
