0.9063860177993774
0.26688501238822937
0.9005600214004517
0.27794399857521057
0.8947340250015259
0.28900301456451416
0.8889070153236389
0.30006200075149536
0.8830810189247131
0.31112098693847656
0.8772550225257874
0.32218000292778015
0.8714280128479004
0.33323898911476135
0.8656020164489746
0.34429800510406494
0.8597760200500488
0.3553580045700073
0.856419026851654
0.3673979938030243
0.8530619740486145
0.37943899631500244
0.8497049808502197
0.3914799988269806
0.8463490009307861
0.40352100133895874
0.8429920077323914
0.4155620038509369
0.8396350145339966
0.42760300636291504
0.8362789750099182
0.4396440088748932
0.8329219818115234
0.45168501138687134
0.8292179703712463
0.4636229872703552
0.8255130052566528
0.4755620062351227
0.8218089938163757
0.48750001192092896
0.8181040287017822
0.49943798780441284
0.8144000172615051
0.5113769769668579
0.810696005821228
0.5233150124549866
0.8069909811019897
0.5352540016174316
0.8032870292663574
0.5471919775009155
0.8008400201797485
0.5594509840011597
0.7983940243721008
0.5717089772224426
0.7959480285644531
0.5839669704437256
0.7935019731521606
0.5962259769439697
0.7910559773445129
0.6084840297698975
0.7886099815368652
0.6207420229911804
0.7861629724502563
0.6330010294914246
0.7837169766426086
0.6452590227127075
0.7805430293083191
0.6573489904403687
0.7773690223693848
0.6694390177726746
0.7741950154304504
0.6815299987792969
0.7710210084915161
0.6936200261116028
0.7678470015525818
0.7057099938392639
0.7646729946136475
0.7178009748458862
0.761497974395752
0.7298910021781921
0.7583240270614624
0.741981029510498
0.7608669996261597
0.7542200088500977
0.7634099721908569
0.7664579749107361
0.765953004360199
0.7786970138549805
0.7684950232505798
0.7909359931945801
0.7710379958152771
0.8031740188598633
0.7735810279846191
0.8154129981994629
0.7761240005493164
0.8276519775390625
0.7786660194396973
0.8398900032043457
0.7724859714508057
0.8496469855308533
0.7663059830665588
0.8594030141830444
