0.24634799361228943
0.7477189898490906
0.2477719932794571
0.7353010177612305
0.24919599294662476
0.7228819727897644
0.2506200075149536
0.7104640007019043
0.2520439922809601
0.698045015335083
0.25346800684928894
0.6856259703636169
0.2548919916152954
0.6732079982757568
0.25631600618362427
0.6607890129089355
0.25773900747299194
0.6483700275421143
0.2464749962091446
0.642952024936676
0.23521000146865845
0.6375330090522766
0.2239460051059723
0.6321150064468384
0.21268099546432495
0.626695990562439
0.2014169991016388
0.6212779879570007
0.19015200436115265
0.6158589720726013
0.1788879930973053
0.6104400157928467
0.16762299835681915
0.6050220131874084
0.1673399955034256
0.5925250053405762
0.16705599427223206
0.5800279974937439
0.1667730063199997
0.5675309896469116
0.16648900508880615
0.5550349950790405
0.1662050038576126
0.5425379872322083
0.16592200100421906
0.530040979385376
0.1656379997730255
0.5175439715385437
0.16535499691963196
0.5050479769706726
0.173117995262146
0.49525099992752075
0.18088200688362122
0.4854550063610077
0.18864600360393524
0.47565799951553345
0.19641000032424927
0.4658620059490204
0.2041739970445633
0.45606499910354614
0.21193799376487732
0.4462690055370331
0.21970200538635254
0.43647199869155884
0.22746600210666656
0.4266760051250458
0.23910099267959595
0.42210501432418823
0.25073501467704773
0.4175350069999695
0.2623699903488159
0.41296499967575073
0.2740040123462677
0.408394992351532
0.2856389880180359
0.4038250148296356
0.29727399349212646
0.39925500750541687
0.30890798568725586
0.3946850001811981
0.32054299116134644
0.39011499285697937
0.3190850019454956
0.37770000100135803
0.3176270127296448
0.3652859926223755
0.31616899371147156
0.35287100076675415
0.3147110044956207
0.3404560089111328
0.3132539987564087
0.3280409872531891
0.31179600954055786
0.31562700867652893
0.31033799052238464
0.3032119870185852
0.3088800013065338
0.29079699516296387
0.3011319935321808
0.28098800778388977
0.29338499903678894
0.2711789906024933
0.2856369912624359
0.261368989944458
0.2778890132904053
0.2515600025653839
0.27014198899269104
0.24175100028514862
0.2623940110206604
0.23194099962711334
0.2546460032463074
0.22213199734687805
0.24689899384975433
0.21232299506664276
0.23684799671173096
0.20489099621772766
0.2267960011959076
0.19745999574661255
0.21674500405788422
0.19002799689769745
0.20669400691986084
0.18259699642658234
0.19664299488067627
0.17516499757766724
0.1865919977426529
0.16773399710655212
0.17654100060462952
0.16030199825763702
0.16649000346660614
0.1528709977865219
0.17589600384235382
0.14463800191879272
0.1853020042181015
0.13640500605106354
0.19470800459384918
0.12817299365997314
0.20411400496959686
0.11993999779224396
0.21352000534534454
0.11170700192451477
0.22292600572109222
0.10347399860620499
0.2323320060968399
0.09524139761924744
0.24173800647258759
0.08700860291719437
0.25153398513793945
0.0784343034029007
0.2613300085067749
0.06986010074615479
0.27112600207328796
0.061285801231861115
