0.9553220272064209
0.5770480036735535
0.9518889784812927
0.5890669822692871
0.9484549760818481
0.6010869741439819
0.9450209736824036
0.6131060123443604
0.9415879845619202
0.625124990940094
0.9381539821624756
0.6371440291404724
0.934719979763031
0.649163007736206
0.9312869906425476
0.6611819863319397
0.927852988243103
0.6732010245323181
0.9162009954452515
0.6786370277404785
0.9045500159263611
0.6840720176696777
0.8928980231285095
0.689507007598877
0.8812469840049744
0.6949419975280762
0.8695949912071228
0.7003780007362366
0.8579429984092712
0.7058129906654358
