0.589477002620697
0.7834429740905762
0.5774030089378357
0.7866759896278381
0.5653280019760132
0.7899079918861389
0.5532529950141907
0.7931410074234009
0.5411779880523682
0.7963740229606628
0.5291029810905457
0.7996060252189636
0.5170289874076843
0.8028389811515808
0.5049539804458618
0.8060709834098816
0.4928790032863617
0.8093039989471436
0.48172900080680847
0.8149539828300476
0.47057899832725525
0.8206040263175964
0.459428995847702
0.8262540102005005
0.4482789933681488
0.8319039940834045
0.4371280074119568
0.8375549912452698
0.42597800493240356
0.8432049751281738
0.41482800245285034
0.8488550186157227
0.4036779999732971
0.8545050024986267
0.39686501026153564
0.8649849891662598
0.3900519907474518
0.875465989112854
0.3832400143146515
0.8859459757804871
0.3764269948005676
0.8964260220527649
0.36961400508880615
0.906906008720398
0.3628009855747223
0.9173870086669922
0.3559879958629608
0.9278669953346252
0.34917598962783813
0.9383469820022583
0.3376139998435974
0.9335939884185791
0.3260529935359955
0.9288420081138611
0.31449198722839355
0.9240890145301819
0.302931010723114
0.9193360209465027
0.2913700044155121
0.9145839810371399
0.27980801463127136
0.9098309874534607
0.26824700832366943
0.9050779938697815
0.2566860020160675
0.9003250002861023
0.2445800006389618
0.903439998626709
0.23247399926185608
0.9065539836883545
0.22036899626255035
0.9096689820289612
0.20826299488544464
0.9127830266952515
0.19615699350833893
0.915897011756897
0.1840510070323944
0.9190120100975037
0.1719450056552887
0.9221259951591492
0.15983900427818298
0.9252399802207947
0.1576869934797287
0.912926971912384
0.1555349975824356
0.9006140232086182
0.15338300168514252
0.8883000016212463
0.15123000741004944
0.8759869933128357
0.14907799661159515
0.863673985004425
0.14692600071430206
0.8513609766960144
0.14477300643920898
0.8390470147132874
0.1426209956407547
0.8267340064048767
0.14182500541210175
0.8142589926719666
0.1410290002822876
0.8017849922180176
0.14023299515247345
0.7893099784851074
0.1394370049238205
0.776835024356842
0.13864099979400635
0.7643610239028931
0.1378449946641922
0.7518860101699829
0.13704900443553925
0.7394109964370728
0.1362529993057251
0.7269369959831238
0.12911899387836456
0.717805027961731
