0.8939039707183838
0.7840080261230469
0.8974050283432007
0.7960079908370972
0.9009050130844116
0.8080080151557922
0.9044060111045837
0.8200079798698425
0.9079059958457947
0.8320069909095764
0.9114069938659668
0.8440070152282715
0.9149069786071777
0.8560069799423218
0.9184070229530334
0.8680070042610168
0.9219080209732056
0.8800070285797119
0.9229360222816467
0.892333984375
0.9239649772644043
0.9046609997749329
0.9249929785728455
0.9169890284538269
0.9260219931602478
0.929315984249115
0.927049994468689
0.9416429996490479
