0.7038630247116089
0.19954299926757812
0.6927549839019775
0.2052759975194931
0.6816480159759521
0.21100899577140808
0.6705399751663208
0.21674199402332306
0.6594319939613342
0.22247500717639923
0.6483250260353088
0.2282090038061142
0.6372169852256775
0.23394200205802917
0.6261090040206909
0.23967500030994415
0.6150019764900208
0.24540799856185913
0.6069610118865967
0.23591600358486176
0.598921000957489
0.22642399370670319
0.5908809900283813
0.2169329971075058
0.5828409790992737
0.20744100213050842
0.5748010277748108
0.19794900715351105
0.5667600035667419
0.18845699727535248
