0.5923539996147156
0.3456220030784607
0.6047459840774536
0.34398001432418823
0.6171370148658752
0.3423379957675934
0.6295289993286133
0.3406960070133209
0.6419209837913513
0.3390530049800873
0.654312014579773
0.33741098642349243
0.666703999042511
0.33576899766921997
0.679095983505249
0.3341270089149475
0.6914870142936707
0.33248400688171387
0.6808739900588989
0.3258810043334961
0.6702600121498108
0.3192789852619171
0.6596459746360779
0.31267601251602173
0.6490319967269897
0.30607300996780396
0.6384180188179016
0.2994700074195862
0.6278049945831299
0.2928670048713684
0.6171910166740417
0.28626400232315063
0.6065769791603088
0.27966099977493286
0.6086739897727966
0.26733800768852234
0.6107699871063232
0.25501498579978943
0.6128659844398499
0.2426930069923401
0.6149629950523376
0.23037000000476837
0.6170589923858643
0.21804699301719666
0.6191549897193909
0.20572400093078613
0.6212520003318787
0.19340099394321442
0.6233479976654053
0.1810780018568039
0.6354349851608276
0.18426300585269928
0.6475229859352112
0.18744899332523346
0.6596099734306335
0.19063399732112885
0.6716970205307007
0.19381999969482422
0.6837850213050842
0.1970050036907196
0.6958720088005066
0.2001899927854538
0.707958996295929
0.20337599515914917
0.7200459837913513
0.20656099915504456
0.7325249910354614
0.20583300292491913
0.7450039982795715
0.2051060050725937
0.7574830055236816
0.20437799394130707
0.7699620127677917
0.20364999771118164
0.7824400067329407
0.2029220014810562
0.7949190139770508
0.2021940052509308
0.8073980212211609
0.20146599411964417
0.819877028465271
0.20073799788951874
0.829135000705719
0.1923390030860901
0.838392972946167
0.18393999338150024
0.8476510047912598
0.17554199695587158
0.8569089770317078
0.16714300215244293
0.8661670088768005
0.15874400734901428
0.8754249811172485
0.15034499764442444
0.8846830129623413
0.14194700121879578
0.8939409852027893
0.13354800641536713
0.8890640139579773
0.12292499840259552
0.8841869831085205
0.11230099946260452
0.8793110251426697
0.10167799890041351
0.8744339942932129
0.09105510264635086
