0.5233650207519531
0.19103099405765533
0.5219560265541077
0.2034509927034378
0.5205469727516174
0.21587100625038147
0.519137978553772
0.22829200327396393
0.5177289843559265
0.2407120019197464
0.516319990158081
0.2531319856643677
0.5149109959602356
0.26555299758911133
0.5135020017623901
0.2779729962348938
0.5120930075645447
0.29039299488067627
0.5108720064163208
0.30283400416374207
0.5096510052680969
0.3152740001678467
0.508430004119873
0.3277139961719513
0.5072090029716492
0.3401539921760559
0.5059880018234253
0.3525939881801605
0.5047670006752014
0.3650349974632263
0.5035459995269775
0.37747499346733093
0.5023249983787537
0.38991498947143555
0.5014010071754456
0.4023810029029846
0.5004770159721375
0.4148469865322113
0.49955299496650696
0.4273129999637604
0.49862998723983765
0.43977800011634827
0.49770599603652954
0.45224401354789734
0.49678200483322144
0.464709997177124
0.4958589971065521
0.4771760106086731
0.494935005903244
0.4896419942378998
0.4929859936237335
0.5019890069961548
0.4910370111465454
0.5143359899520874
0.4890879988670349
0.52668297290802
0.4871380031108856
0.5390300154685974
0.4851889908313751
0.55137699842453
0.483240008354187
0.5637239813804626
0.4812909960746765
0.57607102394104
0.4793420135974884
0.5884180068969727
0.4763300120830536
0.6005499958992004
0.4733180105686188
0.6126819849014282
0.47030600905418396
0.624813973903656
0.46729400753974915
0.6369450092315674
0.46428200602531433
0.6490769982337952
0.4612700045108795
0.661208987236023
0.4582580029964447
0.6733400225639343
0.4552460014820099
0.6854720115661621
0.4527580142021179
0.6977220177650452
0.45027101039886475
0.7099720239639282
0.4477840065956116
0.7222219705581665
0.4452970027923584
0.7344719767570496
0.44280898571014404
0.7467219829559326
0.44032201170921326
0.7589719891548157
0.4378350079059601
0.7712219953536987
0.4353480041027069
0.7834720015525818
0.42980700731277466
0.7946770191192627
0.4242669939994812
0.8058819770812988
0.41872701048851013
0.8170880079269409
0.4131860136985779
0.8282930254936218
0.4076460003852844
0.839497983455658
0.40210598707199097
0.8507030010223389
0.3965649902820587
0.8619080185890198
0.39102500677108765
0.8731129765510559
0.3785249888896942
0.8732060194015503
0.36602500081062317
0.8732990026473999
0.3535259962081909
0.8733919858932495
0.3410260081291199
0.8734850287437439
0.32852599024772644
0.8735780119895935
0.3160269856452942
0.8736709952354431
0.30352699756622314
0.8737639784812927
0.2910270094871521
0.8738570213317871
0.28203698992729187
0.8651729822158813
0.27304598689079285
0.8564890027046204
0.2640550136566162
0.8478050231933594
0.2550640106201172
0.8391209840774536
0.24607299268245697
0.8304370045661926
0.23708200454711914
0.8217530250549316
0.22809100151062012
0.8130689859390259
0.2190999984741211
0.8043850064277649
0.21075299382209778
0.7950800061225891
0.20240700244903564
0.7857739925384521
0.19406099617481232
0.7764689922332764
0.1857140064239502
0.7671639919281006
0.17736800014972687
0.7578579783439636
0.16902199387550354
0.7485529780387878
0.16067500412464142
0.7392479777336121
0.1523289978504181
0.7299429774284363
0.14690400660037994
0.7186809778213501
0.1414790004491806
0.7074199914932251
0.13605399429798126
0.6961579918861389
0.13062900304794312
0.6848970055580139
0.12520399689674377
0.6736350059509277
0.11977899819612503
0.6623740196228027
0.11435399949550629
0.651112973690033
0.10892900079488754
0.6398509740829468
0.10583800077438354
0.6277390122413635
0.10274700075387955
0.6156280040740967
0.0996565967798233
0.6035159826278687
0.09656590223312378
0.5914040207862854
0.0934751033782959
0.5792919993400574
0.09038440138101578
0.5671799778938293
0.08729369938373566
0.5550680160522461
0.08420290052890778
0.5429559946060181
0.07872740179300308
0.5317190289497375
0.07325190305709839
0.5204820036888123
0.06777630001306534
0.5092459917068481
0.062300801277160645
0.49800899624824524
0.05682529881596565
0.48677200078964233
0.05134980008006096
0.47553500533103943
0.045874301344156265
0.4642980098724365
0.040398698300123215
0.4530610144138336
0.041122499853372574
0.4405820071697235
0.041846200823783875
0.4281029999256134
0.042569998651742935
0.4156239926815033
0.043293699622154236
0.4031449854373932
0.044017400592565536
0.39066600799560547
0.0447411984205246
0.37818700075149536
0.0454648993909359
0.36570799350738525
0.04618870094418526
0.35322898626327515
0.049828700721263885
0.34126999974250793
0.05346880108118057
0.3293119966983795
0.05710890144109726
0.3173539936542511
0.06074900180101395
0.3053959906101227
0.06438910216093063
0.29343700408935547
0.06802920252084732
0.28147900104522705
0.07166930288076401
0.26952099800109863
0.0753094032406807
0.2575629949569702
0.0771941989660263
0.24520599842071533
0.07907889783382416
0.23284800350666046
0.08096370100975037
0.22049100697040558
0.08284849673509598
0.2081339955329895
0.08473320305347443
0.19577699899673462
0.08661799877882004
0.18342000246047974
0.08850280195474625
0.17106300592422485
0.0903875008225441
0.15870599448680878
0.10131800174713135
0.15264199674129486
0.11224900186061859
0.14657899737358093
0.12318000197410583
0.140515998005867
0.13411100208759308
0.1344520002603531
0.14504200220108032
0.12838900089263916
0.15597300231456757
0.12232500314712524
0.1669040024280548
0.11626199632883072
0.17783500254154205
0.11019899696111679
0.16819900274276733
0.10223600268363953
0.1585640013217926
0.09427279978990555
0.14892800152301788
0.0863099992275238
0.13929300010204315
0.0783471018075943
0.12965700030326843
0.0703841969370842
0.1200219988822937
0.062421299517154694
0.11038599908351898
0.05445849895477295
0.10075099766254425
0.046495601534843445
0.09455820173025131
0.041377801448106766
