0.4059169888496399
0.2190520018339157
0.40351900458335876
0.23131999373435974
0.40112099051475525
0.24358800053596497
0.3987239897251129
0.2558560073375702
0.3963260054588318
0.2681240141391754
0.39392799139022827
0.28039199113845825
0.39153000712394714
0.2926599979400635
0.3891330063343048
0.3049269914627075
0.3867349922657013
0.31719499826431274
0.37537699937820435
0.31197500228881836
0.3640199899673462
0.306755006313324
0.35266199707984924
0.3015339970588684
0.3413040041923523
0.296314001083374
0.32994699478149414
0.29109299182891846
0.3185890018939972
0.2858729958534241
0.30723100900650024
0.2806529998779297
0.2958729863166809
0.2754319906234741
0.3067980110645294
0.2693580090999603
0.31772300601005554
0.26328399777412415
0.32864800095558167
0.25720998644828796
0.3395729959011078
0.251134991645813
0.3504979908466339
0.245060995221138
0.36142298579216003
0.238986998796463
0.37234801054000854
0.23291300237178802
0.38327300548553467
0.22683799266815186
0.37804099917411804
0.21548600494861603
0.3728100061416626
0.20413300395011902
0.36757901310920715
0.192781001329422
0.3623470067977905
0.181428000330925
0.3571160137653351
0.17007499933242798
0.35188400745391846
0.15872299671173096
0.346653014421463
0.14736999571323395
0.3414210081100464
0.13601799309253693
0.34569498896598816
0.12427099794149399
0.3499700129032135
0.11252400279045105
0.3542439937591553
0.1007779985666275
0.35851800441741943
0.08903130143880844
0.3627919852733612
0.07728470116853714
0.36706599593162537
0.06553810089826584
0.3713400065898895
0.05379150062799454
0.3756139874458313
0.042045000940561295
0.38809800148010254
0.04140910133719444
0.4005819857120514
0.04077329859137535
0.41306599974632263
0.0401373989880085
0.4255490005016327
0.039501599967479706
0.43803301453590393
0.038865700364112854
0.4505169987678528
0.03822990134358406
0.463001012802124
0.03759400174021721
0.4754849970340729
0.03695819899439812
0.4785600006580353
0.049073901027441025
0.4816359877586365
0.061189599335193634
0.48471200466156006
0.07330530136823654
0.48778700828552246
0.08542100340127945
0.49086299538612366
0.09753669798374176
0.49393799901008606
0.10965199768543243
0.49701398611068726
0.12176799774169922
0.5000900030136108
0.133883997797966
0.503866970539093
0.14579899609088898
0.50764399766922
0.15771499276161194
0.5114219784736633
0.1696310043334961
0.5151990056037903
0.18154600262641907
0.5189769864082336
0.19346199929714203
0.5227540135383606
0.205376997590065
0.5265309810638428
0.21729299426078796
0.5303090214729309
0.22920900583267212
0.5353220105171204
0.24065899848937988
0.5403339862823486
0.25211000442504883
0.5453469753265381
0.2635610103607178
0.5503600239753723
0.27501198649406433
0.5553719997406006
0.2864629924297333
0.56038498878479
0.2979139983654022
0.5653979778289795
0.30936500430107117
0.5704110264778137
0.3208160102367401
0.5767179727554321
0.33160799741744995
0.5830249786376953
0.3424000144004822
0.5893319845199585
0.353192001581192
0.5956379771232605
0.36398500204086304
0.6019449830055237
0.3747769892215729
0.6082519888877869
0.3855690062046051
0.61455899477005
0.39636099338531494
0.6208660006523132
0.40715399384498596
0.6273959875106812
0.4178119897842407
0.6339259743690491
0.42847099900245667
0.6404550075531006
0.4391300082206726
0.6469849944114685
0.44978898763656616
0.6535149812698364
0.4604479968547821
0.6600440144538879
0.47110700607299805
0.6665740013122559
0.4817659854888916
0.6731039881706238
0.49242499470710754
0.6820160150527954
0.5011900067329407
0.6909279823303223
0.5099549889564514
0.6998400092124939
0.5187199711799622
0.7087519764900208
0.5274850130081177
0.7176640033721924
0.5362499952316284
0.7265769839286804
0.5450140237808228
0.735489010810852
0.5537790060043335
0.7444009780883789
0.5625439882278442
0.7530069947242737
0.5716099739074707
0.7616119980812073
0.5806769728660583
0.7702170014381409
0.5897430181503296
0.7788230180740356
0.598809003829956
0.7874280214309692
0.6078749895095825
0.7960339784622192
0.616940975189209
0.8046389818191528
0.6260070204734802
0.8132449984550476
0.6350740194320679
0.8233889937400818
0.6423770189285278
0.8335340023040771
0.6496809720993042
0.8436779975891113
0.6569839715957642
0.8538219928741455
0.6642879843711853
0.8639670014381409
0.6715909838676453
0.874110996723175
0.6788949966430664
0.8842560052871704
0.6861979961395264
0.8944000005722046
0.6935020089149475
0.8826040029525757
0.697055995464325
0.8708080053329468
0.7006099820137024
0.8590120077133179
0.7041640281677246
0.847216010093689
0.707718014717102
