0.4991399943828583
0.0615261010825634
0.49841099977493286
0.07400490343570709
0.49768298864364624
0.08648359775543213
0.4969539940357208
0.09896229952573776
0.4962249994277954
0.1114410012960434
0.4954969882965088
0.1239200010895729
0.4947679936885834
0.13639900088310242
0.49403899908065796
0.14887699484825134
0.49331000447273254
0.16135600209236145
0.49375998973846436
0.1738480031490326
0.49421000480651855
0.18634000420570374
0.49465999007225037
0.19883200526237488
0.4951089918613434
0.21132400631904602
0.4955590069293976
0.22381600737571716
0.4960089921951294
0.23630699515342712
0.4964590072631836
0.24879899621009827
0.4969080090522766
0.2612909972667694
0.49751099944114685
0.2737770080566406
0.4981139898300171
0.28626200556755066
0.4987170100212097
0.2987479865550995
0.49932000041007996
0.3112330138683319
0.4999229907989502
0.32371899485588074
0.5005260109901428
0.33620399236679077
0.5011289715766907
0.3486889898777008
0.5017319917678833
0.361175000667572
0.5016599893569946
0.37367498874664307
0.5015869736671448
0.3861739933490753
0.5015149712562561
0.39867401123046875
0.5014430284500122
0.4111739993095398
0.5013700127601624
0.42367398738861084
0.5012980103492737
0.4361740052700043
0.501226007938385
0.4486730098724365
0.5011540055274963
0.46117299795150757
0.499769002199173
0.4735960066318512
0.4983839988708496
0.48601898550987244
0.49699899554252625
0.49844199419021606
0.4956139922142029
0.5108649730682373
0.4942289888858795
0.5232880115509033
0.49284398555755615
0.5357109904289246
0.4914590120315552
0.5481340289115906
0.4900740087032318
0.560558021068573
0.48885899782180786
0.5729979872703552
0.4876450002193451
0.5854390263557434
0.4864310026168823
0.5978800058364868
0.4852159917354584
0.6103209853172302
0.4840019941329956
0.6227620244026184
0.48278799653053284
0.6352030038833618
0.4815729856491089
0.6476439833641052
0.4803589880466461
0.6600850224494934
0.4698440134525299
0.6679250001907349
0.4593279957771301
0.6757659912109375
0.44881299138069153
0.6836060285568237
0.43829798698425293
0.6914470195770264
