0.5079690217971802
0.07945849746465683
0.4960229992866516
0.08313950151205063
0.48407700657844543
0.08682060241699219
0.47213101387023926
0.09050159901380539
0.4601860046386719
0.09418260306119919
0.4482400119304657
0.09786359965801239
0.43629398941993713
0.10154499858617783
0.42434900999069214
0.10522600263357162
0.4124029874801636
0.10890699923038483
0.40838098526000977
0.12074200063943863
0.40435999631881714
0.13257700204849243
0.40033799409866333
0.14441299438476562
0.3963159918785095
0.15624800324440002
0.3922950029373169
0.16808399558067322
0.3882730007171631
0.17991900444030762
0.3842509984970093
0.19175399839878082
0.38023000955581665
0.2035900056362152
0.36813101172447205
0.20672999322414398
0.35603201389312744
0.20987099409103394
0.34393298625946045
0.2130119949579239
0.33183398842811584
0.21615199744701385
0.31973499059677124
0.2192929983139038
0.30763599276542664
0.22243300080299377
0.29553699493408203
0.22557400166988373
0.2834379971027374
0.2287140041589737
0.28594300150871277
0.21646800637245178
0.2884489893913269
0.20422199368476868
0.2909550070762634
0.19197599589824677
0.29346001148223877
0.17972899973392487
0.2959659993648529
0.16748300194740295
0.29847198724746704
0.15523700416088104
0.3009769916534424
0.14298999309539795
0.3034830093383789
0.13074399530887604
0.2912810146808624
0.12803000211715698
0.27907899022102356
0.12531499564647675
0.26687800884246826
0.12260100245475769
0.2546760141849518
0.11988600343465805
0.2424740046262741
0.1171720027923584
0.23027299344539642
0.11445699632167816
0.21807099878787994
0.1117430031299591
0.20586900413036346
0.10902799665927887
0.196834996342659
0.10701899975538254
