0.35560598969459534
0.04919059947133064
0.3516559898853302
0.06105019897222519
0.34770599007606506
0.0729098990559578
0.3437570035457611
0.08476950228214264
0.33980700373649597
0.09662909805774689
0.33585798740386963
0.10848899930715561
0.3319079875946045
0.1203479990363121
0.32795798778533936
0.13220800459384918
0.3240090012550354
0.14406800270080566
0.3267480134963989
0.15626400709152222
0.32948601245880127
0.16845999658107758
0.3322249948978424
0.18065600097179413
0.33496400713920593
0.19285300374031067
0.3377020061016083
0.20504899322986603
0.3404409885406494
0.21724499762058258
0.34318000078201294
0.22944200038909912
0.34591901302337646
0.24163800477981567
0.3425459861755371
0.2536740005016327
0.33917200565338135
0.2657110095024109
0.3357990086078644
0.2777470052242279
0.3324260115623474
0.2897830009460449
0.32905301451683044
0.30181899666786194
0.3256799876689911
0.31385600566864014
0.3223069906234741
0.32589200139045715
0.31893399357795715
0.33792799711227417
0.32610398530960083
0.3481670022010803
0.3332749903202057
0.35840699076652527
0.34044501185417175
0.3686459958553314
0.34761500358581543
0.3788850009441376
0.3547849953174591
0.3891240060329437
0.3619549870491028
0.3993630111217499
0.36912500858306885
0.40960198640823364
0.3762950003147125
0.4198409914970398
0.3651910126209259
0.4255810081958771
0.3540869951248169
0.43132200837135315
0.3429830074310303
0.43706199526786804
0.33187898993492126
0.4428020119667053
0.32077500224113464
0.4485419988632202
0.309671014547348
0.4542819857597351
0.2985660135746002
0.4600220024585724
0.2874619960784912
0.4657619893550873
0.2752070128917694
0.4632990062236786
0.2629519999027252
0.4608370065689087
0.25069698691368103
0.4583739936351776
0.23844200372695923
0.4559110105037689
0.22618700563907623
0.45344799757003784
0.21393199265003204
0.45098501443862915
0.20167799293994904
0.44852200150489807
0.18942299485206604
0.4460600018501282
0.18553400039672852
0.4579389989376068
0.181645005941391
0.46981900930404663
0.17775699496269226
0.48169898986816406
0.17386800050735474
0.4935790002346039
0.1699790060520172
0.5054579973220825
0.16609099507331848
0.5173379778862
0.16220200061798096
0.5292180180549622
0.15831400454044342
0.5410979986190796
0.16979199647903442
0.5460469722747803
0.1812710016965866
0.5509960055351257
0.1927489936351776
0.5559449791908264
0.2042279988527298
0.5608940124511719
0.215706005692482
0.5658429861068726
0.22718499600887299
0.570792019367218
0.23866300284862518
0.5757409930229187
0.25014200806617737
0.5806900262832642
0.24578100442886353
0.5924040079116821
0.24142000079154968
0.6041190028190613
0.23705899715423584
0.6158329844474792
0.232697993516922
0.6275479793548584
0.22833600640296936
0.6392620205879211
0.22397500276565552
0.6509770154953003
0.21961399912834167
0.6626920104026794
0.21525299549102783
0.6744059920310974
0.22447000443935394
0.6828500032424927
0.23368699848651886
0.6912940144538879
0.24290400743484497
0.6997380256652832
0.2521210014820099
0.7081810235977173
0.2613379955291748
0.7166249752044678
0.2705549895763397
0.725068986415863
0.279772013425827
0.7335129976272583
0.28898799419403076
0.7419570088386536
0.2916330099105835
0.754173994064331
0.29427799582481384
0.7663909792900085
0.2969230115413666
0.7786080241203308
0.2995679974555969
0.7908250093460083
0.30221301317214966
0.8030419945716858
0.3048569858074188
0.8152589797973633
0.30750200152397156
0.8274760246276855
0.3101469874382019
0.839693009853363
0.29925599694252014
0.8458279967308044
0.2883650064468384
0.8519619703292847
0.27747398614883423
0.8580970168113708
0.26658299565315247
0.8642320036888123
0.2556920051574707
0.8703669905662537
0.24480099976062775
0.8765019774436951
0.2339099943637848
0.8826370239257812
0.22301900386810303
0.8887720108032227
0.21212799847126007
0.8949059844017029
0.20123699307441711
0.9010409712791443
0.19034600257873535
0.9071760177612305
0.1794549971818924
0.9133110046386719
0.16856400668621063
0.9194459915161133
0.15767300128936768
0.9255809783935547
0.14678199589252472
0.9317160248756409
0.13589100539684296
0.9378510117530823
0.12405099719762802
0.9445199966430664
