0.07712790369987488
0.20888200402259827
0.08548939973115921
0.21817299723625183
0.0938510000705719
0.22746500372886658
0.10221300274133682
0.23675699532032013
0.11057399958372116
0.2460480034351349
0.11893600225448608
0.25534000992774963
0.12729699909687042
0.264631986618042
0.13565899431705475
0.27392300963401794
0.14402000606060028
0.2832149863243103
0.15336699783802032
0.27491500973701477
0.16271300613880157
0.26661500334739685
0.17205999791622162
0.25831401348114014
0.18140600621700287
0.2500140070915222
0.1907529979944229
0.2417140007019043
0.20009900629520416
0.23341399431228638
0.2094459980726242
0.22511400282382965
0.21879200637340546
0.21681399643421173
0.22719700634479523
0.20756100118160248
0.23560099303722382
0.19830800592899323
0.2440059930086136
0.18905499577522278
0.25240999460220337
0.17980200052261353
0.26081499457359314
0.17054900527000427
0.2692190110683441
0.1612969934940338
0.2776240110397339
0.15204399824142456
0.2860279977321625
0.1427910029888153
0.29824098944664
0.1401270031929016
0.31045401096343994
0.13746300339698792
0.3226659893989563
0.13479800522327423
0.3348790109157562
0.13213400542736053
0.34709200263023376
0.12947000563144684
0.3593049943447113
0.12680600583553314
0.37151798605918884
0.12414199858903885
0.3837299942970276
0.12147799879312515
0.39210599660873413
0.11219900101423264
0.4004809856414795
0.10292000323534012
0.40885698795318604
0.09364049881696701
0.4172320067882538
0.0843615010380745
0.4256080090999603
0.07508239895105362
0.4339829981327057
0.06580329686403275
0.44235900044441223
0.05652419850230217
0.4507339894771576
0.047245100140571594
0.45414599776268005
0.059270501136779785
0.45755699276924133
0.07129599899053574
0.4609690010547638
0.08332139998674393
0.46438100934028625
0.09534680098295212
0.46779200434684753
0.10737200081348419
0.47120401263237
0.11939799785614014
0.47461599111557007
0.1314229965209961
0.47802698612213135
0.14344899356365204
0.48034900426864624
0.1557309925556183
0.4826720058917999
0.16801300644874573
0.48499399423599243
0.18029600381851196
0.4873160123825073
0.1925780028104782
0.48963800072669983
0.20486000180244446
0.4919610023498535
0.2171429991722107
0.494282990694046
0.22942499816417694
0.4966050088405609
0.24170799553394318
0.49884700775146484
0.2540050148963928
0.5010889768600464
0.2663019895553589
0.5033299922943115
0.2786000072956085
0.5055720210075378
0.290897011756897
0.5078139901161194
0.30319398641586304
0.5100560188293457
0.31549200415611267
0.5122979879379272
0.3277890086174011
0.5145390033721924
0.3400860130786896
0.5161880254745483
0.3524770140647888
0.5178369879722595
0.3648679852485657
0.5194860100746155
0.3772589862346649
0.5211349725723267
0.38964900374412537
0.5227850079536438
0.4020400047302246
0.524433970451355
0.41443100571632385
0.5260829925537109
0.4268220067024231
0.5277320146560669
0.43921199440956116
0.5298770070075989
0.4515269994735718
0.5320219993591309
0.4638409912586212
0.534168004989624
0.47615599632263184
0.536312997341156
0.4884699881076813
0.538457989692688
0.5007849931716919
0.5406039953231812
0.5130990147590637
0.5427489876747131
0.525413990020752
0.5448949933052063
0.5377280116081238
0.5550500154495239
0.5473099946975708
0.565205991268158
0.5568919777870178
