0.396230012178421
0.8517320156097412
0.3851329982280731
0.8459780216217041
0.3740369975566864
0.840224027633667
0.3629400134086609
0.8344699740409851
0.351842999458313
0.828715980052948
0.3407459855079651
0.8229619860649109
0.3296490013599396
0.817209005355835
0.3185519874095917
0.8114550113677979
0.30745500326156616
0.8057010173797607
0.29635098576545715
0.7999600172042847
0.28524699807167053
0.7942190170288086
0.2741430103778839
0.7884780168533325
0.2630400061607361
0.7827370166778564
0.2519359886646271
0.7769960165023804
0.24083200097084045
0.7712550163269043
0.22972899675369263
0.7655140161514282
0.2186249941587448
0.7597740292549133
0.2061769962310791
0.7586380243301392
0.1937279999256134
0.7575029730796814
0.1812800019979477
0.7563679814338684
0.16883200407028198
0.7552329897880554
0.1563829928636551
0.7540979981422424
0.14393499493598938
0.7529630064964294
0.13148699700832367
0.7518280148506165
0.11903800070285797
0.7506930232048035
0.11398299783468246
0.7392600178718567
0.10892800241708755
0.7278280258178711
0.10387200117111206
0.7163959741592407
0.0988169014453888
0.7049639821052551
0.09376150369644165
0.6935319900512695
0.08870620280504227
0.6820999979972839
0.08365079760551453
0.6706680059432983
0.07859549671411514
0.6592360138893127
0.07426930218935013
0.6494519710540771
0.06994310021400452
0.6396690011024475
0.0656168982386589
0.6298859715461731
