0.3394800126552582
0.5125359892845154
0.3329409956932068
0.501882016658783
0.3264029920101166
0.49122899770736694
0.3198640048503876
0.48057499527931213
0.31332600116729736
0.4699220061302185
0.30678799748420715
0.4592680037021637
0.30024901032447815
0.44861501455307007
0.29371100664138794
0.43796101212501526
0.28717198967933655
0.42730700969696045
0.28130099177360535
0.41627201437950134
0.27542901039123535
0.40523698925971985
0.26955801248550415
0.39420199394226074
0.26368600130081177
0.38316598534584045
0.25781500339508057
0.37213099002838135
0.25194400548934937
0.36109599471092224
0.24607199430465698
0.35006099939346313
0.24020099639892578
0.33902600407600403
0.23538599908351898
0.3274900019168854
0.23057200014591217
0.3159539997577667
0.22575700283050537
0.30441901087760925
0.22094300389289856
0.2928830087184906
0.21612800657749176
0.28134700655937195
0.21131399273872375
0.2698119878768921
0.20649899542331696
0.25827598571777344
0.20168499648571014
0.24674099683761597
0.2136009931564331
0.24296599626541138
0.22551800310611725
0.23919199407100677
0.2374339997768402
0.23541699349880219
0.24935099482536316
0.23164300620555878
0.2612670063972473
0.2278680056333542
0.27318400144577026
0.22409400343894958
0.2851000130176544
0.220319002866745
0.29701700806617737
0.2165450006723404
0.30951499938964844
0.21677100658416748
0.3220129907131195
0.21699699759483337
0.33451101183891296
0.21722300350666046
0.34700900316238403
0.21744899451732635
0.3595069944858551
0.21767500042915344
0.37200498580932617
0.21790200471878052
0.38450300693511963
0.2181279957294464
0.3970000147819519
0.2183540016412735
0.4061259925365448
0.2098110020160675
0.4152509868144989
0.2012680023908615
0.4243760108947754
0.19272500276565552
0.4335010051727295
0.18418200314044952
0.4426259994506836
0.17563900351524353
0.4517509937286377
0.16709600389003754
0.4608759880065918
0.15855300426483154
0.4700019955635071
0.15001000463962555
0.47287699580192566
0.16167299449443817
0.4757530093193054
0.173335999250412
0.478628009557724
0.1849990040063858
0.48150399327278137
0.19666099548339844
0.48437899351119995
0.20832400023937225
