0.13386300206184387
0.6275370121002197
0.1455570012331009
0.6231210231781006
0.1572510004043579
0.6187049746513367
0.16894400119781494
0.6142889857292175
0.18063800036907196
0.6098719835281372
0.19233199954032898
0.6054559946060181
0.204025998711586
0.6010400056838989
0.21571999788284302
0.5966230034828186
0.22741399705410004
0.5922070145606995
0.23387600481510162
0.5815070271492004
0.240338996052742
0.5708069801330566
0.2468010038137436
0.5601080060005188
0.25326400995254517
0.5494080185890198
0.25972598791122437
0.538707971572876
0.26618900895118713
0.528007984161377
0.27265098690986633
0.5173079967498779
0.2791140079498291
0.5066090226173401
0.29161301255226135
0.5064780116081238
0.3041119873523712
0.5063480138778687
0.31661200523376465
0.5062170028686523
0.3291110098361969
0.5060870051383972
0.34161001443862915
0.5059570074081421
0.3541100025177002
0.5058259963989258
0.36660900712013245
0.5056959986686707
0.3791080117225647
0.5055649876594543
0.37630000710487366
0.49338498711586
0.37349098920822144
0.4812049865722656
0.3706820011138916
0.46902400255203247
0.36787301301956177
0.4568440020084381
0.36506399512290955
0.44466400146484375
0.3622550070285797
0.4324829876422882
0.3594459891319275
0.42030298709869385
0.35663700103759766
0.4081229865550995
0.34706398844718933
0.4000850021839142
0.3374910056591034
0.3920469880104065
0.32791799306869507
0.38400998711586
0.31834501028060913
0.3759720027446747
0.308771014213562
0.3679350018501282
0.2991980016231537
0.3598969876766205
0.28962498903274536
0.3518590033054352
0.2800520062446594
0.34382200241088867
0.27653899788856506
0.33182498812675476
0.2730259895324707
0.31982898712158203
0.26951301097869873
0.3078329861164093
0.26600098609924316
0.2958369851112366
0.2624880075454712
0.28384000062942505
0.25897499918937683
0.2718439996242523
0.25546199083328247
0.2598479986190796
0.2519490122795105
0.24785199761390686
0.24452699720859528
0.2377929985523224
0.23710599541664124
0.2277349978685379
0.2296839952468872
0.21767699718475342
0.22226199507713318
0.20761899650096893
0.21483999490737915
0.19756099581718445
0.20741799473762512
0.18750299513339996
0.1999959945678711
0.17744499444961548
0.19257399439811707
0.167386993765831
0.20355600118637085
0.16141599416732788
0.21453799307346344
0.15544599294662476
0.22551999986171722
0.14947499334812164
0.236502006649971
0.1435050070285797
0.2474839985370636
0.1375340074300766
0.2584660053253174
0.13156400620937347
0.26944801211357117
0.12559300661087036
0.28042998909950256
0.11962299793958664
0.29256099462509155
0.11660999804735184
0.3046930134296417
0.11359699815511703
0.3168239891529083
0.11058499664068222
0.3289560079574585
0.10757199674844742
0.3410870134830475
0.10455899685621262
0.35321900248527527
0.10154599696397781
0.36535000801086426
0.0985335037112236
0.37748199701309204
0.09552080184221268
0.38958099484443665
0.09238159656524658
0.40167999267578125
0.08924239873886108
0.41378000378608704
0.08610320091247559
0.42587900161743164
0.08296400308609009
0.4379790127277374
0.07982479780912399
0.45007801055908203
0.0766855999827385
0.46217700839042664
0.073546402156353
0.47427698969841003
0.0704071968793869
0.47874999046325684
0.08207929879426956
0.4832240045070648
0.09375129640102386
0.4876979887485504
0.10542300343513489
0.4921709895133972
0.11709500104188919
0.4966450035572052
0.1287669986486435
0.5011190176010132
0.14044000208377838
0.5055919885635376
0.15211200714111328
0.5100659728050232
0.163783997297287
0.5177019834518433
0.17367999255657196
0.5253379940986633
0.18357600271701813
0.5329740047454834
0.1934729963541031
0.5406100153923035
0.20336900651454926
0.5482469797134399
0.21326600015163422
0.55588299036026
0.2231619954109192
0.5635190010070801
0.23305900394916534
0.5711550116539001
0.24295499920845032
0.5812849998474121
0.2502779960632324
0.5914149880409241
0.2576020061969757
0.601544976234436
0.2649250030517578
0.6116750240325928
0.2722479999065399
0.6218050122261047
0.2795720100402832
0.6319350004196167
0.2868950068950653
0.6420649886131287
0.2942189872264862
0.6521959900856018
0.3015420138835907
0.6629160046577454
0.30796998739242554
0.6736369729042053
0.31439799070358276
0.6843569874763489
0.32082599401474
0.6950780153274536
0.3272539973258972
0.7057989835739136
0.33368098735809326
0.7165189981460571
0.3401089906692505
0.7272400259971619
0.3465369939804077
0.7379609942436218
0.35296499729156494
0.7483980059623718
0.3460870087146759
0.7588350176811218
0.3392080068588257
0.7692729830741882
0.33232998847961426
0.7797099947929382
0.3254519999027252
0.7901480197906494
0.3185740113258362
0.8005849719047546
0.31169500946998596
0.8110219836235046
0.30481699109077454
0.8214600086212158
0.2979390025138855
0.8123509883880615
0.28937798738479614
0.803242027759552
0.28081798553466797
0.7941330075263977
0.2722580134868622
0.7850239872932434
0.263698011636734
0.7759150266647339
0.25513800978660583
0.7668060064315796
0.24657799303531647
0.7576969861984253
0.2380180060863495
0.7485880255699158
0.22945700585842133
0.7578510046005249
0.22072899341583252
0.767113983631134
0.21199999749660492
0.7763770222663879
0.2032719999551773
0.7856400012969971
0.1945430040359497
0.7949029803276062
0.1858139932155609
0.8041660189628601
0.1770859956741333
