0.2835800051689148
0.893680989742279
0.27706700563430786
0.8830130100250244
0.27055299282073975
0.8723440170288086
0.264039009809494
0.8616750240325928
0.2575249969959259
0.8510069847106934
0.2510110139846802
0.8403379917144775
0.24449799954891205
0.8296689987182617
0.23798400163650513
0.8190010190010071
0.2314700037240982
0.8083320260047913
0.21937300264835358
0.8051819801330566
0.20727699995040894
0.8020319938659668
0.1951799988746643
0.798882007598877
0.18308399617671967
0.7957320213317871
0.17098699510097504
0.7925819754600525
0.1588899940252304
0.7894330024719238
0.14679400622844696
0.786283016204834
0.13469700515270233
0.7831329703330994
0.13283400237560272
0.7707719802856445
0.1309709995985031
0.7584120035171509
0.1291079968214035
0.7460520267486572
0.1272449940443039
0.7336909770965576
0.12538200616836548
0.721331000328064
0.12351900339126587
0.7089700102806091
0.12165600061416626
0.6966099739074707
0.11979299783706665
0.684249997138977
0.11847800016403198
0.6718189716339111
0.11716300249099731
0.65938800573349
0.11584799736738205
0.6469579935073853
0.11453399807214737
0.6345270276069641
0.1132190003991127
0.6220960021018982
0.11190400272607803
0.6096659898757935
0.11058899760246277
0.5972350239753723
0.1092739999294281
0.5848039984703064
0.11148399859666824
0.572501003742218
0.11369500309228897
0.5601990222930908
0.1159060001373291
0.5478960275650024
0.11811699718236923
0.5355929732322693
0.12032700330018997
0.5232899785041809
0.1225380003452301
0.5109869837760925
0.12474899739027023
0.49868398904800415
0.12695899605751038
0.48638099431991577
0.1380860060453415
0.4806840121746063
0.14921200275421143
0.4749870002269745
0.16033799946308136
0.46928998827934265
0.17146499454975128
0.4635930061340332
0.1825910061597824
0.45789599418640137
0.19371700286865234
0.4521990120410919
0.20484299957752228
0.4465020000934601
0.2159699946641922
0.44080498814582825
0.2241850048303604
0.43138399720191956
0.23240000009536743
0.42196300625801086
0.24061599373817444
0.412541002035141
0.24883100390434265
0.4031200110912323
0.25704601407051086
0.3936989903450012
0.26526200771331787
0.38427799940109253
0.2734769880771637
0.37485700845718384
0.2816919982433319
0.36543598771095276
0.2936609983444214
0.3618279993534088
0.3056289851665497
0.35822099447250366
0.31759700179100037
0.3546130061149597
0.32956498861312866
0.35100600123405457
0.34153300523757935
0.3473980128765106
0.35350099205970764
0.3437899947166443
0.3654690086841583
0.34018298983573914
0.3774369955062866
0.3365750014781952
0.372094988822937
0.3252739906311035
0.3667530119419098
0.31397300958633423
0.3614110052585602
0.30267199873924255
0.35606899857521057
0.2913709878921509
0.35072699189186096
0.2800700068473816
0.34538498520851135
0.2687689960002899
0.34004300832748413
0.25746798515319824
0.3347010016441345
0.24616700410842896
0.33917999267578125
0.23449699580669403
0.34365901350975037
0.2228270024061203
0.3481380045413971
0.21115699410438538
0.352618008852005
0.19948700070381165
0.35709699988365173
0.18781700730323792
0.36157599091529846
0.176146999001503
0.3660550117492676
0.16447700560092926
0.3705340027809143
0.15280699729919434
0.3826029896736145
0.1495549976825714
0.3946729898452759
0.1463029980659485
0.40674200654029846
0.14305199682712555
0.41881200671195984
0.13979999721050262
0.43088099360466003
0.1365479975938797
0.4429509937763214
0.13329599797725677
0.4550209939479828
0.13004399836063385
0.46709001064300537
0.12679199874401093
0.47795599699020386
0.13297100365161896
0.48882201313972473
0.1391489952802658
0.4996879994869232
0.14532800018787384
0.5105540156364441
0.15150700509548187
0.5214210152626038
0.1576859951019287
0.5322870016098022
0.16386500000953674
0.5431529879570007
0.17004400491714478
0.5540189743041992
0.1762229949235916
0.5646849870681763
0.1827400028705597
0.5753509998321533
0.18925799429416656
0.5860180258750916
0.19577600061893463
0.5966839790344238
0.2022940069437027
0.6073499917984009
0.20881099998950958
0.6180160045623779
0.21532900631427765
0.6286829710006714
0.22184699773788452
0.6393489837646484
0.2283640056848526
0.6518319845199585
0.22770799696445465
0.6643149852752686
0.2270520031452179
0.6767969727516174
0.22639699280261993
0.6892799735069275
0.22574099898338318
0.7017629742622375
0.22508500516414642
0.7142459750175476
0.22442899644374847
0.7267280220985413
0.22377300262451172
0.7392110228538513
0.22311699390411377
0.726777970790863
0.22183099389076233
0.7143440246582031
0.2205449938774109
0.7019100189208984
0.21925799548625946
0.6894770264625549
0.21797199547290802
0.6770430207252502
0.21668599545955658
0.6646090149879456
0.21539999544620514
0.652176022529602
0.2141139954328537
0.6397420167922974
0.21282799541950226
0.6501979827880859
0.20597699284553528
0.6606529951095581
0.19912700355052948
0.6711090207099915
0.1922760009765625
0.6815639734268188
0.1854259967803955
0.6920199990272522
0.17857499420642853
0.7024760246276855
0.17172400653362274
0.7129309773445129
0.16487400233745575
0.7233870029449463
0.15802299976348877
0.7189800143241882
0.14488400518894196
0.7145730257034302
0.13174499571323395
0.7101669907569885
0.11860500276088715
0.7057600021362305
0.10546600073575974
0.7013530135154724
0.09232659637928009
0.6969460248947144
0.0791872963309288
