0.9441829919815063
0.5206030011177063
0.9365689754486084
0.5106899738311768
0.928954005241394
0.500777006149292
0.9213399887084961
0.49086400866508484
0.9137259721755981
0.4809510111808777
0.9061110019683838
0.47103700041770935
0.8984969854354858
0.4611240029335022
0.8908820152282715
0.45121100544929504
0.8832679986953735
0.4412980079650879
0.8805299997329712
0.42910099029541016
0.87779301404953
0.4169049859046936
0.8750550150871277
0.40470799803733826
0.8723170161247253
0.3925119936466217
0.869579017162323
0.38031500577926636
0.8668419718742371
0.3681190013885498
0.8641039729118347
0.35592201352119446
0.8613659739494324
0.3437260091304779
0.869940996170044
0.33463001251220703
0.8785150051116943
0.32553398609161377
0.8870890140533447
0.3164390027523041
0.8956630229949951
0.3073430061340332
0.9042379856109619
0.29824700951576233
0.9128119945526123
0.28915199637413025
0.9213860034942627
0.2800559997558594
0.9299610257148743
0.2709600031375885
0.9200059771537781
0.26139500737190247
0.9100520014762878
0.25182899832725525
0.9000980257987976
0.24226300418376923
