0.589119017124176
0.8039219975471497
0.584194004535675
0.7924320101737976
0.5792700052261353
0.780942976474762
0.5743449926376343
0.7694540023803711
0.5694199800491333
0.7579650282859802
0.5644959807395935
0.7464759945869446
0.5595710277557373
0.7349870204925537
0.5546470284461975
0.7234979867935181
0.5497220158576965
0.7120090126991272
0.5372779965400696
0.7108280062675476
0.5248339772224426
0.7096459865570068
0.5123900175094604
0.7084640264511108
0.4999459981918335
0.7072830200195312
0.48750200867652893
0.7061010003089905
0.475057989358902
0.7049189805984497
0.4626139998435974
0.7037379741668701
0.45017001032829285
0.7025560140609741
0.43824100494384766
0.7062919735908508
0.42631199955940247
0.7100279927253723
0.41438400745391846
0.7137629985809326
0.40245500206947327
0.7174990177154541
0.3905259966850281
0.7212349772453308
0.3785969913005829
0.7249699831008911
0.3666689991950989
0.7287060022354126
0.3547399938106537
0.7324420213699341
0.36441999673843384
0.7245339751243591
0.37410101294517517
0.716625988483429
0.3837819993495941
0.7087180018424988
0.39346200227737427
0.7008100152015686
0.4031429886817932
0.6929020285606384
0.41282400488853455
0.6849939823150635
0.4225040078163147
0.6770859956741333
0.43218499422073364
0.6691780090332031
0.42353200912475586
0.6601570248603821
0.4148789942264557
0.6511359810829163
0.4062269926071167
0.6421149969100952
0.3975740075111389
0.6330940127372742
0.38892099261283875
0.6240730285644531
0.38026800751686096
0.6150509715080261
0.371616005897522
0.6060299873352051
0.3629629909992218
0.597009003162384
0.36250099539756775
0.5845180153846741
0.3620389997959137
0.5720260143280029
0.36157599091529846
0.559535026550293
0.3611139953136444
0.5470430254936218
0.36065199971199036
0.5345519781112671
0.3601900041103363
0.5220609903335571
0.35972800850868225
0.509568989276886
0.3592660129070282
0.497078001499176
0.34696200489997864
0.4948689937591553
0.33465901017189026
0.4926609992980957
0.3223550021648407
0.49045300483703613
0.3100520074367523
0.48824501037597656
0.29774901270866394
0.4860369861125946
0.2854450047016144
0.48382899165153503
0.273142009973526
0.48162099719047546
0.26083800196647644
0.4794119894504547
0.25239700078964233
0.4701929986476898
0.24395599961280823
0.4609740078449249
0.23551499843597412
0.45175400376319885
0.22707399725914001
0.44253501296043396
0.21863199770450592
0.4333159923553467
0.21019099652767181
0.4240959882736206
0.2017499953508377
0.4148769974708557
0.1933089941740036
0.4056580066680908
0.1814499944448471
0.4017060101032257
0.1695909947156906
0.3977530002593994
0.1577329933643341
0.3938010036945343
0.1458739936351776
0.3898490071296692
0.13401499390602112
0.3858970105648041
0.12215600162744522
0.38194501399993896
0.11029800027608871
0.37799200415611267
0.0984387993812561
0.37404000759124756
0.09550879895687103
0.3605549931526184
0.09257890284061432
0.34706899523735046
0.08964890241622925
0.3335840106010437
0.08671899884939194
0.32009801268577576
0.08378899842500687
0.3066129982471466
0.08085910230875015
0.29312700033187866
