0.6559540033340454
0.7891539931297302
0.643576979637146
0.7874050140380859
0.6312000155448914
0.7856559753417969
0.6188229918479919
0.7839069962501526
0.6064460277557373
0.7821580171585083
0.5940690040588379
0.7804089784622192
0.5816919803619385
0.778659999370575
0.5693150162696838
0.7769110202789307
0.5569379925727844
0.7751619815826416
0.5446959733963013
0.7726370096206665
0.5324540138244629
0.7701110243797302
0.5202109813690186
0.7675849795341492
0.5079690217971802
0.7650600075721741
0.495727002620697
0.7625340223312378
0.48348501324653625
0.7600089907646179
0.4712429940700531
0.7574830055236816
0.45899999141693115
0.7549579739570618
0.4702880084514618
0.7495869994163513
0.48157599568367004
0.7442169785499573
0.4928629994392395
0.738847017288208
0.5041509866714478
0.733476996421814
0.515438973903656
0.7281069755554199
0.5267260074615479
0.7227360010147095
0.5380139946937561
0.7173659801483154
0.5493019819259644
0.7119960188865662
0.540673017501831
0.7029520273208618
0.5320450067520142
0.6939070224761963
0.5234169960021973
0.6848629713058472
0.5147879719734192
0.6758180260658264
0.5061600208282471
0.6667739748954773
0.4975320100784302
0.6577290296554565
0.4889039993286133
0.6486849784851074
0.4802750051021576
0.6396399736404419
0.4920479953289032
0.6438429951667786
0.50382000207901
0.6480460166931152
0.5155919790267944
0.6522480249404907
0.5273650288581848
0.6564509868621826
0.5391370058059692
0.6606540083885193
0.5509089827537537
0.6648569703102112
0.5626810193061829
0.6690589785575867
0.5744540095329285
0.6732620000839233
0.5869309902191162
0.6725109815597534
0.5994089841842651
0.6717609763145447
0.6118860244750977
0.6710100173950195
0.6243630051612854
0.6702589988708496
0.6368409991264343
0.6695089936256409
0.6493179798126221
0.668757975101471
0.661795973777771
0.6680070161819458
0.6742730140686035
0.6672570109367371
0.6867700219154358
0.6675509810447693
0.6992660164833069
0.6678450107574463
0.7117630243301392
0.6681380271911621
0.7242590188980103
0.6684319972991943
0.7367560267448425
0.6687260270118713
0.74925297498703
0.6690199971199036
0.7617490291595459
0.6693140268325806
0.7742459774017334
0.6696079969406128
0.7863140106201172
0.6663519740104675
0.7983829975128174
0.663096010684967
0.8104509711265564
0.6598399877548218
0.8225200176239014
0.6565849781036377
0.8345879912376404
0.6533290147781372
0.8466569781303406
0.6500729918479919
0.8587250113487244
0.6468170285224915
0.8707939982414246
0.6435610055923462
0.8752229809761047
0.6318730115890503
0.8796529769897461
0.6201840043067932
0.884082019329071
0.6084949970245361
0.8885120153427124
0.596805989742279
0.8929409980773926
0.585116982460022
0.8973709940910339
0.5734279751777649
0.9017999768257141
0.5617390275001526
0.9062299728393555
0.5500509738922119
0.89683598279953
0.5418040156364441
0.8874430060386658
0.5335569977760315
0.8780490159988403
0.5253099799156189
0.8686550259590149
0.5170639753341675
0.8592609763145447
0.5088170170783997
0.8498679995536804
0.5005699992179871
0.840474009513855
0.49232399463653564
0.8310800194740295
0.48407700657844543
0.842195987701416
0.47835901379585266
0.8533110022544861
0.4726420044898987
0.8644269704818726
0.4669240117073059
0.8755429983139038
0.46120598912239075
0.8866580128669739
0.455487996339798
0.8977739810943604
0.449770987033844
0.9088900089263916
0.4440529942512512
0.9200050234794617
0.43833500146865845
0.9157180190086365
0.42659398913383484
0.9114300012588501
0.41485199332237244
0.9071429967880249
0.40310999751091003
0.9028549790382385
0.3913689851760864
0.8985679745674133
0.379626989364624
0.8942800164222717
0.3678849935531616
0.8899930119514465
0.3561440110206604
0.8857049942016602
0.3444019854068756
0.8773379921913147
0.3536889851093292
0.8689720034599304
0.3629760146141052
0.860605001449585
0.37226301431655884
0.8522379994392395
0.38155001401901245
0.8438720107078552
0.39083701372146606
0.8355050086975098
0.4001240134239197
0.8271390199661255
0.4094110131263733
0.81877201795578
0.4186980128288269
0.80697101354599
0.42593899369239807
0.7951700091362
0.4331800043582916
0.7833690047264099
0.4404209852218628
0.7715680003166199
0.44766101241111755
0.7597669959068298
0.4549019932746887
