0.3329409956932068
0.9083830118179321
0.33009400963783264
0.8962119817733765
0.3272469937801361
0.8840399980545044
0.32440000772476196
0.8718690276145935
0.32155299186706543
0.8596969842910767
0.3187060058116913
0.8475260138511658
0.31585898995399475
0.8353539705276489
0.3130120038986206
0.823183000087738
0.3101649880409241
0.811011016368866
0.2977299988269806
0.8097389936447144
0.2852950096130371
0.8084669709205627
0.27285999059677124
0.8071950078010559
0.2604239881038666
0.8059229850769043
0.2479889988899231
0.8046510219573975
0.23555399477481842
0.8033789992332458
0.22311900556087494
0.8021069765090942
0.21068400144577026
0.8008340001106262
0.20614999532699585
0.7891860008239746
0.20161700248718262
0.7775369882583618
0.1970829963684082
0.765887975692749
0.19255000352859497
0.754239022731781
0.18801599740982056
0.7425900101661682
0.18348300457000732
0.7309409976005554
0.1789489984512329
0.7192919850349426
0.1744150072336197
0.7076429724693298
0.16207100450992584
0.7056779861450195
0.149726003408432
0.703711986541748
0.13738200068473816
0.7017459869384766
0.1250379979610443
0.6997799873352051
0.11269299685955048
0.6978139877319336
0.10034900158643723
0.6958479881286621
0.0880042016506195
0.6938830018043518
0.07565969973802567
0.6919170022010803
0.0750185027718544
0.6794329881668091
0.07437729835510254
0.666949987411499
0.07373619824647903
0.6544659733772278
0.07309500128030777
0.6419829726219177
0.07245379686355591
0.6294990181922913
0.07181259989738464
0.61701500415802
0.07117149978876114
0.60453200340271
0.07053030282258987
0.5920479893684387
0.07446890324354172
0.5801849961280823
0.07840750366449356
0.5683220028877258
0.08234609663486481
0.5564590096473694
0.08628480136394501
0.5445950031280518
0.09022340178489685
0.5327320098876953
0.0941620022058487
0.5208690166473389
0.09810060262680054
0.5090050101280212
0.10203900188207626
0.4971419870853424
0.10131999850273132
0.4846630096435547
0.10060100257396698
0.4721840023994446
0.09988140314817429
0.4597040116786957
0.09916210174560547
0.44722500443458557
0.09844280034303665
0.43474599719047546
0.09772349894046783
0.42226600646972656
0.09700419753789902
0.40978699922561646
0.0962849035859108
0.39730799198150635
0.10830199718475342
0.39386799931526184
0.12031999975442886
0.39042800664901733
0.13233700394630432
0.3869880139827728
0.14435400068759918
0.38354799151420593
0.15637099742889404
0.3801079988479614
0.16838900744915009
0.3766680061817169
0.18040600419044495
0.3732280135154724
0.1924230009317398
0.3697870075702667
0.20263999700546265
0.36258500814437866
0.2128559947013855
0.3553830087184906
0.22307300567626953
0.34817999601364136
0.23328900337219238
0.3409779965877533
0.24350599944591522
0.33377599716186523
0.25372201204299927
0.3265730142593384
0.2639389932155609
0.3193710148334503
0.27415499091148376
0.3121680021286011
0.2728959918022156
0.2997319996356964
0.2716369926929474
0.28729599714279175
0.2703779935836792
0.2748590111732483
0.269118994474411
0.26242300868034363
0.2678599953651428
0.24998599290847778
0.26660099625587463
0.23755000531673431
0.26534199714660645
0.22511300444602966
0.26408299803733826
0.212677001953125
0.2656579911708832
0.20027700066566467
0.2672320008277893
0.18787600100040436
0.26880601048469543
0.17547599971294403
0.27038100361824036
0.16307500004768372
0.2719550132751465
0.1506749987602234
0.2735289931297302
0.13827399909496307
0.27510398626327515
0.12587399780750275
0.2766779959201813
0.11347299814224243
0.28913599252700806
0.1145009994506836
0.30159300565719604
0.11552800238132477
0.3140510022640228
0.11655499786138535
0.3265089988708496
0.11758200079202652
0.3389669954776764
0.11861000210046768
0.3514240086078644
0.11963699758052826
0.36388200521469116
0.12066400051116943
0.37634000182151794
0.12169100344181061
0.3787519931793213
0.13395600020885468
0.381164014339447
0.14622099697589874
0.38357600569725037
0.158487007021904
0.3859879970550537
0.17075200378894806
0.38840100169181824
0.18301700055599213
0.3908129930496216
0.1952819973230362
0.3932250142097473
0.20754699409008026
0.39563700556755066
0.21981200575828552
0.4062950015068054
0.21328000724315643
0.4169520139694214
0.20674799382686615
0.42761000990867615
0.20021499693393707
0.4382669925689697
0.19368299841880798
0.4489249885082245
0.1871509999036789
0.45958200097084045
0.1806190013885498
0.4702399969100952
0.17408700287342072
0.4808970093727112
0.16755500435829163
0.48940199613571167
0.17671599984169006
0.49790599942207336
0.1858769953250885
0.5064110159873962
0.19503800570964813
0.5149149894714355
0.20419900119304657
0.523419976234436
0.21335899829864502
0.5319250226020813
0.22251999378204346
0.5404289960861206
0.2316810041666031
0.5489339828491211
0.24084199965000153
0.5575699806213379
0.24987900257110596
0.5662059783935547
0.2589159905910492
0.5748419761657715
0.2679539918899536
0.5834779739379883
0.27699100971221924
0.5921139717102051
0.2860279977321625
0.6007500290870667
0.2950649857521057
0.6093850135803223
0.30410200357437134
0.6180210113525391
0.3131389915943146
0.6284819841384888
0.31998300552368164
0.6389420032501221
0.3268260061740875
0.6494029760360718
0.3336690068244934
0.6598629951477051
0.3405120074748993
0.6703240275382996
0.3473550081253052
0.6807839870452881
0.35419899225234985
0.6912450194358826
0.36104199290275574
0.7017049789428711
0.3678849935531616
0.7136210203170776
0.36410799622535706
0.7255370020866394
0.36033201217651367
0.7374529838562012
0.3565559983253479
0.7493690252304077
0.35277900099754333
0.7612850069999695
0.34900298714637756
0.7731999754905701
0.3452270030975342
0.7851160168647766
0.3414500057697296
0.7970319986343384
0.33767399191856384
0.8085860013961792
0.3424449861049652
0.8201389908790588
0.34721699357032776
0.8316929936408997
0.3519879877567291
0.8432459831237793
0.3567590117454529
0.8547999858856201
0.36153098940849304
0.8663529753684998
0.3663020133972168
0.8779069781303406
0.37107399106025696
0.889460027217865
0.3758449852466583
0.8915370106697083
0.38817098736763
0.8936129808425903
0.40049800276756287
0.8956890106201172
0.41282400488853455
0.8977649807929993
0.425150990486145
0.8998420238494873
0.4374769926071167
0.9019179940223694
0.4498029947280884
0.9039940237998962
0.46213001012802124
0.9060699939727783
0.4744560122489929
0.9186490178108215
0.4724380075931549
