0.5794709920883179
0.6987370252609253
0.568136990070343
0.7040089964866638
0.5568029880523682
0.7092810273170471
0.5454689860343933
0.7145529985427856
0.5341349840164185
0.7198240160942078
0.5228009819984436
0.7250959873199463
0.5114669799804688
0.7303680181503296
0.5001329779624939
0.7356399893760681
0.48879900574684143
0.7409120202064514
0.4768890142440796
0.744704008102417
0.46497800946235657
0.7484970092773438
0.45306700468063354
0.7522900104522705
0.4411570131778717
0.7560819983482361
0.4292460083961487
0.7598749995231628
0.41733500361442566
0.7636680006980896
0.40542399883270264
0.7674610018730164
0.3935140073299408
0.7712529897689819
0.38976800441741943
0.7593280076980591
0.38602301478385925
0.747402012348175
0.3822779953479767
0.735476016998291
0.3785330057144165
0.723550021648407
0.37478798627853394
0.7116249799728394
0.37104201316833496
0.6996989846229553
0.3672969937324524
0.6877729892730713
0.3635520040988922
0.6758469939231873
0.36623498797416687
0.6636390089988708
0.3689189851284027
0.6514300107955933
0.37160199880599976
0.6392220258712769
0.3742859959602356
0.6270130276679993
0.37696900963783264
0.6148040294647217
0.3796519935131073
0.6025959849357605
0.38233599066734314
0.5903869867324829
0.3850190043449402
0.5781790018081665
0.3909130096435547
0.5671560168266296
0.396807998418808
0.556132972240448
0.4027020037174225
0.54510897397995
0.408596009016037
0.5340859889984131
0.4144900143146515
0.5230630040168762
0.4203839898109436
0.5120400190353394
0.4262790083885193
0.5010169744491577
0.4321730136871338
0.48999398946762085
0.4216119945049286
0.49668198823928833
0.41105198860168457
0.5033699870109558
0.40049099922180176
0.5100569725036621
0.38993099331855774
0.5167449712753296
0.3793700039386749
0.5234330296516418
0.3688099980354309
0.5301210284233093
0.3582499921321869
0.5368080139160156
0.3476890027523041
0.5434960126876831
0.33687299489974976
0.5372290015220642
0.3260580003261566
0.5309630036354065
0.3152419924736023
0.5246959924697876
0.30442699790000916
0.5184289813041687
0.29361099004745483
0.5121620297431946
0.2827950119972229
0.5058959722518921
0.2719799876213074
0.4996289908885956
0.26116400957107544
0.4933620095252991
0.2655560076236725
0.4816589951515198
0.2699489891529083
0.46995601058006287
0.27434098720550537
0.45825400948524475
0.2787339985370636
0.44655099511146545
0.28312599658966064
0.43484801054000854
0.2875179946422577
0.42314499616622925
0.2919110059738159
0.41144201159477234
0.29630300402641296
0.39973899722099304
0.307668000459671
0.39664798974990845
0.3190329968929291
0.39355701208114624
0.33039700984954834
0.39046600461006165
0.3417620062828064
0.38737499713897705
