0.2954440116882324
0.1320910006761551
0.3044919967651367
0.14071500301361084
0.3135400116443634
0.14934000372886658
0.3225879967212677
0.15796500444412231
0.3316360116004944
0.16658900678157806
0.3406839966773987
0.1752139925956726
0.34973201155662537
0.18383799493312836
0.35877999663352966
0.1924629956483841
0.36782801151275635
0.20108799636363983
0.3673369884490967
0.213578000664711
0.3668450117111206
0.22606800496578217
0.36635398864746094
0.23855899274349213
0.36586201190948486
0.2510490119457245
0.3653709888458252
0.26353898644447327
0.3648790121078491
0.2760300040245056
0.36438700556755066
0.2885200083255768
0.3638960123062134
0.30101001262664795
0.37152299284935
0.310914009809494
0.37915000319480896
0.3208169937133789
0.38677701354026794
0.3307200074195862
0.3944050073623657
0.34062400460243225
0.4020319879055023
0.35052698850631714
0.4096589982509613
0.3604300022125244
0.4172860085964203
0.3703339993953705
0.4249129891395569
0.38023701310157776
