0.11435600370168686
0.34140700101852417
0.12647700309753418
0.34446099400520325
0.1385979950428009
0.3475149869918823
0.15071900188922882
0.3505690097808838
0.16283999383449554
0.35362300276756287
0.17496199905872345
0.3566780090332031
0.18708300590515137
0.3597320020198822
0.1992039978504181
0.3627859950065613
0.211325004696846
0.36583998799324036
0.22379299998283386
0.36493799090385437
0.23625999689102173
0.3640359938144684
0.2487269937992096
0.3631350100040436
0.26119500398635864
0.3622330129146576
0.2736620008945465
0.3613309860229492
0.28613001108169556
0.3604300022125244
0.2985970079898834
0.3595280051231384
0.3110649883747101
0.35862600803375244
0.3130820095539093
0.3462899923324585
0.3151000142097473
0.33395400643348694
0.31711798906326294
0.321617990732193
0.31913599371910095
0.30928200483322144
0.32115399837493896
0.2969459891319275
0.3231709897518158
0.28461000323295593
0.3251889944076538
0.272273987531662
0.3272069990634918
0.25993800163269043
0.3223010003566742
0.24844099581241608
0.31739500164985657
0.23694300651550293
0.31248998641967773
0.22544600069522858
0.3075839877128601
0.21394899487495422
0.3026779890060425
0.20245200395584106
0.29777199029922485
0.1909549981355667
0.2928659915924072
0.17945800721645355
0.2879599928855896
0.1679610013961792
0.29959601163864136
0.16339200735092163
0.31123098731040955
0.15882399678230286
0.3228659927845001
0.1542550027370453
0.3345009982585907
0.1496870070695877
0.34613698720932007
0.14511799812316895
0.35777199268341064
0.14055000245571136
0.3694069981575012
0.1359809935092926
0.3810420036315918
0.13141199946403503
0.3856090009212494
0.14304900169372559
0.3901750147342682
0.15468500554561615
0.3947409987449646
0.16632099449634552
0.3993079960346222
0.17795699834823608
0.403874009847641
0.18959300220012665
0.4084399938583374
0.2012290060520172
0.413006991147995
0.21286499500274658
0.4175730049610138
0.22450099885463715
0.42150500416755676
0.23636600375175476
0.4254379868507385
0.24823200702667236
0.4293699860572815
0.2600969970226288
0.43330299854278564
0.2719619870185852
0.4372349977493286
0.2838279902935028
0.44116801023483276
0.2956930100917816
0.44510000944137573
0.30755800008773804
0.4490320086479187
0.31942400336265564
0.45280200242996216
0.33134201169013977
0.4565719962120056
0.3432599902153015
0.4603419899940491
0.35517799854278564
0.4641120135784149
0.3670960068702698
0.4678820073604584
0.3790130019187927
0.47165200114250183
0.39093101024627686
0.4754219949245453
0.4028489887714386
0.47919198870658875
0.41476699709892273
0.48353898525238037
0.426486998796463
0.4878849983215332
0.4382070004940033
0.49223101139068604
0.4499279856681824
0.4965769946575165
0.46164798736572266
0.5009229779243469
0.47336798906326294
0.5052700042724609
0.4850879907608032
0.5096160173416138
0.4968079924583435
0.5139619708061218
0.5085279941558838
0.5200300216674805
0.5194569826126099
0.5260969996452332
0.5303850173950195
0.532164990901947
0.5413140058517456
0.5382329821586609
0.5522419810295105
0.5443000197410583
0.5631710290908813
0.5503680109977722
0.5740990042686462
0.5564360022544861
0.5850279927253723
0.5625039935112
0.595956027507782
0.5654460191726685
0.6081050038337708
0.5683879852294922
0.6202539801597595
0.5713300108909607
0.6324030160903931
0.5742719769477844
0.6445509791374207
0.5772150158882141
0.6567000150680542
0.5801569819450378
0.668848991394043
0.5830990076065063
0.6809980273246765
0.5860409736633301
0.6931470036506653
0.5858139991760254
0.7070680260658264
