0.8816819787025452
0.3877590000629425
0.8738240003585815
0.3780379891395569
0.8659650087356567
0.36831700801849365
0.8581069707870483
0.35859599709510803
0.8502489924430847
0.3488749861717224
0.8423910140991211
0.3391540050506592
0.8345320224761963
0.32943299412727356
0.8266739845275879
0.3197120130062103
0.8188160061836243
0.3099910020828247
0.8092039823532104
0.3179819881916046
0.7995910048484802
0.3259730041027069
0.7899789810180664
0.3339639902114868
0.7803670167922974
0.3419550061225891
0.7707549929618835
0.349945992231369
0.7611420154571533
0.35793599486351013
0.7515299916267395
0.3659270107746124
0.7419180274009705
0.37391799688339233
0.7299190163612366
0.3774220049381256
0.7179200053215027
0.3809260129928589
0.7059209942817688
0.3844299912452698
0.6939219832420349
0.38793399930000305
0.6819239854812622
0.39143800735473633
0.6699249744415283
0.3949419856071472
0.6579260230064392
0.3984459936618805
0.6459270119667053
0.40195000171661377
0.6334270238876343
0.40187498927116394
0.6209279894828796
0.4018009901046753
0.6084280014038086
0.40172600746154785
0.5959280133247375
0.401650995016098
0.5834280252456665
0.4015769958496094
0.5709279775619507
0.40150201320648193
0.5584290027618408
0.4014280140399933
0.5459290146827698
0.40135300159454346
0.534608006477356
0.3960529863834381
0.5232869982719421
0.39075401425361633
0.5119659900665283
0.38545501232147217
0.5006449818611145
0.3801549971103668
0.48932400345802307
0.37485599517822266
0.47800299525260925
0.3695560097694397
0.46668198704719543
0.36425700783729553
0.4553599953651428
0.35895800590515137
0.44290900230407715
0.36006200313568115
0.4304580092430115
0.3611670136451721
0.4180069863796234
0.3622710108757019
0.40555599331855774
0.3633759915828705
0.39310500025749207
0.36448100209236145
0.3806540071964264
0.36558499932289124
0.3682030141353607
0.3666900098323822
0.35575199127197266
0.3677949905395508
0.3441300094127655
0.36319199204444885
0.33250799775123596
0.3585900068283081
0.3208859860897064
0.35398799180984497
0.30926400423049927
0.3493860065937042
0.2976419925689697
0.3447830080986023
0.2860200107097626
0.34018099308013916
0.27439799904823303
0.3355790078639984
0.2627759873867035
0.3309769928455353
0.2540090084075928
0.322066992521286
0.24524199962615967
0.31315699219703674
0.23647500574588776
0.3042469918727875
0.22770799696445465
0.2953369915485382
0.21894000470638275
0.28642699122428894
0.21017299592494965
0.2775169909000397
0.20140600204467773
0.2686069905757904
0.19263899326324463
0.25969699025154114
0.18387199938297272
0.25078698992729187
0.1751050055027008
0.2418770045042038
0.1663369983434677
0.23296700417995453
0.1575700044631958
0.22405800223350525
0.1488029956817627
0.21514800190925598
0.14003600180149078
0.2062380015850067
0.13126899302005768
0.19732800126075745
0.12250199913978577
0.18841800093650818
0.12012200057506561
0.176146000623703
0.11774300038814545
0.16387499868869781
0.11536400020122528
0.15160299837589264
0.11298500001430511
0.13933199644088745
0.11060599982738495
0.12705999612808228
0.10822699964046478
0.11478900164365768
0.10584700107574463
0.10251700133085251
0.10346800088882446
0.09024590253829956
0.09365859627723694
0.09998369961977005
0.08384890109300613
0.10972099751234055
0.07403910160064697
0.11945900321006775
