0.8208349943161011
0.10172700136899948
0.8150579929351807
0.11281199753284454
0.8092820048332214
0.1238970011472702
0.803505003452301
0.13498200476169586
0.7977280020713806
0.14606699347496033
0.7919510006904602
0.157151997089386
0.7861739993095398
0.16823700070381165
0.7803969979286194
0.1793220043182373
0.774619996547699
0.19040699303150177
0.7706459760665894
0.20225900411605835
0.7666710019111633
0.21411000192165375
0.7626969814300537
0.22596099972724915
0.7587230205535889
0.23781299591064453
0.7547479867935181
0.24966399371623993
0.7507740259170532
0.2615149915218353
0.7467989921569824
0.2733669877052307
0.7428249716758728
0.2852180004119873
0.7388200163841248
0.29705899953842163
0.7348150014877319
0.30889999866485596
0.7308099865913391
0.3207409977912903
0.7268049716949463
0.3325819969177246
0.7228000164031982
0.34442299604415894
0.7187950015068054
0.35626399517059326
0.7147899866104126
0.3681049942970276
0.7107849717140198
0.3799459934234619
0.7084659934043884
0.39222899079322815
0.7061470150947571
0.4045119881629944
0.7038289904594421
0.4167949855327606
0.7015100121498108
0.42907801270484924
0.6991909742355347
0.4413610100746155
0.6968730092048645
0.4536449909210205
0.6945539712905884
0.46592798829078674
0.692234992980957
0.478210985660553
0.6887800097465515
0.4902240037918091
0.685325026512146
0.5022370219230652
0.6818689703941345
0.5142490267753601
0.678413987159729
0.5262619853019714
0.6749590039253235
0.5382750034332275
0.671504020690918
0.5502880215644836
0.6680480241775513
0.562300980091095
0.664592981338501
0.5743139982223511
0.6646860241889954
0.5868139863014221
0.6647779941558838
0.5993139743804932
0.6648709774017334
0.6118130087852478
0.6649630069732666
0.6243129968643188
0.6650559902191162
0.6368129849433899
0.6651480197906494
0.6493120193481445
0.665241003036499
0.6618120074272156
0.6653339862823486
0.6743109822273254
0.6782119870185852
0.669979989528656
0.691091001033783
0.6656489968299866
0.7039700150489807
0.6613180041313171
0.7168480157852173
0.6569870114326477
0.729727029800415
0.6526550054550171
0.7426049709320068
0.6483240127563477
