0.893589973449707
0.501990020275116
0.8919230103492737
0.514378011226654
0.8902559876441956
0.5267670154571533
0.8885890245437622
0.5391550064086914
0.8869220018386841
0.5515440106391907
0.885254979133606
0.5639320015907288
0.8835880160331726
0.5763199925422668
0.8819209933280945
0.5887089967727661
0.8802539706230164
0.6010969877243042
0.879019021987915
0.61353600025177
0.877784013748169
0.6259750127792358
0.8765490055084229
0.6384130120277405
0.8753139972686768
0.6508520245552063
0.8740789890289307
0.6632909774780273
0.8728439807891846
0.6757299900054932
0.8716099858283997
0.688169002532959
0.8703749775886536
0.7006080150604248
0.8699349761009216
0.713100016117096
0.8694959878921509
0.7255920171737671
0.869055986404419
0.7380849719047546
0.8686169981956482
0.7505769729614258
0.8681769967079163
0.7630689740180969
0.8677380084991455
0.7755609750747681
0.8672990202903748
0.7880539894104004
0.8668590188026428
0.8005459904670715
0.8632979989051819
0.8128640055656433
