0.7941409945487976
0.3043229877948761
0.7851999998092651
0.313059002161026
0.7762590050697327
0.3217949867248535
0.7673190236091614
0.33052998781204224
0.7583780288696289
0.33926600217819214
0.7494379878044128
0.34800198674201965
0.7404969930648804
0.35673800110816956
0.7315559983253479
0.36547398567199707
0.7226160168647766
0.374210000038147
0.7156540155410767
0.3845919966697693
0.7086920142173767
0.3949739933013916
0.7017310261726379
0.4053559899330139
0.694769024848938
0.41573798656463623
0.687807023525238
0.42612001299858093
0.6808450222015381
0.43650099635124207
0.6738839745521545
0.4468829929828644
0.6669219732284546
0.4572649896144867
0.6597509980201721
0.46750399470329285
0.6525800228118896
0.4777419865131378
0.6454079747200012
0.4879800081253052
0.6382369995117188
0.49821901321411133
0.6310660243034363
0.5084570050239563
0.623894989490509
0.5186960101127625
0.6167240142822266
0.5289340019226074
0.6095529794692993
0.5391719937324524
0.6023390293121338
0.5493810176849365
0.5951250195503235
0.5595890283584595
0.5879110097885132
0.5697969794273376
0.5806970000267029
0.5800060033798218
0.5734829902648926
0.5902140140533447
0.5662689805030823
0.6004220247268677
0.559054970741272
0.6106299757957458
0.5518410205841064
0.62083899974823
0.5416889786720276
0.6281319856643677
0.5315369963645935
0.635424017906189
0.5213850140571594
0.6427170038223267
0.5112329721450806
0.6500099897384644
0.5010809898376465
0.657302975654602
0.4909290075302124
0.6645960211753845
0.48077699542045593
0.671887993812561
0.47062501311302185
0.6791809797286987
0.4616389870643616
0.687870979309082
0.45265400409698486
0.6965609788894653
0.44366899132728577
0.7052509784698486
0.4346829950809479
0.7139409780502319
0.42569801211357117
0.7226300239562988
0.41671299934387207
0.7313200235366821
0.4077270030975342
0.7400100231170654
0.3987419903278351
0.7487000226974487
0.3908179998397827
0.739031970500946
0.38289400935173035
0.7293649911880493
0.3749699890613556
0.7196969985961914
0.3670470118522644
0.7100290060043335
0.35912299156188965
0.7003620266914368
0.3511990010738373
0.6906939744949341
0.3432750105857849
0.6810259819030762
0.33535200357437134
0.6713590025901794
0.3298009932041168
0.6601589918136597
0.3242500126361847
0.6489589810371399
0.3186990022659302
0.6377589702606201
0.31314799189567566
0.6265590190887451
0.30759701132774353
0.6153590083122253
0.302046000957489
0.6041600108146667
0.2964949905872345
0.592960000038147
0.29094401001930237
0.5817599892616272
0.28539299964904785
0.5705599784851074
0.27984198927879333
0.5593600273132324
0.2742910087108612
0.5481600165367126
0.2687399983406067
0.5369600057601929
0.2631889879703522
0.5257599949836731
0.25763800740242004
0.5145609974861145
0.2520869970321655
0.5033609867095947
0.2465369999408722
0.49216100573539734
0.23421800136566162
0.49003899097442627
0.22189900279045105
0.4879170060157776
0.20958100259304047
0.4857960045337677
0.1972620040178299
0.48367398977279663
0.18494300544261932
0.48155200481414795
0.17262500524520874
0.47943100333213806
0.16030600666999817
0.477308988571167
0.14798800647258759
0.4751870036125183
0.14771999418735504
0.46268999576568604
0.1474509984254837
0.45019298791885376
0.14718300104141235
0.43769600987434387
0.146915003657341
0.4251990020275116
0.14664700627326965
0.4127019941806793
0.1463789939880371
0.40020498633384705
0.14611099660396576
0.387706995010376
0.1458429992198944
0.3752099871635437
0.13335099816322327
0.3747529983520508
0.12086000293493271
0.37429600954055786
0.10836800187826157
0.37383899092674255
0.09587650001049042
0.3733829855918884
0.08338490128517151
0.3729259967803955
0.07089319825172424
0.3724690079689026
0.058401599526405334
0.3720119893550873
0.04590990021824837
0.37155500054359436
0.046215299516916275
0.35905900597572327
0.046520598232746124
0.346561998128891
0.04682600125670433
0.3340660035610199
0.04713129997253418
0.3215700089931488
0.04743669927120209
0.30907300114631653
0.047742001712322235
0.29657700657844543
0.048047300428152084
0.28408101201057434
0.04835269972681999
0.27158498764038086
0.052152298390865326
0.2596760094165802
0.05595190078020096
0.24776799976825714
0.05975149944424629
0.2358590066432953
0.06355109810829163
0.22395099699497223
0.06735070049762726
0.21204200387001038
0.07115030288696289
0.20013299584388733
0.07494989782571793
0.18822500109672546
0.07874950021505356
0.17631599307060242
0.07437919825315475
0.16371700167655945
0.07000889629125595
0.1511169970035553
0.0656386986374855
0.13851700723171234
0.061268400400877
0.12591800093650818
0.056898098438978195
0.11331800371408463
