0.4806239902973175
0.25715601444244385
0.47730201482772827
0.2692059874534607
0.47398000955581665
0.2812570035457611
0.47065800428390503
0.29330700635910034
0.4673349857330322
0.30535799264907837
0.464013010263443
0.3174079954624176
0.46069100499153137
0.32945799827575684
0.45736899971961975
0.34150901436805725
0.45404699444770813
0.3535589873790741
0.45281898975372314
0.3659990131855011
0.45159000158309937
0.37843799591064453
0.4503610134124756
0.39087799191474915
0.4491330087184906
0.40331700444221497
0.44790399074554443
0.4157570004463196
0.44667500257492065
0.4281960129737854
0.44544699788093567
0.44063600897789
0.4442180097103119
0.45307499170303345
0.44174399971961975
0.46532800793647766
0.4392699897289276
0.4775809943675995
0.43679600954055786
0.4898329973220825
0.4343219995498657
0.5020859837532043
0.4318479895591736
0.514339029788971
0.42937400937080383
0.5265920162200928
0.4268999993801117
0.5388439893722534
0.42442700266838074
0.5510969758033752
0.4112530052661896
0.5463410019874573
0.3980799913406372
0.5415850281715393
0.38490599393844604
0.5368289947509766
0.37173300981521606
0.5320730209350586
0.3585590124130249
0.5273169875144958
0.34538599848747253
0.5225610136985779
