0.8418089747428894
0.7354620099067688
0.8294789791107178
0.7375159859657288
0.8171489834785461
0.7395709753036499
0.8048189878463745
0.7416250109672546
0.7924889922142029
0.7436800003051758
0.7801589965820312
0.7457339763641357
0.7678290009498596
0.7477890253067017
0.755499005317688
0.7498430013656616
0.7431690096855164
0.7518969774246216
0.7308589816093445
0.7540730237960815
0.7185500264167786
0.7562490105628967
0.7062410116195679
0.7584239840507507
0.6939319968223572
0.7605999708175659
0.6816229820251465
0.7627750039100647
0.6693130135536194
0.7649509906768799
0.6570039987564087
0.7671260237693787
0.644694983959198
0.7693020105361938
0.6345729827880859
0.7619670033454895
0.6244519948959351
0.7546319961547852
0.614329993724823
0.7472969889640808
0.6042090058326721
0.7399619817733765
0.5940870046615601
0.7326269745826721
0.583965003490448
0.7252920269966125
0.5738440155982971
0.7179570198059082
0.5637220144271851
0.7106209993362427
0.5513550043106079
0.7124379873275757
0.5389879941940308
0.7142549753189087
0.5266199707984924
0.7160710096359253
0.5142530202865601
0.7178879976272583
0.5018860101699829
0.7197049856185913
0.4895179867744446
0.7215210199356079
0.4771510064601898
0.7233380079269409
0.46478399634361267
0.7251549959182739
0.46259599924087524
0.7128480076789856
0.4604080021381378
0.7005410194396973
0.4582200050354004
0.6882339715957642
0.45603200793266296
0.6759260296821594
0.45384499430656433
0.6636189818382263
0.4516569972038269
0.651311993598938
0.4494690001010895
0.6390050053596497
0.44728100299835205
0.6266980171203613
0.4347890019416809
0.6271439790725708
0.42229700088500977
0.627590000629425
0.4098049998283386
0.6280360221862793
0.3973129987716675
0.6284819841384888
0.38482099771499634
0.628928005695343
0.3723289966583252
0.6293740272521973
0.35983699560165405
0.6298189759254456
0.3473449945449829
0.6302649974822998
0.34684300422668457
0.617775022983551
0.346341997385025
0.6052849888801575
0.3458409905433655
0.5927960276603699
0.3453400135040283
0.5803059935569763
0.3448379933834076
0.5678160190582275
0.34433698654174805
0.555325984954834
0.3438360095024109
0.5428360104560852
0.34333500266075134
0.5303459763526917
0.3310439884662628
0.5326250195503235
0.3187539875507355
0.5349050164222717
0.30646300315856934
0.53718501329422
0.294173002243042
0.539463996887207
0.28188300132751465
0.5417439937591553
0.2695919871330261
0.5440239906311035
0.2573019862174988
0.5463029742240906
0.24501200020313263
0.5485829710960388
0.23878000676631927
0.5377470254898071
0.23254899680614471
0.5269110202789307
0.22631700336933136
0.5160750150680542
0.2200859934091568
0.5052390098571777
0.21385499835014343
0.49440300464630127
0.20762300491333008
0.4835669994354248
0.20139199495315552
0.47273099422454834
0.19516000151634216
0.4618949890136719
0.20212100446224213
0.45151200890541077
0.2090820074081421
0.44112899899482727
0.21604199707508087
0.43074700236320496
0.22300300002098083
0.42036399245262146
0.2299630045890808
0.40998101234436035
0.23692399263381958
0.39959800243377686
0.24388499557971954
0.38921600580215454
0.2508449852466583
0.37883299589157104
0.24668200314044952
0.3670470118522644
0.24251900613307953
0.3552600145339966
0.23835599422454834
0.34347400069236755
0.23419299721717834
0.3316879868507385
0.23002900183200836
0.3199009895324707
0.22586600482463837
0.30811500549316406
0.22170299291610718
0.29632899165153503
0.21753999590873718
0.2845419943332672
0.2116049975156784
0.27354100346565247
0.20567099750041962
0.2625400125980377
0.19973599910736084
0.2515380084514618
0.19380100071430206
0.24053700268268585
0.1878660023212433
0.2295359969139099
0.1819320023059845
0.21853399276733398
0.17599700391292572
0.20753300189971924
0.17006200551986694
0.1965319961309433
0.16473600268363953
0.18522299826145172
0.1594099998474121
0.17391499876976013
0.1540839970111847
0.16260600090026855
0.14875799417495728
0.15129800140857697
0.14343200623989105
0.1399890035390854
0.13810600340366364
0.1286800056695938
0.13278000056743622
0.11737199872732162
0.1274539977312088
0.10606300085783005
0.12226500362157822
0.09504669904708862
0.11707700043916702
0.08403009921312332
