0.23436500132083893
0.21598899364471436
0.23743300139904022
0.2281070053577423
0.2405019998550415
0.24022400379180908
0.2435699999332428
0.25234198570251465
0.2466380000114441
0.2644590139389038
0.24970600008964539
0.2765769958496094
0.25277501344680786
0.28869399428367615
0.25584301352500916
0.3008120059967041
0.25891101360321045
0.31292998790740967
0.25964000821113586
0.325408011674881
0.2603699862957001
0.3378869891166687
0.2610990107059479
0.3503659963607788
0.2618289887905121
0.36284399032592773
0.2625580132007599
0.37532299757003784
0.2632879912853241
0.38780200481414795
0.2640169858932495
0.40028101205825806
0.2647469937801361
0.412759006023407
0.26014700531959534
0.4243820011615753
0.25554800033569336
0.43600499629974365
0.2509480118751526
0.447627991437912
0.2463490068912506
0.4592509865760803
0.24174900352954865
0.47087401151657104
0.23714999854564667
0.4824970066547394
0.2325499951839447
0.4941200017929077
0.22795100510120392
0.5057430267333984
0.21682000160217285
0.5114319920539856
0.20568899810314178
0.5171200037002563
0.1945589929819107
0.5228080153465271
0.18342800438404083
0.5284969806671143
0.17229700088500977
0.534184992313385
0.1611659973859787
0.5398730039596558
0.1500360071659088
0.5455620288848877
0.13890500366687775
0.5512499809265137
0.14040400087833405
0.5636600255966187
0.14190199971199036
0.5760700106620789
0.14340099692344666
0.5884799957275391
0.14489999413490295
0.6008899807929993
0.14639900624752045
0.6132990121841431
0.14789700508117676
0.6257089972496033
0.14939600229263306
0.6381189823150635
0.15089499950408936
0.6505290269851685
0.14775599539279938
0.6626279950141907
0.14461800456047058
0.6747279763221741
0.1414790004491806
0.6868280172348022
0.1383409947156906
0.6989269852638245
0.13520200550556183
0.7110270261764526
0.13206399977207184
0.7231259942054749
0.12892499566078186
0.7352259755134583
0.12578700482845306
0.7473260164260864
0.13191500306129456
0.7582200169563293
0.13804300129413605
0.7691149711608887
0.14417199790477753
0.7800099849700928
0.15029999613761902
0.7909039855003357
0.1564279943704605
0.8017989993095398
0.162555992603302
0.8126940131187439
0.1686840057373047
0.823589026927948
0.17481300234794617
0.8344830274581909
0.1666959971189499
0.8439890146255493
0.1585790067911148
0.8534960150718689
0.15046299993991852
0.8630020022392273
0.14234599471092224
0.8725079894065857
0.13422900438308716
0.8820149898529053
0.12611199915409088
0.8915209770202637
0.11799599975347519
0.9010270237922668
0.10987900197505951
0.9105330109596252
0.12211000174283981
0.9079520106315613
0.13434000313282013
0.9053710103034973
0.14657099545001984
0.9027900099754333
0.15880200266838074
0.9002090096473694
0.17103199660778046
0.8976280093193054
0.18326300382614136
0.8950470089912415
0.19549299776554108
0.8924660086631775
0.20772400498390198
0.8898850083351135
0.21282300353050232
0.8999850153923035
0.21792100369930267
0.9100850224494934
