0.9290900230407715
0.5972959995269775
0.9167259931564331
0.5954570174217224
0.9043620228767395
0.5936179757118225
0.8919979929924011
0.5917789936065674
0.8796340227127075
0.5899400115013123
0.8672699928283691
0.5881019830703735
0.8549060225486755
0.5862630009651184
0.8425419926643372
0.5844240188598633
0.8301780223846436
0.5825849771499634
0.8289840221405029
0.5701419711112976
0.8277900218963623
0.5576990246772766
0.8265969753265381
0.5452560186386108
0.8254029750823975
0.5328130125999451
0.8242089748382568
0.5203700065612793
0.8230149745941162
0.5079280138015747
0.8218219876289368
0.49548500776290894
0.8206279873847961
0.48304200172424316
0.8126810193061829
0.4733929932117462
0.8047339916229248
0.46374401450157166
0.7967879772186279
0.4540950059890747
0.7888410091400146
0.44444701075553894
0.7808939814567566
0.434798002243042
0.7729470133781433
0.42514899373054504
0.7649999856948853
0.4154999852180481
0.7570539712905884
0.40585198998451233
0.7591189742088318
0.3935230076313019
0.7611839771270752
0.3811950087547302
0.7632489800453186
0.36886700987815857
0.765313982963562
0.3565390110015869
0.7673789858818054
0.3442099988460541
0.7694439888000488
0.3318819999694824
0.7715089917182922
0.31955400109291077
0.7735739946365356
0.3072260022163391
0.7628600001335144
0.3136630058288574
0.752144992351532
0.3201009929180145
0.7414299845695496
0.32653799653053284
0.7307149767875671
0.33297601342201233
0.7200000286102295
0.33941298723220825
0.7092850208282471
0.34585100412368774
0.6985700130462646
0.35228800773620605
0.6878550052642822
0.35872599482536316
0.6782919764518738
0.3667750060558319
0.6687279939651489
0.37482398748397827
0.6591640114784241
0.382872998714447
0.6496009826660156
0.39092200994491577
0.6400370001792908
0.39897099137306213
0.6304730176925659
0.4070200026035309
0.6209099888801575
0.41506901383399963
0.6113460063934326
0.423117995262146
0.5993810296058655
0.41950199007987976
0.5874149799346924
0.4158860146999359
0.5754500031471252
0.4122700095176697
0.5634840130805969
0.40865299105644226
0.551518976688385
0.405036985874176
0.5395529866218567
0.4014210104942322
0.5275869965553284
0.39780500531196594
0.5156220197677612
0.3941890001296997
0.5150420069694519
0.4066759943962097
0.5144619941711426
0.41916200518608093
0.5138819813728333
0.43164899945259094
0.5133029818534851
0.44413501024246216
0.5127230286598206
0.45662200450897217
0.5121430158615112
0.469107985496521
0.5115630030632019
0.4815950095653534
0.5109829902648926
0.4940809905529022
0.5024470090866089
0.5032129883766174
0.4939109981060028
0.512345016002655
0.48537498712539673
0.5214759707450867
0.47683900594711304
0.5306079983711243
0.46830400824546814
0.5397400259971619
0.45976799726486206
0.5488719940185547
0.451231986284256
0.5580030083656311
0.4426960051059723
0.5671349763870239
0.4319100081920624
0.5734540224075317
0.42112499475479126
0.5797719955444336
0.41033899784088135
0.5860909819602966
0.3995540142059326
0.5924090147018433
0.3887690007686615
0.5987280011177063
0.3779830038547516
0.6050469875335693
0.36719799041748047
0.611365020275116
0.35641300678253174
0.617684006690979
0.3446980118751526
0.6133220195770264
0.33298400044441223
0.6089590191841125
0.3212699890136719
0.6045969724655151
0.3095560073852539
0.6002349853515625
0.29784199595451355
0.5958729982376099
0.2861280143260956
0.591509997844696
0.2744140028953552
0.5871480107307434
0.26269999146461487
0.5827860236167908
0.2533249855041504
0.5910540223121643
0.2439509928226471
0.5993229746818542
0.2345760017633438
0.607591986656189
0.22520199418067932
0.6158599853515625
0.21582700312137604
0.6241289973258972
0.20645299553871155
0.6323969960212708
0.19707900285720825
0.6406660079956055
0.18770399689674377
0.6489350199699402
0.17546799778938293
0.6463800072669983
0.1632319986820221
0.6438260078430176
0.15099500119686127
0.6412720084190369
0.13875900208950043
0.638716995716095
0.1265230029821396
0.6361629962921143
0.11428699642419815
0.6336079835891724
0.10205099731683731
0.6310539841651917
0.08981429785490036
0.6284999847412109
0.08857230097055435
0.6160619854927063
0.08733019977807999
0.6036229729652405
0.08608809858560562
0.5911849737167358
0.08484599739313126
0.5787469744682312
0.08360390365123749
0.5663089752197266
0.08236180245876312
0.5538709759712219
0.08111979812383652
0.5414329767227173
0.07987769693136215
0.5289949774742126
0.07363530248403549
0.5219060182571411
0.067392997443676
0.514818012714386
