0.3314729928970337
0.7752169966697693
0.31934401392936707
0.7721909880638123
0.30721598863601685
0.7691649794578552
0.295087993144989
0.7661389708518982
0.2829599976539612
0.7631120085716248
0.27083200216293335
0.7600859999656677
0.2587040066719055
0.7570599913597107
0.2465759962797165
0.7540339827537537
0.23444700241088867
0.7510079741477966
0.22326399385929108
0.7454230189323425
0.21208100020885468
0.7398380041122437
0.20089800655841827
0.7342529892921448
0.18971499800682068
0.7286679744720459
0.17853300273418427
0.7230830192565918
0.16734999418258667
0.7174980044364929
0.15616700053215027
0.711912989616394
0.14498400688171387
0.7063279747962952
