0.7552130222320557
0.4223659932613373
0.7453010082244873
0.4299820065498352
0.735388994216919
0.43759799003601074
0.7254769802093506
0.44521400332450867
0.715565025806427
0.4528290033340454
0.7056530117988586
0.46044498682022095
0.6957409977912903
0.46806100010871887
0.6858289837837219
0.4756770133972168
0.6759170293807983
0.48329299688339233
0.6665670275688171
0.4915890097618103
0.6572170257568359
0.49988600611686707
0.6478670239448547
0.5081819891929626
0.6385179758071899
0.5164790153503418
0.6291679739952087
0.5247750282287598
0.6198179721832275
0.5330719947814941
0.6104679703712463
0.5413690209388733
0.6011189818382263
0.5496649742126465
0.5905629992485046
0.5563610196113586
0.5800079703330994
0.5630559921264648
0.5694519877433777
0.5697519779205322
0.5588970184326172
0.5764480233192444
0.5483409762382507
0.5831429958343506
0.5377860069274902
0.589838981628418
0.5272300243377686
0.5965350270271301
0.5166749954223633
0.6032299995422363
0.5048050284385681
0.6071490049362183
0.4929350018501282
0.6110680103302002
0.4810659885406494
0.6149870157241821
0.46919599175453186
0.6189060211181641
0.4573259949684143
0.622825026512146
0.44545599818229675
0.6267439723014832
0.4335860013961792
0.6306629776954651
0.42171698808670044
0.634581983089447
0.41008099913597107
0.6391509771347046
0.3984459936618805
0.6437199711799622
0.3868109881877899
0.6482880115509033
0.37517601251602173
0.6528570055961609
0.36354100704193115
0.6574259996414185
0.3519060015678406
0.6619939804077148
0.34027099609375
0.6665629744529724
0.32863500714302063
0.6711320281028748
0.31661900877952576
0.6676899790763855
0.3046019971370697
0.664247989654541
0.29258498549461365
0.6608060002326965
0.28056800365448
0.657364010810852
0.2685520052909851
0.6539210081100464
0.25653499364852905
0.6504790186882019
0.2445179969072342
0.6470370292663574
0.23250199854373932
0.6435949802398682
0.22767099738121033
0.6551240086555481
0.22284099459648132
0.6666529774665833
0.2180110067129135
0.6781820058822632
0.2131810039281845
0.6897109746932983
0.2083510011434555
0.7012410163879395
0.2035209983587265
0.7127699851989746
0.1986909955739975
0.7242990136146545
0.1938609927892685
0.7358279824256897
0.19976000487804413
0.7468479871749878
0.20566000044345856
0.7578679919242859
0.211558997631073
0.7688890099525452
0.21745899319648743
0.7799090147018433
0.22335800528526306
0.7909290194511414
0.2292570024728775
0.8019490242004395
0.23515699803829193
0.812969982624054
0.24105599522590637
0.823989987373352
0.23180800676345825
0.8323990106582642
0.22256000339984894
0.8408089876174927
0.21331100165843964
0.8492180109024048
0.20406299829483032
0.8576269745826721
0.19481399655342102
0.8660370111465454
0.1855659931898117
0.8744459748268127
0.1763180047273636
0.882856011390686
0.16706900298595428
0.8912649750709534
0.15674999356269836
0.9006479978561401
0.14643099904060364
0.9100310206413269
0.1361120045185089
0.9194139838218689
0.125792995095253
0.9287970066070557
0.11547400057315826
0.9381800293922424
