0.46061399579048157
0.7413750290870667
0.44854700565338135
0.7381129860877991
0.43647998571395874
0.7348510026931763
0.4244129955768585
0.7315890192985535
0.4123460054397583
0.7283279895782471
0.4002789855003357
0.7250660061836243
0.3882119953632355
0.7218040227890015
0.37614500522613525
0.7185419797897339
0.36407798528671265
0.7152799963951111
0.3565270006656647
0.7053189873695374
0.3489750027656555
0.6953579783439636
0.34142398834228516
0.6853970289230347
0.333871990442276
0.6754360198974609
0.326321005821228
0.6654750108718872
0.31876900792121887
0.6555129885673523
0.3112179934978485
0.6455519795417786
0.30366599559783936
0.6355909705162048
0.3068050146102905
0.6234909892082214
0.3099440038204193
0.6113920211791992
0.3130829930305481
0.5992929935455322
0.31622201204299927
0.5871930122375488
0.31936100125312805
0.5750939846038818
0.32249999046325684
0.5629940032958984
0.325639009475708
0.5508949756622314
0.3287779986858368
0.538794994354248
0.33977600932121277
0.5328549742698669
0.35077500343322754
0.5269160270690918
0.3617739975452423
0.5209760069847107
0.3727720081806183
0.5150359869003296
0.38377100229263306
0.5090969800949097
0.3947699964046478
0.5031570196151733
0.4057680070400238
0.49721699953079224
0.4167670011520386
0.4912779927253723
0.4287889897823334
0.49470099806785583
0.44081100821495056
0.49812498688697815
0.45283299684524536
0.5015490055084229
0.46485498547554016
0.504971981048584
0.47687700390815735
0.5083960294723511
0.48889899253845215
0.5118190050125122
0.5009210109710693
0.5152429938316345
0.5129430294036865
0.5186669826507568
0.5247889757156372
0.5226560235023499
0.5366359949111938
0.5266460180282593
0.5484820008277893
0.5306349992752075
0.5603280067443848
0.5346239805221558
0.5721740126609802
0.5386139750480652
0.5840209722518921
0.5426030158996582
0.5958669781684875
0.5465930104255676
0.607712984085083
0.5505819916725159
0.620212972164154
0.5505790114402771
0.6327130198478699
0.5505769848823547
0.6452130079269409
0.550574004650116
0.657712996006012
0.5505710244178772
0.670212984085083
0.5505679845809937
0.682712972164154
0.5505650043487549
0.6952130198478699
0.5505620241165161
0.7077130079269409
0.5505589842796326
0.7202050089836121
0.551023006439209
0.732695996761322
0.5514879822731018
0.745186984539032
0.5519520044326782
0.7576789855957031
0.5524160265922546
0.7701699733734131
0.5528799891471863
0.7826619744300842
0.5533440113067627
0.795153021812439
0.5538079738616943
0.8076440095901489
0.5542719960212708
0.8136100172996521
0.543287992477417
0.8195769786834717
0.5323039889335632
0.8255429863929749
0.5213189721107483
0.831508994102478
0.5103350281715393
0.8374750018119812
0.49935099482536316
0.8434410095214844
0.4883660078048706
0.8494070172309875
0.47738200426101685
0.8553730249404907
0.4663980007171631
0.8670380115509033
0.46190598607063293
0.8787040114402771
0.45741501450538635
0.8903689980506897
0.4529229998588562
0.9020339846611023
0.44843098521232605
0.9136989712715149
0.44394001364707947
0.9253640174865723
0.4394479990005493
0.9370290040969849
0.43495699763298035
0.9486939907073975
0.4304650127887726
0.9368360042572021
0.4265120029449463
0.9249780178070068
0.42255899310112
0.9131190180778503
0.4186060130596161
0.9012609720230103
0.4146519899368286
0.8894019722938538
0.4106990098953247
0.8775439858436584
0.4067460000514984
0.865684986114502
0.4027929902076721
0.8538269996643066
0.3988400101661682
0.8586699962615967
0.3873159885406494
0.8635129928588867
0.375791996717453
0.8683549761772156
0.3642680048942566
0.8731979727745056
0.3527440130710602
0.8780410289764404
0.34122100472450256
0.8828840255737305
0.32969701290130615
0.8877260088920593
0.31817299127578735
0.8925690054893494
0.30664899945259094
0.8862670063972473
0.29585400223731995
0.8799650073051453
0.28505900502204895
0.873661994934082
0.27426499128341675
0.86735999584198
0.26346999406814575
0.8610579967498779
0.25267499685287476
0.8547549843788147
0.24187999963760376
0.8484529852867126
0.23108500242233276
0.8421509861946106
0.22029000520706177
0.8473140001296997
0.20980699360370636
0.85247802734375
0.19932499527931213
0.8576419949531555
0.18884199857711792
