0.27157801389694214
0.888342022895813
0.27063700556755066
0.8758779764175415
0.26969701051712036
0.8634129762649536
0.2687560021877289
0.8509489893913269
0.2678160071372986
0.838483989238739
0.2668749988079071
0.8260200023651123
0.2659350037574768
0.8135550022125244
0.2649939954280853
0.8010900020599365
0.26405400037765503
0.7886260151863098
0.2727620005607605
0.7796580195426941
0.28147000074386597
0.7706900238990784
0.29017800092697144
0.7617220282554626
0.2988860011100769
0.7527549862861633
0.3075940012931824
0.7437869906425476
0.31630200147628784
0.7348189949989319
0.3250100016593933
0.7258509993553162
0.3337180018424988
0.7168840169906616
0.3344930112361908
0.7044079899787903
0.3352679908275604
0.6919320225715637
0.3360440135002136
0.6794559955596924
0.33681899309158325
0.6669800281524658
0.33759400248527527
0.6545040011405945
0.3383699953556061
0.6420279741287231
0.3391450047492981
0.6295520067214966
0.3399200141429901
0.6170759797096252
0.32804399728775024
0.6131749749183655
0.31616899371147156
0.6092740297317505
0.3042930066585541
0.6053739786148071
0.2924169898033142
0.6014729738235474
0.28054100275039673
0.5975720286369324
0.26866599917411804
0.5936710238456726
0.25679001212120056
0.5897700190544128
0.2449139952659607
0.5858700275421143
0.23664900660514832
0.5764920115470886
0.22838400304317474
0.567113995552063
0.22011899948120117
0.5577369928359985
0.2118539959192276
0.5483589768409729
0.20358900725841522
0.5389819741249084
0.19532400369644165
0.5296040177345276
0.18705900013446808
0.520226001739502
0.1787939965724945
0.5108489990234375
0.17372100055217743
0.499424010515213
0.16864800453186035
0.4880000054836273
0.16357499361038208
0.4765760004520416
0.158501997590065
0.46515101194381714
0.1534299999475479
0.45372700691223145
0.14835700392723083
0.44230300188064575
0.14328399300575256
0.43087801337242126
0.13821099698543549
0.41945400834083557
0.1407179981470108
0.40720799565315247
0.14322499930858612
0.39496201276779175
0.14573200047016144
0.38271600008010864
0.14823900163173676
0.37046998739242554
0.15074500441551208
0.3582240045070648
0.1532520055770874
0.3459779918193817
0.15575900673866272
0.333732008934021
0.15826599299907684
0.3214859962463379
0.14960600435733795
0.31247198581695557
0.14094500243663788
0.30345800518989563
0.1322849988937378
0.2944450080394745
0.12362399697303772
0.28543099761009216
0.11496400088071823
0.27641698718070984
0.10630299896001816
0.2674039900302887
0.09764260053634644
0.25839000940322876
0.08898209780454636
0.24937599897384644
0.09994859993457794
0.24337700009346008
0.11091499775648117
0.23737800121307373
0.12188100069761276
0.23138000071048737
0.13284799456596375
0.225381001830101
0.14381399750709534
0.21938200294971466
0.15478099882602692
0.2133830040693283
0.1657470017671585
0.20738400518894196
0.1767140030860901
0.2013850063085556
0.18857300281524658
0.19743399322032928
0.20043200254440308
0.19348299503326416
0.21229100227355957
0.18953199684619904
0.22415000200271606
0.1855809986591339
0.23601000010967255
0.1816300004720688
0.24786899983882904
0.17768000066280365
0.25972801446914673
0.17372900247573853
0.2715870141983032
0.1697780042886734
0.2828400135040283
0.16433599591255188
0.2940939962863922
0.15889300405979156
0.3053469955921173
0.15345099568367004
0.3165999948978424
0.14800900220870972
0.3278529942035675
0.1425669938325882
0.3391059935092926
0.13712500035762787
0.3503589928150177
0.13168300688266754
0.3616119921207428
0.12624099850654602
0.36989399790763855
0.11687800288200378
0.3781760036945343
0.10751599818468094
0.38645800948143005
0.0981530025601387
0.3947399854660034
0.0887904018163681
0.40302199125289917
0.0794278010725975
0.4113039970397949
0.0700652003288269
0.4195860028266907
0.060702599585056305
0.4278680086135864
0.051339998841285706
0.4299370050430298
0.06366769969463348
0.43200498819351196
0.07599540054798126
0.43407300114631653
0.08832310140132904
0.4361410140991211
0.10065100342035294
0.43821001052856445
0.112977996468544
0.44027799367904663
0.12530599534511566
0.4423460066318512
0.13763399422168732
0.44441500306129456
0.14996199309825897
0.44493600726127625
0.16245099902153015
0.44545799493789673
0.17494000494480133
0.4459800124168396
0.18742899596691132
0.4465020000934601
0.1999180018901825
0.44702398777008057
0.21240699291229248
0.44754600524902344
0.22489599883556366
0.4480679929256439
0.23738500475883484
0.4485889971256256
0.24987399578094482
0.4554300010204315
0.2603360116481781
0.4622719883918762
0.270797997713089
0.46911299228668213
0.28126001358032227
0.47595399618148804
0.29172199964523315
0.48279500007629395
0.30218398571014404
0.48963600397109985
0.31264498829841614
0.49647700786590576
0.3231070041656494
0.5033180117607117
0.3335689902305603
0.5138570070266724
0.34029000997543335
0.5243970155715942
0.347010999917984
0.5349360108375549
0.35373198986053467
0.5454760193824768
0.36045199632644653
0.5560150146484375
0.3671729862689972
0.5665550231933594
0.37389400601387024
0.5770940184593201
0.3806149959564209
0.5876340270042419
0.38733598589897156
0.5975430011749268
0.39495399594306946
0.6074529886245728
0.40257298946380615
0.6173629760742188
0.41019201278686523
0.6272730231285095
0.41781100630760193
0.6371819972991943
0.4254299998283386
0.6470919847488403
0.4330489933490753
0.6570019721984863
0.440667986869812
0.6669120192527771
0.4482859969139099
0.6791189908981323
0.4509750008583069
0.6913269758224487
0.4536629915237427
0.7035340070724487
0.45635199546813965
0.7157419919967651
0.45903998613357544
0.7279490232467651
0.4617289900779724
0.7401559948921204
0.4644170105457306
0.7523639798164368
0.46710601449012756
0.7645710110664368
0.46979400515556335
0.7770180106163025
0.47095000743865967
0.789463996887207
0.4721069931983948
0.8019109964370728
0.4732629954814911
0.8143569827079773
0.4744189977645874
0.8268030285835266
0.4755760133266449
0.8392500281333923
0.4767319858074188
0.8516960144042969
0.47788798809051514
0.8641430139541626
0.47904500365257263
0.859283983707428
0.46752700209617615
0.8544260263442993
0.45601001381874084
0.8495680093765259
0.44449299573898315
0.8447089791297913
0.43297600746154785
0.8398510217666626
0.42145898938179016
0.8349930047988892
0.4099409878253937
0.8301339745521545
0.3984239995479584
0.8252760171890259
0.38690701127052307
0.8197259902954102
0.3757059872150421
0.8141760230064392
0.3645060062408447
0.8086270093917847
0.35330501198768616
0.803076982498169
0.3421050012111664
0.797527015209198
0.3309040069580078
0.7919780015945435
0.31970399618148804
0.7864279747009277
0.30850398540496826
0.7808780074119568
0.2973029911518097
0.7684839963912964
0.2956779897212982
0.756089985370636
0.29405200481414795
0.7436969876289368
0.2924270033836365
0.7313029766082764
0.290802001953125
0.7189090251922607
0.28917598724365234
0.7065150141716003
0.28755098581314087
0.6941210031509399
0.2859250009059906
0.6817269921302795
0.2842999994754791
0.6796820163726807
0.27035701274871826
0.677636981010437
0.256413996219635
0.6755920052528381
0.24247099459171295
0.6735470294952393
0.2285279929637909
0.6715019941329956
0.21458500623703003
0.6694560050964355
0.20064200460910797
