0.24995599687099457
0.5247060060501099
0.2512440085411072
0.5122730135917664
0.2525320053100586
0.49983999133110046
0.25382000207901
0.4874059855937958
0.2551079988479614
0.47497299313545227
0.25639599561691284
0.4625389873981476
0.25768399238586426
0.4501059949398041
0.2589719891548157
0.4376719892024994
0.2602599859237671
0.4252389967441559
0.25854501128196716
0.4128569960594177
0.25682899355888367
0.40047499537467957
0.25511398911476135
0.3880929946899414
0.2533990144729614
0.37571200728416443
0.2516840100288391
0.36333000659942627
0.2499690055847168
0.3509480059146881
0.24825400114059448
0.33856600522994995
0.24653899669647217
0.3261849880218506
0.2341970056295395
0.32420000433921814
0.2218559980392456
0.3222149908542633
0.20951400697231293
0.32023000717163086
0.19717299938201904
0.3182460069656372
0.18483200669288635
0.3162609934806824
0.17249000072479248
0.3142760097980499
0.1601489931344986
0.3122909963130951
0.14780700206756592
0.31030699610710144
0.1441500037908554
0.298352986574173
0.1404930055141449
0.2863999903202057
0.1368360072374344
0.2744469940662384
0.13317899405956268
0.2624939978122711
0.12952199578285217
0.25054100155830383
0.12586499750614166
0.23858800530433655
0.12220799922943115
0.22663499414920807
0.11855000257492065
0.21468199789524078
0.1147800013422966
0.2023569941520691
0.11100900173187256
0.1900320053100586
0.10723800212144852
0.1777070015668869
0.10346700251102448
0.16538099944591522
