0.20173799991607666
0.6476969718933105
0.20965300500392914
0.6380220055580139
0.21756799519062042
0.6283469796180725
0.2254820019006729
0.6186720132827759
0.2333970069885254
0.6089969873428345
0.24131199717521667
0.5993220210075378
0.24922600388526917
0.5896459817886353
0.25714099407196045
0.5799710154533386
0.2650560140609741
0.5702959895133972
0.27730900049209595
0.5727670192718506
0.2895619869232178
0.5752390027046204
0.3018159866333008
0.577709972858429
0.314069002866745
0.5801810026168823
0.3263219892978668
0.5826519727706909
0.33857598900794983
0.5851230025291443
0.35082900524139404
0.5875949859619141
0.36308199167251587
0.5900660157203674
0.36560800671577454
0.6023079752922058
0.368133008480072
0.614549994468689
0.3706589937210083
0.6267920136451721
0.3731839954853058
0.6390349864959717
0.37571001052856445
0.6512770056724548
0.37823501229286194
0.663519024848938
0.3807609975337982
0.6757609844207764
0.3832870125770569
0.6880030035972595
0.3891499936580658
0.6990429759025574
0.3950130045413971
0.7100830078125
0.400875985622406
0.7211229801177979
0.4067389965057373
0.7321619987487793
0.4126020073890686
0.7432019710540771
0.4184649884700775
0.7542420029640198
0.4243279993534088
0.7652810215950012
0.4301910102367401
0.7763209939002991
0.43014198541641235
0.7888209819793701
0.430092990398407
0.8013210296630859
0.4300450086593628
0.813821017742157
0.4299960136413574
0.826321005821228
0.42994698882102966
0.8388209939002991
0.4298990070819855
0.8513200283050537
0.4298500120639801
0.8638200163841248
0.42980098724365234
0.8763200044631958
