0.860310971736908
0.6895130276679993
0.8489819765090942
0.6947950124740601
0.8376529812812805
0.7000769972801208
0.8263229727745056
0.7053589820861816
0.8149939775466919
0.7106410264968872
0.8036649823188782
0.715923011302948
0.7923359870910645
0.7212049961090088
0.7810059785842896
0.7264869809150696
0.7696769833564758
0.7317690253257751
0.7573490142822266
0.7338340282440186
0.7450209856033325
0.7358999848365784
0.7326930165290833
0.737966001033783
0.7203649878501892
0.7400320172309875
0.7080370187759399
0.7420979738235474
0.6957089900970459
0.744163990020752
0.6833810210227966
0.7462300062179565
0.6710529923439026
0.7482960224151611
0.6587240099906921
0.7462329864501953
0.6463959813117981
0.7441689968109131
0.6340669989585876
0.7421050071716309
0.6217389702796936
0.7400410175323486
0.6094099879264832
0.7379779815673828
0.5970820188522339
0.7359139919281006
0.5847529768943787
0.7338500022888184
0.5724250078201294
0.7317860126495361
0.5609899759292603
0.7267379760742188
0.5495539903640747
0.7216899991035461
0.5381190180778503
0.7166429758071899
0.52668297290802
0.7115949988365173
0.5152480006217957
0.7065470218658447
0.5038120150566101
0.7014989852905273
0.49237701296806335
0.6964510083198547
0.4809420108795166
0.6914029717445374
0.468968003988266
0.6878139972686768
0.4569939970970154
0.6842250227928162
0.44502100348472595
0.6806359887123108
0.43304699659347534
0.6770470142364502
0.42107298970222473
0.6734579801559448
0.4090999960899353
0.6698690056800842
0.3971259891986847
0.6662799715995789
0.38515201210975647
0.6626909971237183
0.373088002204895
0.659417986869812
0.36102500557899475
0.6561440229415894
0.3489609956741333
0.6528710126876831
0.33689698576927185
0.6495969891548157
0.3248330056667328
0.6463239789009094
0.3127700090408325
0.6430500149726868
0.30070599913597107
0.6397770047187805
0.2886419892311096
0.6365029811859131
0.2799069881439209
0.6454449892044067
0.27117300033569336
0.6543869972229004
0.26243799924850464
0.6633279919624329
0.2537029981613159
0.6722699999809265
0.2449679970741272
0.6812120079994202
0.23623299598693848
0.6901530027389526
0.22749899327754974
0.6990950107574463
0.21876400709152222
0.7080370187759399
0.21427300572395325
0.6963710188865662
0.20978200435638428
0.6847059726715088
0.2052910029888153
0.6730409860610962
0.20080000162124634
0.6613749861717224
0.19630900025367737
0.6497099995613098
0.1918179988861084
0.638043999671936
0.18732699751853943
0.6263790130615234
0.18283599615097046
0.6147140264511108
