0.730322003364563
0.7222390174865723
0.7428010106086731
0.7229520082473755
0.7552809715270996
0.7236649990081787
0.7677609920501709
0.7243779897689819
0.780239999294281
0.7250909805297852
0.7927200198173523
0.7258039712905884
0.8051999807357788
0.7265170216560364
0.8176789879798889
0.7272300124168396
0.8301590085029602
0.7279430031776428
0.8291019797325134
0.7154880166053772
0.8280439972877502
0.7030329704284668
0.8269870281219482
0.69057697057724
0.8259299993515015
0.6781219840049744
0.8248720169067383
0.6656669974327087
0.8238149881362915
0.6532120108604431
0.8227580189704895
0.6407570242881775
0.8216999769210815
0.6283010244369507
0.8093339800834656
0.6264780163764954
0.7969679832458496
0.62465500831604
0.7846009731292725
0.6228330135345459
0.7722349762916565
0.6210100054740906
0.7598689794540405
0.6191869974136353
0.7475020289421082
0.6173639893531799
0.7351359724998474
0.6155409812927246
0.722769021987915
0.6137179732322693
0.7245290279388428
0.6013429760932922
0.7262880206108093
0.5889670252799988
0.7280480265617371
0.5765910148620605
0.72980797290802
0.5642160177230835
0.7315670251846313
0.5518400073051453
0.7333269715309143
0.5394650101661682
0.7350860238075256
0.52708899974823
0.7368460297584534
0.5147140026092529
0.725928008556366
0.5086259841918945
0.7150110006332397
0.5025380253791809
0.7040939927101135
0.49644899368286133
0.6931769847869873
0.4903610050678253
0.6822599768638611
0.4842729866504669
0.6713420152664185
0.4781849980354309
0.6604250073432922
0.4720970094203949
0.649507999420166
0.4660089910030365
0.6370919942855835
0.4674589931964874
0.6246770024299622
0.46890899538993835
0.6122609972953796
0.4703589975833893
0.5998460054397583
0.4718089997768402
0.5874300003051758
0.47325900197029114
0.5750139951705933
0.47470900416374207
0.5625990033149719
0.476159006357193
0.5501829981803894
0.4776090085506439
