0.4931490123271942
0.7132229804992676
0.48520800471305847
0.7035689949989319
0.4772680103778839
0.6939150094985962
0.46932700276374817
0.6842619776725769
0.4613859951496124
0.6746079921722412
0.45344600081443787
0.6649540066719055
0.4455049932003021
0.6553000211715698
0.4375639855861664
0.6456469893455505
0.429623007774353
0.6359930038452148
0.4184980094432831
0.6416919827461243
0.40737301111221313
0.6473919749259949
0.3962480127811432
0.6530910134315491
0.38512301445007324
0.6587899923324585
0.3739979863166809
0.6644899845123291
0.36287298798561096
0.6701890230178833
0.351747989654541
0.6758880019187927
0.34062299132347107
0.6815869808197021
0.33275699615478516
0.6718729734420776
0.32488998770713806
0.6621580123901367
0.31702399253845215
0.6524440050125122
0.30915799736976624
0.6427289843559265
0.3012920022010803
0.633014976978302
0.2934260070323944
0.6233000159263611
0.2855589985847473
0.6135849952697754
0.2776930034160614
0.6038709878921509
0.27435898780822754
0.5918239951133728
0.27102598547935486
0.5797759890556335
0.2676919996738434
0.5677289962768555
0.2643580138683319
0.5556820034980774
0.26102399826049805
0.5436350107192993
0.2576900124549866
0.5315870046615601
0.2543559968471527
0.519540011882782
0.25102299451828003
0.5074930191040039
0.25730100274086
0.4966840147972107
0.26357999444007874
0.4858750104904175
0.2698580026626587
0.47506698966026306
0.27613699436187744
0.46425798535346985
0.2824159860610962
0.453449010848999
0.28869399428367615
0.4426400065422058
0.2949729859828949
0.4318319857120514
0.30125099420547485
0.42102301120758057
0.300370991230011
0.40855398774147034
0.2994909882545471
0.3960849940776825
0.29861098527908325
0.38361600041389465
0.2977310121059418
0.3711470067501068
0.2968510091304779
0.35867801308631897
0.29597100615501404
0.34620898962020874
0.295089989900589
0.3337399959564209
0.2942099869251251
0.32127100229263306
0.306659996509552
0.3201510012149811
0.3191100060939789
0.3190320134162903
0.3315599858760834
0.3179120123386383
0.34400901198387146
0.31679201126098633
0.35645899176597595
0.31567201018333435
0.36890900135040283
0.3145520091056824
0.3813590109348297
0.3134329915046692
0.3938080072402954
0.3123129904270172
0.40630099177360535
0.3118849992752075
0.41879400610923767
0.3114570081233978
0.4312860071659088
0.31102898716926575
0.44377899169921875
0.31060099601745605
0.4562720060348511
0.31017300486564636
0.4687640070915222
0.30974501371383667
0.48125699162483215
0.30931800603866577
0.4937500059604645
0.3088900148868561
0.5037840008735657
0.3163439929485321
0.5138180255889893
0.3237980008125305
0.5238519906997681
0.33125200867652893
0.5338870286941528
0.33870598673820496
0.5439209938049316
0.34615999460220337
0.5539550185203552
0.3536149859428406
0.563988983631134
0.361068993806839
0.5740230083465576
0.3685230016708374
0.5852169990539551
0.3740859925746918
0.5964109897613525
0.37964901328086853
0.60760498046875
0.3852120041847229
0.6187989711761475
0.39077499508857727
0.6299930214881897
0.3963389992713928
0.641185998916626
0.4019019901752472
0.6523799896240234
0.40746501088142395
0.6635739803314209
0.4130280017852783
0.6695420145988464
0.4240109920501709
0.6755099892616272
0.43499499559402466
0.6814780235290527
0.44597798585891724
0.6874459981918335
0.4569610059261322
0.6934139728546143
0.46794500946998596
0.6993820071220398
0.47892799973487854
0.7053499817848206
0.4899109899997711
0.7113180160522461
0.5008950233459473
0.7183290123939514
0.5112429857254028
0.7253410220146179
0.5215910077095032
0.7323520183563232
0.5319399833679199
0.7393630146980286
0.5422880053520203
0.7463750243186951
0.552636981010437
0.7533860206604004
0.5629850029945374
0.7603979706764221
0.5733330249786377
0.7674090266227722
0.5836820006370544
0.7779369950294495
0.5904219746589661
0.7884640097618103
0.5971620082855225
0.7989910244941711
0.6039019823074341
0.8095179796218872
0.6106420159339905
0.820044994354248
0.6173819899559021
0.8305720090866089
0.6241220235824585
0.8410990238189697
0.6308630108833313
0.851626992225647
0.6376029849052429
0.8636040091514587
0.6411809921264648
0.8755810260772705
0.6447589993476868
0.8875579833984375
0.6483359932899475
0.8995350003242493
0.6519140005111694
0.911512017250061
0.6554920077323914
0.923488974571228
0.6590700149536133
0.9354659914970398
0.6626480221748352
0.9474430084228516
0.6662260293960571
0.9376140236854553
0.6746900081634521
0.9277849793434143
0.6831539869308472
0.9179570078849792
0.691618025302887
