0.6445339918136597
0.07317859679460526
0.6414499878883362
0.08529230207204819
0.6383669972419739
0.09740599989891052
0.6352829933166504
0.10952000319957733
0.6321989893913269
0.12163300067186356
0.6291159987449646
0.13374699652194977
0.6260319948196411
0.14586099982261658
0.6229490041732788
0.1579740047454834
0.6198650002479553
0.170087993144989
0.6130390167236328
0.18055899441242218
0.6062120199203491
0.19103099405765533
0.5993859767913818
0.2015019953250885
0.5925589799880981
0.21197299659252167
0.5857329964637756
0.22244499623775482
0.5789059996604919
0.232915997505188
0.5720790028572083
0.24338699877262115
0.5652530193328857
0.2538590133190155
0.5579050183296204
0.2639710009098053
0.5505560040473938
0.2740829885005951
0.5432080030441284
0.2841950058937073
0.535860002040863
0.29430699348449707
0.5285120010375977
0.30441901087760925
0.5211640000343323
0.31453099846839905
0.5138149857521057
0.32464298605918884
0.5064669847488403
0.334755003452301
0.49971601366996765
0.34527501463890076
0.4929639995098114
0.3557949960231781
0.48621198534965515
0.36631399393081665
0.4794600009918213
0.3768340051174164
0.4727090001106262
0.3873539865016937
0.46595698595046997
0.39787301421165466
0.4592050015926361
0.408392995595932
0.45245298743247986
0.41891300678253174
0.4443970024585724
0.4284699857234955
0.43634098768234253
0.4380280077457428
0.4282839894294739
0.44758498668670654
0.4202280044555664
0.45714300870895386
0.41217198967933655
0.4666999876499176
0.4041149914264679
0.4762580096721649
0.3960590064525604
0.48581498861312866
0.38800299167633057
0.495373010635376
0.39216700196266174
0.48358699679374695
0.3963310122489929
0.4718010127544403
0.4004949927330017
0.4600139856338501
0.4046579897403717
0.44822800159454346
0.4088220000267029
0.43644198775291443
0.41298601031303406
0.4246560037136078
0.41714999079704285
0.41286998987197876
0.421314001083374
0.4010840058326721
0.41415199637413025
0.411327987909317
0.4069890081882477
0.4215730130672455
0.3998270034790039
0.4318169951438904
0.39266398549079895
0.44206199049949646
0.38550201058387756
0.45230600237846375
0.3783389925956726
0.4625509977340698
0.37117698788642883
0.4727950096130371
0.36401399970054626
0.4830400049686432
0.35364198684692383
0.4760630130767822
0.3432709872722626
0.4690859913825989
0.3328990042209625
0.4621089994907379
0.3225269913673401
0.45513200759887695
0.31215599179267883
0.4481549859046936
0.3017840087413788
0.44117799401283264
0.29141199588775635
0.4342010021209717
0.2810400128364563
0.4272240102291107
0.2831209897994995
0.4138390123844147
0.2852019965648651
0.40045401453971863
0.2872830033302307
0.3870680034160614
0.2893640100955963
0.37368300557136536
0.2914449870586395
0.3602980077266693
