0.12361499667167664
0.2461860030889511
0.13600699603557587
0.24454699456691742
0.1483989953994751
0.24290800094604492
0.16079099476337433
0.24126900732517242
0.17318400740623474
0.23962999880313873
0.18557600677013397
0.23799000680446625
0.1979680061340332
0.23635099828243256
0.21036000549793243
0.23471200466156006
0.22275200486183167
0.23307299613952637
0.22252100706100464
0.2205750048160553
0.22228999435901642
0.20807699859142303
0.2220589965581894
0.19557900726795197
0.22182899713516235
0.1830810010433197
0.22159799933433533
0.17058299481868744
0.2213670015335083
0.15808500349521637
0.22113600373268127
0.1455879956483841
0.22090500593185425
0.13309000432491302
0.23300200700759888
0.129940003156662
0.2450989931821823
0.12679100036621094
0.25719600915908813
0.12364199757575989
0.26929301023483276
0.12049199640750885
0.2813889980316162
0.1173430010676384
0.29348599910736084
0.11419399827718735
0.30558300018310547
0.11104399710893631
0.3176800012588501
0.10789500176906586
0.33002200722694397
0.10591600090265274
0.34236401319503784
0.10393600165843964
0.3547059893608093
0.10195700079202652
0.3670490086078644
0.09997739642858505
0.37939101457595825
0.0979980006814003
0.39173299074172974
0.09601859748363495
0.4040760099887848
0.0940392017364502
0.4164179861545563
0.09205979853868484
0.42069700360298157
0.10380399972200394
0.42497700452804565
0.1155489981174469
0.42925599217414856
0.12729400396347046
0.43353500962257385
0.13903899490833282
0.43781501054763794
0.1507830023765564
0.44209399819374084
0.16252799332141876
0.44637298583984375
0.17427299916744232
0.45065298676490784
0.1860170066356659
0.4562790095806122
0.19717900454998016
0.46190500259399414
0.20834100246429443
0.4675320088863373
0.2195039987564087
0.47315800189971924
0.23066599667072296
0.4787850081920624
0.24182799458503723
0.48441100120544434
0.2529900074005127
0.4900369942188263
0.26415199041366577
0.49566400051116943
0.27531400322914124
0.5016080141067505
0.28631100058555603
0.5075520277023315
0.29730701446533203
0.5134959816932678
0.30830299854278564
0.5194399952888489
0.31929901242256165
0.5253840088844299
0.33029600977897644
0.531328022480011
0.34129199385643005
0.5372719764709473
0.35228800773620605
0.5432159900665283
0.36328500509262085
0.5509610176086426
0.3730959892272949
0.5587059855461121
0.3829079866409302
0.5664510130882263
0.3927200138568878
0.5741950273513794
0.4025309979915619
0.5819399952888489
0.41234299540519714
0.5896850228309631
0.4221549928188324
0.5974299907684326
0.43196600675582886
0.6051740050315857
0.4417780041694641
0.6146169900894165
0.44996899366378784
0.6240599751472473
0.4581589996814728
0.6335020065307617
0.4663499891757965
0.6429449915885925
0.4745410084724426
0.6523870229721069
0.48273101449012756
0.6618300080299377
0.4909220039844513
0.6712729930877686
0.49911201000213623
0.680715024471283
0.50730299949646
0.6893380284309387
0.5163530111312866
0.6979600191116333
0.5254039764404297
0.7065820097923279
0.5344539880752563
0.7152040004730225
0.5435050129890442
0.723825991153717
0.5525550246238708
0.7324479818344116
0.5616049766540527
0.7410699725151062
0.5706560015678406
0.7496920228004456
0.5797060132026672
0.7598540186882019
0.5869849920272827
0.7700170278549194
0.5942639708518982
0.7801790237426758
0.6015430092811584
0.7903410196304321
0.6088219881057739
0.8005030155181885
0.6161010265350342
0.8106650114059448
0.6233800053596497
0.8208270072937012
0.6306589841842651
0.8309890031814575
0.6379380226135254
0.8408129811286926
0.6456670165061951
0.8506360054016113
0.6533960103988647
0.8604599833488464
0.6611250042915344
0.8702840209007263
0.6688550114631653
0.8801079988479614
0.676584005355835
0.8899319767951965
0.6843129992485046
0.8997560143470764
0.6920419931411743
0.9095799922943115
0.6997720003128052
0.9134179949760437
0.6868709921836853
0.9172570109367371
0.6739699840545654
0.9210950136184692
0.6610689759254456
0.9249340295791626
0.6481680274009705
0.92877197265625
0.6352670192718506
