0.1938139945268631
0.16237300634384155
0.1952279955148697
0.17479300498962402
0.19664299488067627
0.1872130036354065
0.19805699586868286
0.19963200390338898
0.19947099685668945
0.21205200254917145
0.20088499784469604
0.22447200119495392
0.20229999721050262
0.2368910014629364
0.20371399819850922
0.24931100010871887
0.2051279991865158
0.26173099875450134
0.2105579972267151
0.27298998832702637
0.21598899364471436
0.2842490077018738
0.22141900658607483
0.2955079972743988
0.2268490046262741
0.30676698684692383
0.2322790026664734
0.31802600622177124
0.23770900070667267
0.32928401231765747
0.24313999712467194
0.3405430018901825
0.24856999516487122
0.3518019914627075
0.2389799952507019
0.35982099175453186
0.22939099371433258
0.3678390085697174
0.21980200707912445
0.37585800886154175
0.21021300554275513
0.3838759958744049
0.20062300562858582
0.39189401268959045
0.1910340040922165
0.3999130129814148
0.18144500255584717
0.40793099999427795
0.17185500264167786
0.4159500002861023
0.1597989946603775
0.4192489981651306
0.14774200320243835
0.4225490093231201
0.135685995221138
0.42584899067878723
0.12362899631261826
0.42914900183677673
0.11157199740409851
0.43244901299476624
0.09951580315828323
0.43574899435043335
0.08745919913053513
0.43904799222946167
0.07540260255336761
0.44234800338745117
0.08634079992771149
0.44839900732040405
0.0972789004445076
0.45444899797439575
0.10821700096130371
0.46049898862838745
0.11915499716997147
0.46654999256134033
0.13009299337863922
0.4726000130176544
0.14103199541568756
0.4786500036716461
0.1519699990749359
0.484701007604599
0.16290800273418427
0.4907509982585907
0.1698710024356842
0.5011320114135742
0.17683400213718414
0.5115129947662354
0.18379700183868408
0.5218939781188965
0.19076000154018402
0.5322750210762024
0.19772300124168396
0.5426560044288635
0.2046860009431839
0.5530369877815247
0.21164900064468384
0.5634179711341858
0.21861200034618378
0.5737990140914917
0.22525300085544586
0.5836989879608154
0.23189300298690796
0.5935990214347839
0.23853400349617004
0.6034989953041077
