0.17938700318336487
0.16291899979114532
0.17401200532913208
0.1742040067911148
0.1686359941959381
0.18548999726772308
0.16326099634170532
0.19677500426769257
0.15788599848747253
0.20805999636650085
0.15251100063323975
0.21934600174427032
0.14713600277900696
0.2306309938430786
0.14176100492477417
0.2419160008430481
0.13638600707054138
0.25320199131965637
0.14865200221538544
0.25079700350761414
0.16091899573802948
0.2483929991722107
0.17318600416183472
0.24598899483680725
0.18545199930667877
0.243585005402565
0.19771899282932281
0.24118100106716156
0.20998500287532806
0.23877699673175812
0.2222519963979721
0.23637300729751587
0.23451900482177734
0.23396900296211243
0.2336290031671524
0.24643699824810028
0.23273999989032745
0.25890499353408813
0.2318509966135025
0.271373987197876
0.23096099495887756
0.283841997385025
0.2300720065832138
0.2963100075721741
0.22918300330638885
0.3087790012359619
0.22829300165176392
0.32124701142311096
0.22740399837493896
0.3337149918079376
0.21973499655723572
0.3435870110988617
0.21206699311733246
0.3534579873085022
0.2043980062007904
0.3633289933204651
0.19672900438308716
0.373199999332428
0.1890610009431839
0.38307198882102966
0.18139199912548065
0.39294299483299255
0.1737229973077774
0.40281400084495544
0.16605499386787415
0.41268500685691833
0.15422800183296204
0.4167320132255554
0.14240099489688873
0.4207780063152313
0.13057400286197662
0.4248250126838684
0.11874700337648392
0.4288710057735443
0.10691999644041061
0.4329169988632202
0.09509299695491791
0.4369640052318573
0.08326610177755356
0.4410099983215332
0.07143919914960861
0.4450570046901703
0.06091250106692314
0.4486579895019531
0.05038589984178543
0.45225998759269714
