0.47537100315093994
0.1693360060453415
0.47678500413894653
0.18175600469112396
0.47819799184799194
0.19417500495910645
0.47961199283599854
0.20659500360488892
0.4810259938240051
0.2190150022506714
0.4824399948120117
0.23143500089645386
0.4838539958000183
0.24385400116443634
0.4852679967880249
0.25627401471138
0.4866819977760315
0.2686940133571625
0.48326700925827026
0.28071901202201843
0.4798530042171478
0.2927440106868744
0.4764389991760254
0.30476799607276917
0.47302499413490295
0.3167929947376251
0.4696109890937805
0.3288179934024811
0.46619701385498047
0.34084200859069824
0.46278300881385803
0.3528670072555542
0.4593690037727356
0.36489200592041016
0.4568749964237213
0.37714099884033203
0.45438098907470703
0.3893890082836151
0.45188701152801514
0.401638001203537
0.4493919909000397
0.41388601064682007
0.4468980133533478
0.42613500356674194
0.4444040060043335
0.4383839964866638
0.4419099986553192
0.4506320059299469
0.43941599130630493
0.4628809988498688
0.4371210038661957
0.47516900300979614
0.4348269999027252
0.48745599389076233
0.43253299593925476
0.4997439980506897
0.4302389919757843
0.5120319724082947
0.42794400453567505
0.5243189930915833
0.4256500005722046
0.536607027053833
0.42335599660873413
0.548895001411438
0.4210610091686249
0.5611820220947266
0.418844997882843
0.5734840035438538
0.41662800312042236
0.585785984992981
0.4144119918346405
0.5980880260467529
0.41219499707221985
0.6103900074958801
0.409978985786438
0.6226919889450073
0.40776199102401733
0.6349939703941345
0.4055449962615967
0.6472960114479065
0.4033290147781372
0.6595969796180725
0.40108799934387207
0.6718950271606445
0.3988470137119293
0.6841920018196106
0.39660701155662537
0.6964899897575378
0.39436599612236023
0.7087879776954651
0.3921250104904175
0.7210850119590759
0.38988399505615234
0.7333829998970032
0.3876439929008484
0.7456799745559692
0.38540300726890564
0.7579780220985413
0.3737820088863373
0.7625809907913208
0.36215999722480774
0.7671849727630615
0.3505389988422394
0.7717880010604858
0.33891698718070984
0.7763919830322266
0.3272959887981415
0.7809950113296509
0.3156740069389343
0.7855979800224304
0.30405300855636597
0.7902020215988159
0.2924309968948364
0.7948049902915955
0.2998569905757904
0.7874680161476135
