0.470319002866745
0.4439930021762848
0.4747430086135864
0.45568400621414185
0.47916701436042786
0.4673750102519989
0.4835900068283081
0.47906601428985596
0.48801401257514954
0.4907569885253906
0.4924379885196686
0.5024480223655701
0.49686199426651
0.5141389966011047
0.501285970211029
0.5258299708366394
0.5057089924812317
0.5375210046768188
0.509431004524231
0.5494539737701416
0.5131539702415466
0.5613870024681091
0.5168759822845459
0.5733199715614319
0.5205979943275452
0.5852530002593994
0.5243200063705444
0.5971860289573669
0.5280420184135437
0.6091189980506897
0.5317639708518982
0.6210520267486572
0.5354859828948975
0.63298499584198
0.548101007938385
0.6276270151138306
0.5607159733772278
0.6222699880599976
0.5733309984207153
0.6169120073318481
0.5859460234642029
0.6115549802780151
0.5985609889030457
0.6061969995498657
0.6111760139465332
0.6008399724960327
