0.37192800641059875
0.6154159903526306
0.37678301334381104
0.603896975517273
0.38163700699806213
0.5923780202865601
0.3864920139312744
0.5808600187301636
0.3913469910621643
0.5693410038948059
0.3962019979953766
0.5578219890594482
0.4010559916496277
0.5463029742240906
0.40591099858283997
0.5347849726676941
0.41076600551605225
0.5232660174369812
0.4130389988422394
0.5355579853057861
0.4153119921684265
0.5478489995002747
0.41758400201797485
0.5601410269737244
0.419856995344162
0.5724319815635681
0.4221299886703491
0.5847240090370178
0.42440301179885864
0.5970159769058228
0.4266760051250458
0.6093069911003113
0.4289489984512329
0.621599018573761
0.4309470057487488
0.6339380145072937
0.43294599652290344
0.6462770104408264
0.4349449872970581
0.6586160063743591
0.43694400787353516
0.670956015586853
0.4389429986476898
0.6832950115203857
0.4409419894218445
0.6956340074539185
0.44294100999832153
0.7079730033874512
0.4449400007724762
0.7203119993209839
0.45481300354003906
0.7279790043830872
0.46468499302864075
0.7356460094451904
0.4745579957962036
0.7433130145072937
0.4844299852848053
0.750980019569397
0.49430298805236816
0.7586470246315002
0.5041760206222534
0.7663140296936035
0.5140479803085327
0.7739800214767456
0.523921012878418
0.7816470265388489
0.5353400111198425
0.7868880033493042
0.5467600226402283
0.7921280264854431
0.5581799745559692
0.7973679900169373
0.5695989727973938
0.8026090264320374
0.5810189843177795
0.8078489899635315
0.5924379825592041
0.8130890130996704
