0.5669810175895691
0.1528020054101944
0.5620819926261902
0.1643020063638687
0.557183027267456
0.17580200731754303
0.5522840023040771
0.18730199337005615
0.5473849773406982
0.19880199432373047
0.5424860119819641
0.21030199527740479
0.5375869870185852
0.2218019962310791
0.5326880216598511
0.23330199718475342
0.5277889966964722
0.24480199813842773
0.5226659774780273
0.2562040090560913
0.5175430178642273
0.2676059901714325
0.5124199986457825
0.27900800108909607
0.5072969794273376
0.29041001200675964
0.5021740198135376
0.30181199312210083
0.4970510005950928
0.3132140040397644
0.49192801117897034
0.3246159851551056
0.4868049919605255
0.33601799607276917
0.48096799850463867
0.34707099199295044
0.47513100504875183
0.3581250011920929
0.4692929983139038
0.36917799711227417
0.46345600485801697
0.3802320063114166
0.4576190114021301
0.3912850022315979
0.4517819881439209
0.4023379981517792
0.44594499468803406
0.41339200735092163
0.4401080012321472
0.4244450032711029
0.4317989945411682
0.43378400802612305
0.4234899878501892
0.4431230127811432
0.4151810109615326
0.45246100425720215
0.4068720042705536
0.4618000090122223
0.3985629975795746
0.47113901376724243
0.3902539908885956
0.4804779887199402
0.38194501399993896
0.48981600999832153
0.37363600730895996
0.4991550147533417
0.3623420000076294
0.49380001425743103
0.35104700922966003
0.4884450137615204
0.3397519886493683
0.48309001326560974
0.3284569978713989
0.4777350127696991
0.31716200709342957
0.47238001227378845
0.305867999792099
0.4670239984989166
0.29457300901412964
0.461668998003006
0.2832779884338379
0.45631399750709534
0.27081000804901123
0.4554150104522705
0.25834301114082336
0.4545159935951233
0.24587500095367432
0.45361700654029846
0.23340800404548645
0.45271798968315125
0.2209399938583374
0.4518190026283264
0.20847199857234955
0.4509199857711792
0.19600500166416168
0.45002099871635437
0.18353700637817383
0.44912201166152954
0.1791519969701767
0.4608280062675476
0.17476800084114075
0.4725340008735657
0.1703830063343048
0.48423999547958374
0.16599899530410767
0.495945006608963
0.16161400079727173
0.5076509714126587
0.15723000466823578
0.5193570256233215
0.15284499526023865
0.5310630202293396
0.1484600007534027
0.5427690148353577
0.14242100715637207
0.5537130236625671
0.13638199865818024
0.5646569728851318
0.1303430050611496
0.5756019949913025
0.12430399656295776
0.586546003818512
0.11826500296592712
0.5974900126457214
0.11222600191831589
0.6084349751472473
0.10618600249290466
0.6193789839744568
0.10014700144529343
0.6303229928016663
0.09893959760665894
0.641834020614624
0.09773179888725281
0.6533439755439758
0.09652400016784668
0.6648550033569336
0.09531629830598831
0.6763650178909302
