0.12471500039100647
0.5292559862136841
0.13481000065803528
0.5366269946098328
0.14490599930286407
0.5439980030059814
0.15500099956989288
0.5513690114021301
0.16509699821472168
0.5587400197982788
0.17519299685955048
0.5661100149154663
0.18528799712657928
0.573481023311615
0.19538399577140808
0.5808519721031189
0.2054789960384369
0.5882229804992676
0.21738900244235992
0.5920190215110779
0.22929899394512177
0.5958150029182434
0.2412080019712448
0.5996119976043701
0.25311800837516785
0.6034079790115356
0.2650269865989685
0.607204020023346
0.27693700790405273
0.6110000014305115
0.2888469994068146
0.614795982837677
0.3007560074329376
0.6185929775238037
0.3115389943122864
0.6122699975967407
0.3223220109939575
0.6059470176696777
0.33310601115226746
0.5996249914169312
0.3438889980316162
0.5933020114898682
0.35467201471328735
0.5869799852371216
0.3654550015926361
0.5806570053100586
0.37623798847198486
0.574334979057312
0.387021005153656
0.568011999130249
0.3994799852371216
0.5690299868583679
0.41193801164627075
0.5700479745864868
0.42439699172973633
0.5710650086402893
0.4368549883365631
0.5720829963684082
0.4493139982223511
0.5731009840965271
0.46177199482917786
0.5741180181503296
0.4742310047149658
0.5751360058784485
0.4866890013217926
0.5761539936065674
0.48736798763275146
0.5886350274085999
0.4880470037460327
0.6011170148849487
0.4887259900569916
0.6135979890823364
0.4894050061702728
0.6260799765586853
0.4900830090045929
0.6385610103607178
0.49076199531555176
0.6510429978370667
0.491441011428833
0.6635239720344543
0.49211999773979187
0.676006019115448
0.49245598912239075
0.6885010004043579
0.49279099702835083
0.700996994972229
0.4931269884109497
0.7134919762611389
0.4934619963169098
0.72598797082901
0.49379798769950867
0.7384830117225647
0.49413400888442993
0.7509790062904358
0.4944689869880676
0.7634739875793457
0.4948050081729889
0.7759699821472168
0.4939129948616028
0.7884380221366882
0.49302199482917786
0.8009060025215149
0.49213001132011414
0.8133739829063416
0.4912390112876892
0.8258429765701294
0.4903469979763031
0.8383110165596008
0.4894559979438782
0.8507789969444275
0.48856401443481445
0.8632469773292542
0.4876730144023895
0.8757150173187256
0.5000529885292053
0.8745719790458679
0.5124340057373047
0.8734279870986938
0.524815022945404
0.8722839951515198
0.5371950268745422
0.8711410164833069
0.5495759844779968
0.8699970245361328
0.561955988407135
0.868852972984314
0.5743370056152344
0.8677099943161011
