0.5827320218086243
0.28203800320625305
0.5864329934120178
0.2939780056476593
0.5901349782943726
0.30591699481010437
0.5938360095024109
0.3178569972515106
0.5975369811058044
0.3297959864139557
0.601239025592804
0.34173598885536194
0.6049399971961975
0.3536750078201294
0.6086419820785522
0.36561399698257446
0.6123430132865906
0.3775539994239807
0.6162019968032837
0.3894430100917816
0.6200609803199768
0.4013330042362213
0.6239200234413147
0.41322198510169983
0.6277779936790466
0.4251120090484619
0.6316369771957397
0.43700098991394043
0.6354960203170776
0.4488910138607025
0.6393550038337708
0.46077999472618103
0.6432139873504639
0.4726699888706207
0.649071991443634
0.48371198773384094
0.6549299955368042
0.49475398659706116
0.6607879996299744
0.5057960152626038
0.6666460037231445
0.5168390274047852
0.6725040078163147
0.5278810262680054
0.6783620119094849
0.5389230251312256
0.6842210292816162
0.5499659776687622
0.6900789737701416
0.5610079765319824
0.6954129934310913
0.5723119974136353
0.7007480263710022
0.5836169719696045
0.7060829997062683
0.5949209928512573
0.7114179730415344
0.6062260270118713
0.7167530059814453
0.6175299882888794
0.7220879793167114
0.6288340091705322
0.7274219989776611
0.6401389837265015
0.7327569723129272
0.6514430046081543
0.7390300035476685
0.6622549891471863
0.7453029751777649
0.6730679869651794
0.7515760064125061
0.6838799715042114
0.7578480243682861
0.6946920156478882
0.7641209959983826
0.7055040001869202
0.7703940272331238
0.7163159847259521
0.7766669988632202
0.7271280288696289
0.7829399704933167
0.7379400134086609
0.7886040210723877
0.7490829825401306
0.7942690253257751
0.7602260112762451
0.7999340295791626
0.7713680267333984
0.8055989742279053
0.7825109958648682
0.8112639784812927
0.7936540246009827
0.8169280290603638
0.8047969937324524
0.8225929737091064
0.8159390091896057
0.8282579779624939
0.8270819783210754
0.8351029753684998
0.8166229724884033
0.8419479727745056
0.8061630129814148
0.8487930297851562
0.7957040071487427
0.8556380271911621
0.7852450013160706
0.862483024597168
0.7747859954833984
0.8693280220031738
0.7643259763717651
0.8761730194091797
0.753866970539093
0.8830180168151855
0.7434080243110657
0.893634021282196
0.7384600043296814
0.9042500257492065
0.7335109710693359
0.9148669838905334
0.7285630106925964
