0.24988700449466705
0.040998298674821854
0.24045300483703613
0.049198899418115616
0.2310190051794052
0.05739950016140938
0.2215850055217743
0.06560009717941284
0.21215100586414337
0.07380060106515884
0.20271700620651245
0.0820012018084526
0.19328300654888153
0.09020180255174637
0.1838490068912506
0.09840240329504013
0.1744150072336197
0.1066029965877533
0.1738000065088272
0.11908800154924393
0.17318400740623474
0.13157300651073456
0.17256900668144226
0.1440570056438446
0.1719529926776886
0.15654200315475464
0.1713380068540573
0.16902700066566467
0.17072199285030365
0.1815119981765747
0.17010700702667236
0.19399699568748474
0.16949200630187988
0.20648199319839478
0.16623899340629578
0.21855099499225616
0.16298599541187286
0.23061999678611755
0.15973299741744995
0.24268999695777893
0.15647900104522705
0.2547590136528015
0.15322600305080414
0.2668280005455017
0.14997300505638123
0.2788969874382019
0.1467200070619583
0.2909669876098633
0.1434669941663742
0.30303600430488586
0.13843800127506256
0.3144789934158325
0.13340799510478973
0.32592299580574036
0.1283780038356781
0.3373660147190094
0.12334799766540527
0.34880900382995605
0.11831799894571304
0.3602530062198639
0.11328800022602081
0.37169599533081055
0.10825800150632858
0.3831390142440796
0.10322800278663635
0.39458298683166504
0.10784900188446045
0.4061970114707947
0.11246900260448456
0.4178119897842407
0.11709000170230865
0.42942699790000916
0.12171000242233276
0.4410420060157776
0.12633100152015686
0.45265600085258484
0.13095200061798096
0.46427100896835327
0.13557200133800507
0.4758859872817993
0.14019300043582916
0.48750001192092896
0.15152600407600403
0.48222801089286804
0.16286000609397888
0.47695499658584595
0.17419299483299255
0.47168299555778503
0.1855269968509674
0.4664100110530853
0.19686099886894226
0.4611380100250244
0.20819400250911713
0.4558649957180023
0.21952800452709198
0.4505929946899414
0.23086099326610565
0.4453200101852417
0.2415499985218048
0.43883898854255676
0.2522389888763428
0.4323579967021942
0.26292699575424194
0.42587700486183167
0.2736159861087799
0.4193960130214691
0.28430500626564026
0.4129149913787842
0.29499301314353943
0.40643399953842163
0.3056820034980774
0.3999530076980591
0.31637001037597656
0.39347198605537415
0.3269610106945038
0.40011298656463623
0.3375509977340698
0.4067530035972595
0.34814101457595825
0.4133940041065216
0.3587310016155243
0.4200339913368225
0.3693220019340515
0.4266749918460846
0.37991198897361755
0.4333150088787079
0.390502005815506
0.43995600938796997
0.4010930061340332
0.4465959966182709
0.4010559916496277
0.4590960144996643
0.40101999044418335
0.47159600257873535
0.400983989238739
0.4840959906578064
0.4009479880332947
0.49659600853919983
0.40091198682785034
0.5090960264205933
0.4008750021457672
0.5215960144996643
0.4008390009403229
0.5340960025787354
0.40080299973487854
0.5465959906578064
0.400299996137619
0.5590860247612
0.3997980058193207
0.5715759992599487
0.39929500222206116
0.5840659737586975
0.3987930119037628
0.5965549945831299
0.3982900083065033
0.6090450286865234
0.39778798818588257
0.6215350031852722
0.39728501439094543
0.634024977684021
0.3967820107936859
0.6465150117874146
0.39454999566078186
0.658814013004303
0.3923180103302002
0.6711130142211914
0.39008501172065735
0.6834120154380798
0.3878529965877533
0.6957110166549683
0.38562101125717163
0.7080100178718567
0.3833880126476288
0.7203090190887451
0.38115599751472473
0.7326080203056335
0.37892401218414307
0.744907021522522
0.3666279911994934
0.7471590042114258
0.3543330132961273
0.7494109869003296
0.34203699231147766
0.7516630291938782
0.3297420144081116
0.7539160251617432
0.3174459934234619
0.756168007850647
0.30515098571777344
0.7584199905395508
0.29285499453544617
0.7606719732284546
0.2805599868297577
0.7629240155220032
0.27481400966644287
0.774025022983551
0.26906800270080566
0.7851259708404541
0.26332199573516846
0.796226978302002
0.25757700204849243
0.8073279857635498
0.2518309950828552
0.8184289932250977
0.2460850030183792
0.8295300006866455
0.240338996052742
0.8406320214271545
0.234593003988266
0.8517330288887024
0.24640700221061707
0.8496950268745422
0.25822100043296814
0.8476560115814209
0.27003398537635803
0.8456180095672607
