0.8320710062980652
0.6257389783859253
0.8255580067634583
0.6150699853897095
0.8190450072288513
0.6044009923934937
0.8125320076942444
0.5937319993972778
0.8060190081596375
0.583063006401062
0.7995049953460693
0.5723940134048462
0.7929919958114624
0.5617250204086304
0.7864789962768555
0.5510560274124146
0.7799659967422485
0.540386974811554
0.7678040266036987
0.5432729721069336
0.755640983581543
0.546159029006958
0.7434790134429932
0.5490450263023376
0.7313169836997986
0.5519310235977173
0.7191540002822876
0.5548170208930969
0.706991970539093
0.5577030181884766
0.6948300004005432
0.5605890154838562
0.6826679706573486
0.5634750127792358
0.6703410148620605
0.5655500292778015
0.6580150127410889
0.5676249861717224
0.645687997341156
0.5697010159492493
0.6333609819412231
0.5717759728431702
0.6210349798202515
0.5738509893417358
0.6087080240249634
0.5759260058403015
0.5963820219039917
0.5780010223388672
0.5840550065040588
0.5800759792327881
0.5720080137252808
0.5767409801483154
0.5599610209465027
0.5734059810638428
0.547914981842041
0.5700709819793701
0.5358679890632629
0.5667369961738586
0.5238209962844849
0.563401997089386
0.5117740035057068
0.5600669980049133
0.4997270107269287
0.5567319989204407
0.48767998814582825
0.553396999835968
0.4786140024662018
0.5446439981460571
0.4695490002632141
0.5358909964561462
0.46048301458358765
0.5271379947662354
0.4514180123806
0.5183849930763245
0.4423519968986511
0.5096319913864136
