0.647720992565155
0.29548799991607666
0.6458780169487
0.30785098671913147
0.6440359950065613
0.32021498680114746
0.6421939730644226
0.33257800340652466
0.6403520107269287
0.34494200348854065
0.63850998878479
0.35730499029159546
0.6366680264472961
0.36966899037361145
0.6348260045051575
0.38203299045562744
0.6329839825630188
0.39439600706100464
0.6315029859542847
0.4068079888820648
0.6300230026245117
0.4192200005054474
0.6285420060157776
0.43163201212882996
0.6270620226860046
0.44404399394989014
0.6255810260772705
0.4564560055732727
0.6241000294685364
0.4688679873943329
0.6226199865341187
0.48127999901771545
0.6211389899253845
0.493692010641098
0.6196590065956116
0.5061039924621582
0.6181780099868774
0.5185160040855408
0.6166970133781433
0.5309280157089233
0.6152169704437256
0.5433400273323059
0.6137359738349915
0.5557519793510437
0.6122549772262573
0.5681639909744263
0.6107749938964844
0.5805760025978088
0.6092939972877502
0.5929880142211914
0.6074690222740173
0.6053540110588074
0.6056439876556396
0.6177200078964233
0.6038190126419067
0.6300860047340393
0.601993978023529
0.6424520015716553
0.6001690030097961
0.6548179984092712
0.5983440279960632
0.6671839952468872
0.5965189933776855
0.6795499920845032
0.5946940183639526
0.6919170022010803
0.5930910110473633
0.7043129801750183
0.5914880037307739
0.7167099714279175
0.5898849964141846
0.7291070222854614
0.5882819890975952
0.7415040135383606
0.586679995059967
0.7539010047912598
0.5850769877433777
0.7662969827651978
0.5834739804267883
0.7786939740180969
0.581870973110199
0.7910910248756409
0.5797510147094727
0.803409993648529
0.5776309967041016
0.815729022026062
0.5755109786987305
0.8280479907989502
0.5733910202980042
0.8403670191764832
0.5712710022926331
0.8526859879493713
0.569150984287262
0.8650040030479431
0.5670310258865356
0.8773229718208313
0.5649110078811646
0.8896420001983643
0.5787820219993591
0.8887749910354614
0.5926529765129089
0.8879089951515198
0.6065229773521423
0.8870419859886169
0.6203939914703369
0.8861749768257141
0.6342650055885315
0.885308027267456
0.6481360197067261
0.8844410181045532
