0.17924299836158752
0.4225899875164032
0.17024900019168854
0.413908988237381
0.16125500202178955
0.40522798895835876
0.15226100385189056
0.39654698967933655
0.14326700568199158
0.38786599040031433
0.1342729926109314
0.3791849911212921
0.1252789944410324
0.3705039918422699
0.11628500372171402
0.36182400584220886
0.10729099810123444
0.35314300656318665
0.11076299846172333
0.3411349952220917
0.11423599720001221
0.3291270136833191
0.11770900338888168
0.3171190023422241
0.12118200212717056
0.30511099100112915
0.12465400248765945
0.29310300946235657
0.12812699377536774
0.2810949981212616
0.1316000074148178
0.2690869867801666
0.1350719928741455
0.25707900524139404
0.12975700199604034
0.24576599895954132
0.12444200366735458
0.2344519942998886
0.11912699788808823
0.2231380045413971
0.11381199955940247
0.21182499825954437
0.1084970012307167
0.20051099359989166
0.10318099707365036
0.18919700384140015
0.09786619991064072
0.17788399755954742
0.0925510972738266
0.16656999289989471
0.10379199683666229
0.1720370054244995
0.11503300070762634
0.1775050014257431
0.1262740045785904
0.1829719990491867
0.13751399517059326
0.1884399950504303
0.1487549990415573
0.1939069926738739
0.15999600291252136
0.1993750035762787
0.1712370067834854
0.2048420011997223
0.18247799575328827
0.21030999720096588
0.19364899396896362
0.2047020047903061
0.20482100546360016
0.1990939974784851
0.2159920036792755
0.19348600506782532
0.22716300189495087
0.18787799775600433
0.2383349984884262
0.18227000534534454
0.24950599670410156
0.17666199803352356
0.2606779932975769
0.17105400562286377
0.27184900641441345
0.16544599831104279
0.28407299518585205
0.16805699467658997
0.29629701375961304
0.17066900432109833
0.30852100253105164
0.1732809990644455
0.3207460045814514
0.17589199542999268
0.33296999335289
0.17850400507450104
0.345194011926651
0.18111500144004822
0.3574180006980896
0.18372699618339539
0.3696419894695282
0.18633800745010376
0.3812519907951355
0.1817059963941574
0.392863005399704
0.17707499861717224
0.4044730067253113
0.17244300246238708
0.4160830080509186
0.16781100630760193
0.4276930093765259
0.16317899525165558
0.4393030107021332
0.15854699909687042
0.4509130120277405
0.15391500294208527
0.4625230133533478
0.1492830067873001
0.4739370048046112
0.14418500661849976
0.48535001277923584
0.1390870064496994
0.4967629909515381
0.13399000465869904
0.5081760287284851
0.12889200448989868
0.5195900201797485
0.12379399687051773
0.5310029983520508
0.11869599670171738
0.542415976524353
0.11359799653291702
0.5538290143013
0.10849999636411667
0.5611889958381653
0.11860399693250656
0.5685489773750305
0.12870700657367706
0.5759090185165405
0.13881100714206696
0.5832690000534058
0.14891499280929565
0.590628981590271
0.15901799499988556
0.597989022731781
0.16912199556827545
0.6053490042686462
0.17922499775886536
0.6127089858055115
0.18932899832725525
0.6195539832115173
0.19978700578212738
0.6263999938964844
0.2102459967136383
0.6332460045814514
0.22070500254631042
0.6400920152664185
0.23116399347782135
0.6469370126724243
0.24162299931049347
0.6537830233573914
0.2520810067653656
0.6606289744377136
0.2625400125980377
0.6674749851226807
0.27299898862838745
0.6746309995651245
0.2832469940185547
0.6817880272865295
0.2934960126876831
0.6889449954032898
0.30374398827552795
0.6961020231246948
0.31399300694465637
0.7032579779624939
0.3242410123348236
0.7104150056838989
0.33449000120162964
0.7175719738006592
0.3447380065917969
0.7247290015220642
0.3549869954586029
0.7343209981918335
0.3630009889602661
0.743914008140564
0.3710150122642517
0.7535070180892944
0.3790290057659149
0.7631000280380249
0.3870429992675781
0.7726929783821106
0.39505699276924133
0.7822859883308411
0.40307098627090454
0.7918789982795715
0.41108500957489014
0.801472008228302
0.41909998655319214
0.8040170073509216
0.40652599930763245
0.8065630197525024
0.39395299553871155
0.8091089725494385
0.38137999176979065
0.8116539716720581
0.36880698800086975
0.8141999840736389
0.35623401403427124
