0.1584790050983429
0.3451719880104065
0.16907300055027008
0.35180699825286865
0.17966699600219727
0.3584429919719696
0.19025999307632446
0.36507800221443176
0.20085400342941284
0.3717130124568939
0.21144700050354004
0.3783479928970337
0.22204099595546722
0.38498398661613464
0.23263399302959442
0.3916189968585968
0.2432280033826828
0.39825400710105896
0.25543200969696045
0.39555099606513977
0.2676360011100769
0.39284801483154297
0.27983999252319336
0.3901439905166626
0.2920440137386322
0.3874410092830658
0.30424898862838745
0.3847379982471466
0.3164530098438263
0.3820340037345886
0.32865700125694275
0.37933099269866943
0.3408609926700592
0.37662699818611145
0.3393389880657196
0.3890340030193329
0.3378170132637024
0.4014410078525543
0.3362950086593628
0.41384801268577576
0.3347730040550232
0.4262549877166748
0.3332509994506836
0.43866199254989624
0.331728994846344
0.4510689973831177
0.3302069902420044
0.4634760022163391
0.3286849856376648
0.47588300704956055
0.32511499524116516
0.48234400153160095
