0.28704899549484253
0.4699620008468628
0.2825790047645569
0.4582889974117279
0.27810800075531006
0.446615993976593
0.27363699674606323
0.43494299054145813
0.2691659927368164
0.42326998710632324
0.2646949887275696
0.41159600019454956
0.26022401452064514
0.3999229967594147
0.2557530105113983
0.3882499933242798
0.2512829899787903
0.3765769898891449
0.23929999768733978
0.3801349997520447
0.22731700539588928
0.38369300961494446
0.2153339982032776
0.38725098967552185
0.2033510059118271
0.39080798625946045
0.1913679987192154
0.39436599612236023
0.1793850064277649
0.39792400598526
0.1674019992351532
0.4014819860458374
0.1554190069437027
0.4050399959087372
0.1514589935541153
0.39318299293518066
0.14749999344348907
0.3813270032405853
0.14354099333286285
0.36947101354599
0.13958099484443665
0.35761401057243347
0.13562199473381042
0.34575799107551575
0.1316629946231842
0.3339020013809204
0.127702996134758
0.3220449984073639
0.12374400347471237
0.31018900871276855
0.12751799821853638
0.2982720136642456
0.13129299879074097
0.28635600209236145
0.13506799936294556
0.2744390070438385
0.13884200155735016
0.26252299547195435
0.14261700212955475
0.2506060004234314
0.14639100432395935
0.23869000375270844
0.15016600489616394
0.2267729938030243
0.15394000709056854
0.21485699713230133
0.1583539992570877
0.20316199958324432
0.16276900470256805
0.1914680004119873
0.16718299686908722
0.1797730028629303
0.17159700393676758
0.1680780053138733
0.17601099610328674
0.1563829928636551
0.1804250031709671
0.14468899369239807
0.18483899533748627
0.13299399614334106
0.18925300240516663
0.12129899859428406
0.2009039968252182
0.11676900088787079
0.2125539928674698
0.11223900318145752
0.22420400381088257
0.10770999640226364
0.23585399985313416
0.10317999869585037
0.24750499427318573
0.09864959865808487
0.2591550052165985
0.09411969780921936
0.2708050012588501
0.08958970010280609
0.28245601058006287
0.08505979925394058
0.2947539985179901
0.08282110095024109
0.30705100297927856
0.08058229833841324
0.3193489909172058
0.07834360003471375
0.33164700865745544
0.07610490173101425
0.3439449965953827
0.07386620342731476
0.3562430143356323
0.07162749767303467
0.36854100227355957
0.06938879936933517
0.3808389902114868
0.06715010106563568
0.3914090096950531
0.06689120084047318
