0.8151940107345581
0.6103910207748413
0.8238279819488525
0.6013519763946533
0.8324630260467529
0.5923140048980713
0.8410980105400085
0.5832750201225281
0.849731981754303
0.5742369890213013
0.8583670258522034
0.5651980042457581
0.8670009970664978
0.5561599731445312
0.8756359815597534
0.5471220016479492
0.8842710256576538
0.538083016872406
0.8730970025062561
0.5436869859695435
0.8619229793548584
0.5492900013923645
0.8507500290870667
0.554893970489502
0.839576005935669
0.5604979991912842
0.8284029960632324
0.5661010146141052
0.8172289729118347
0.5717049837112427
0.8060550093650818
0.5773079991340637
0.7948819994926453
0.582912027835846
0.7824230194091797
0.5839300155639648
0.7699649930000305
0.5849490165710449
0.7575060129165649
0.5859670042991638
0.7450479865074158
0.5869849920272827
0.7325900197029114
0.5880039930343628
0.720130980014801
0.5890219807624817
0.7076730132102966
0.5900400280952454
0.6952139735221863
0.5910590291023254
0.6827239990234375
0.590565025806427
0.6702340245246887
0.5900700092315674
0.657742977142334
0.589576005935669
0.6452530026435852
0.5890820026397705
0.6327630281448364
0.5885879993438721
0.6202729940414429
0.5880939960479736
0.6077830195426941
0.5875999927520752
0.5952919721603394
0.5871059894561768
0.6055539846420288
0.5799689888954163
0.6158159971237183
0.5728309750556946
0.6260780096054077
0.5656939744949341
0.6363400220870972
0.5585569739341736
0.6466019749641418
0.5514190196990967
0.6568639874458313
0.5442820191383362
0.6671259999275208
0.5371450185775757
0.6773880124092102
0.530007004737854
0.6650189757347107
0.5318089723587036
0.6526489853858948
0.5336099863052368
0.64028000831604
0.53541100025177
0.6279100179672241
0.5372120141983032
0.6155409812927246
0.5390139818191528
0.6031709909439087
0.540814995765686
0.590802013874054
0.5426160097122192
0.578432023525238
0.5444179773330688
0.5743209719657898
0.5326129794120789
0.5702099800109863
0.5208079814910889
0.5660989880561829
0.5090039968490601
0.5619890093803406
0.49719899892807007
0.5578780174255371
0.4853940010070801
0.5537670254707336
0.4735890030860901
0.5496559739112854
0.4617849886417389
0.5455449819564819
0.4499799907207489
0.5388230085372925
0.4394409954547882
0.5321019887924194
0.4289020001888275
0.52538001537323
0.4183630049228668
0.5186579823493958
0.40782400965690613
0.5119360089302063
0.39728599786758423
0.5052149891853333
0.38674700260162354
0.4984929859638214
0.37620800733566284
0.49177101254463196
0.36566901206970215
0.4930579960346222
0.35323500633239746
0.49434399604797363
0.34080201387405396
0.4956299960613251
0.32836800813674927
0.4969170093536377
0.3159340023994446
0.49820300936698914
0.3035010099411011
0.4994890093803406
0.2910670042037964
0.5007759928703308
0.2786329984664917
0.5020620226860046
0.2662000060081482
0.4909049868583679
0.26056399941444397
0.4797469973564148
0.25492799282073975
0.46858999133110046
0.24929200112819672
0.45743200182914734
0.2436559945344925
0.446274995803833
0.23802100121974945
0.4351179897785187
0.23238499462604523
0.42396000027656555
0.2267490029335022
0.4128029942512512
0.22111299633979797
0.4249880015850067
0.21832600235939026
0.437173992395401
0.21553899347782135
0.4493589997291565
0.21275299787521362
0.461544007062912
0.2099660038948059
0.4737299978733063
0.207178995013237
0.48591500520706177
0.20439200103282928
0.49810099601745605
0.20160600543022156
0.5102859735488892
0.19881899654865265
0.5041400194168091
0.1879339963197708
0.497994989156723
0.17704899609088898
0.49184900522232056
0.16616399586200714
0.4857029914855957
0.1552789956331253
0.47955799102783203
0.14439399540424347
0.47341200709342957
0.13350999355316162
0.4672670066356659
0.12262500077486038
0.46112099289894104
0.11174000054597855
0.44901201128959656
0.11484099924564362
0.4369019865989685
0.1179409995675087
0.424793004989624
0.12104199826717377
0.41268399357795715
0.12414299696683884
0.4005739986896515
0.1272439956665039
0.3884649872779846
0.13034400343894958
0.37635600566864014
0.13344499468803406
0.3642460107803345
0.13654600083827972
0.3615419864654541
0.12434200197458267
0.3588379919528961
0.11213800311088562
0.35613399744033813
0.09993389993906021
0.35343000292778015
0.08772990107536316
0.35072600841522217
0.07552590221166611
0.3480220139026642
0.06332190334796906
0.3453179895877838
0.051117900758981705
0.34261399507522583
0.038913801312446594
0.3314700126647949
0.047486498951911926
0.3203270137310028
0.05605920031666756
0.3091840147972107
0.06463179737329483
