0.9077119827270508
0.7190970182418823
0.8957070112228394
0.7156149744987488
0.8837019801139832
0.7121319770812988
0.8716959953308105
0.7086489796638489
0.8596910238265991
0.7051669955253601
0.8476859927177429
0.7016839981079102
0.8356810212135315
0.6982020139694214
0.8236759901046753
0.6947190165519714
0.8116710186004639
0.6912360191345215
0.7991989850997925
0.69206702709198
0.7867259979248047
0.6928979754447937
0.7742540240287781
0.6937289834022522
0.7617819905281067
0.6945599913597107
0.7493090033531189
0.6953909993171692
0.7368370294570923
0.6962220072746277
0.7243649959564209
0.6970530152320862
0.7118920087814331
0.6978840231895447
0.7007690072059631
0.7035859823226929
0.6896460056304932
0.709289014339447
0.678521990776062
0.7149919867515564
0.667398989200592
0.7206940054893494
0.6562749743461609
0.7263969779014587
0.6451519727706909
0.7321000099182129
0.634028971195221
0.7378020286560059
0.6229050159454346
0.7435050010681152
0.61080402135849
0.7466369867324829
0.5987030267715454
0.7497689723968506
0.586601972579956
0.752901017665863
0.5745000243186951
0.7560330033302307
0.5623990297317505
0.7591649889945984
0.5502979755401611
0.7622969746589661
0.5381969809532166
0.7654290199279785
0.5260949730873108
0.7685610055923462
0.5135959982872009
0.768392026424408
0.5010979771614075
0.768222987651825
0.4885990023612976
0.7680550217628479
0.47609999775886536
0.7678859829902649
0.4636009931564331
0.7677170038223267
0.45110198855400085
0.7675480246543884
0.438603013753891
0.7673789858818054
0.42610400915145874
0.7672100067138672
0.41385000944137573
0.7696769833564758
0.4015960097312927
0.7721440196037292
0.3893420100212097
0.7746120095252991
0.3770880103111267
0.7770789861679077
0.3648340106010437
0.7795460224151611
0.3525800108909607
0.7820129990577698
0.3403260111808777
0.7844799757003784
0.3280709981918335
0.7869470119476318
0.323527991771698
0.775301992893219
0.3189849853515625
0.7636569738388062
0.3144420087337494
0.7520110011100769
0.3098990023136139
0.7403659820556641
0.3053559958934784
0.728721022605896
0.3008129894733429
0.7170760035514832
0.2962700128555298
0.7054309844970703
0.2917270064353943
0.6937860250473022
0.2839429974555969
0.6840050220489502
0.27615898847579956
0.6742240190505981
0.2683750092983246
0.6644440293312073
0.2605910003185272
0.6546630263328552
0.25280699133872986
0.6448829770088196
0.2450219988822937
0.6351019740104675
0.23723800480365753
0.6253219842910767
0.22945399582386017
0.6155409812927246
0.2169719934463501
0.6148729920387268
0.20449000597000122
0.614205002784729
0.19200800359249115
0.6135370135307312
0.17952600121498108
0.6128680109977722
0.167043998837471
0.6122000217437744
0.15456199645996094
0.6115319728851318
0.14207899570465088
0.6108629703521729
0.1295969933271408
0.610194981098175
0.1311900019645691
0.5977969765663147
0.13278399407863617
0.5853989720344543
0.13437700271606445
0.5730010271072388
0.13596999645233154
0.5606030225753784
0.13756300508975983
0.5482050180435181
0.13915599882602692
0.5358070135116577
0.140748992562294
0.5234090089797974
0.1423420011997223
0.511011004447937
0.1375180035829544
0.4994789958000183
0.1326950043439865
0.4879469871520996
0.12787100672721863
0.4764150083065033
0.12304800003767014
0.4648829996585846
0.11822400242090225
0.4533509910106659
0.11339999735355377
0.4418199956417084
0.10857699811458588
0.4302879869937897
0.103753000497818
0.41875600814819336
0.10931699723005295
0.4075630009174347
0.1148810014128685
0.39636901021003723
0.12044399976730347
0.3851749897003174
0.12600800395011902
0.3739820122718811
0.13157199323177338
0.36278799176216125
0.13713599741458893
0.351595014333725
0.1426990032196045
0.3404009938240051
0.14826300740242004
0.32920798659324646
