0.18022200465202332
0.8093270063400269
0.1927189975976944
0.8090540170669556
0.20521600544452667
0.8087810277938843
0.21771299839019775
0.8085070252418518
0.23021000623703003
0.8082339763641357
0.2427069991827011
0.8079609870910645
0.2552039921283722
0.8076879978179932
0.26770099997520447
0.8074139952659607
0.28019800782203674
0.8071410059928894
0.2857089936733246
0.7959219813346863
0.2912209928035736
0.7847020030021667
0.29673200845718384
0.7734829783439636
0.30224400758743286
0.7622640132904053
0.3077549934387207
0.751043975353241
0.3132669925689697
0.7398250102996826
0.31877800822257996
0.7286059856414795
0.324290007352829
0.71738600730896
0.3239879906177521
0.7048900127410889
0.32368600368499756
0.6923940181732178
0.32338398694992065
0.6798970103263855
0.32308098673820496
0.6674010157585144
0.32277899980545044
0.6549050211906433
0.3224770128726959
0.642408013343811
0.322174996137619
0.6299120187759399
0.3218730092048645
0.6174160242080688
0.3203429877758026
0.6050099730491638
0.3188129961490631
0.5926039814949036
0.3172830045223236
0.5801979899406433
0.3157530128955841
0.5677919983863831
0.3142229914665222
0.5553860068321228
0.3126929998397827
0.5429800152778625
0.311163991689682
0.5305740237236023
0.3096340000629425
0.5181679725646973
0.29840201139450073
0.5126820206642151
0.2871699929237366
0.5071960091590881
0.2759380042552948
0.5017099976539612
0.26470598578453064
0.49622398614883423
0.25347399711608887
0.49073800444602966
0.2422419935464859
0.4852519929409027
0.23101100325584412
0.47976601123809814
0.21977899968624115
0.4742799997329712
0.21888700127601624
0.46181198954582214
0.21799500286579132
0.4493440091609955
0.2171030044555664
0.43687599897384644
0.2162110060453415
0.4244079887866974
0.21532000601291656
0.41193899512290955
0.21442799270153046
0.3994710147380829
0.21353599429130554
0.38700300455093384
0.21264399588108063
0.3745349943637848
0.21128599345684052
0.3621090054512024
0.20992699265480042
0.3496829867362976
0.2085680067539215
0.3372569978237152
0.2072100043296814
0.3248310089111328
0.2058510035276413
0.312404990196228
0.20449300110340118
0.29997900128364563
0.20313400030136108
0.28755301237106323
0.20177499949932098
0.27512699365615845
0.2010670006275177
0.26264700293540955
0.20035800337791443
0.25016799569129944
0.19964900612831116
0.23768800497055054
0.1989399939775467
0.22520799934864044
0.19823099672794342
0.21272799372673035
0.19752199947834015
0.20024800300598145
0.19681300222873688
0.18776799738407135
0.1961040049791336
0.17528800666332245
0.2074979990720749
0.17014800012111664
0.21889199316501617
0.16500699520111084
0.23028600215911865
0.15986700356006622
0.24167999625205994
0.15472599864006042
0.2530739903450012
0.14958499372005463
0.2644680142402649
0.14444500207901
0.2758620083332062
0.1393039971590042
0.28725600242614746
0.1341640055179596
0.29973098635673523
0.13337600231170654
0.3122060000896454
0.1325879991054535
0.32468101382255554
0.13179999589920044
0.3371570110321045
0.13101300597190857
0.34963199496269226
0.13022500276565552
0.3621070086956024
0.12943699955940247
0.3745819926261902
0.12864899635314941
0.38705700635910034
0.12786200642585754
0.3993070125579834
0.12537099421024323
0.4115560054779053
0.1228799968957901
0.42380499839782715
0.12038999795913696
0.4360550045967102
0.11789900064468384
0.4483039975166321
0.1154090017080307
0.46055299043655396
0.11291799694299698
0.472802996635437
0.11042799800634384
0.4850519895553589
0.10793700069189072
0.48860499262809753
0.1199209988117218
0.4921579957008362
0.13190600275993347
0.49571099877357483
0.14388999342918396
0.4992640018463135
0.15587499737739563
0.5028169751167297
0.1678590029478073
0.506371021270752
0.1798429936170578
0.5099239945411682
0.19182799756526947
0.5134770274162292
0.20381200313568115
0.5208200216293335
0.2139279991388321
0.5281630158424377
0.22404299676418304
0.5355070233345032
0.23415899276733398
0.5428500175476074
0.24427500367164612
0.5501930117607117
0.25439000129699707
0.5575370192527771
0.2645060122013092
0.5648800134658813
0.27462100982666016
0.5722230076789856
0.2847369909286499
0.5831390023231506
0.2908270061016083
0.5940549969673157
0.29691800475120544
0.6049709916114807
0.30300799012184143
0.6158869862556458
0.3090980052947998
0.6268029808998108
0.315189003944397
0.6377189755439758
0.32127898931503296
0.6486350297927856
0.32736900448799133
0.6595510244369507
0.3334600031375885
0.6697760224342346
0.3406490087509155
0.680001974105835
0.34783801436424255
0.6902279853820801
0.3550269901752472
0.7004539966583252
0.3622159957885742
0.7106789946556091
0.3694060146808624
0.7209050059318542
0.37659499049186707
0.7311310172080994
0.3837839961051941
0.7413570284843445
0.3909730017185211
0.7526749968528748
0.3962770104408264
0.7639939785003662
0.4015820026397705
0.7753130197525024
0.4068860113620758
0.7866320013999939
0.4121899902820587
0.797950029373169
0.4174950122833252
0.8092690110206604
0.4227989912033081
0.8205879926681519
0.4281029999256134
0.8319069743156433
0.4334070086479187
0.8358399868011475
0.4452719986438751
0.8397740125656128
0.45713698863983154
0.8437070250511169
0.46900200843811035
0.8476409912109375
0.4808669984340668
0.8515740036964417
0.4927319884300232
0.8555070161819458
0.504597008228302
0.8594409823417664
0.5164620280265808
0.8633739948272705
0.5283269882202148
0.875328004360199
0.5274760127067566
0.8872820138931274
0.5266249775886536
0.8992360234260559
0.5257729887962341
0.9111899733543396
0.5249220132827759
0.9231430292129517
0.5240700244903564
