0.3826789855957031
0.5895169973373413
0.37770798802375793
0.5780479907989502
0.3727380037307739
0.5665789842605591
0.36776700615882874
0.555109977722168
0.36279600858688354
0.5436400175094604
0.35782501101493835
0.5321710109710693
0.35285401344299316
0.5207020044326782
0.3478829860687256
0.5092329978942871
0.3429130017757416
0.497763991355896
0.3519290089607239
0.48910701274871826
0.36094599962234497
0.48045000433921814
0.36996299028396606
0.471792995929718
0.37898001074790955
0.4631359875202179
0.38799700140953064
0.454477995634079
0.39701399207115173
0.44582098722457886
0.4060310125350952
0.4371640086174011
0.4150480031967163
0.428507000207901
0.4127649962902069
0.44079700112342834
0.4104819893836975
0.4530870020389557
0.4081990122795105
0.46537700295448303
0.4059160053730011
0.4776659905910492
0.4036340117454529
0.48995599150657654
0.4013510048389435
0.5022460222244263
0.3990679979324341
0.5145360231399536
0.3967849910259247
0.5268250107765198
0.38731199502944946
0.5186700224876404
0.37783798575401306
0.5105149745941162
0.36836498975753784
0.5023599863052368
0.35889101028442383
0.4942049980163574
0.3494180142879486
0.486050009727478
0.339944988489151
0.47789499163627625
0.330471009016037
0.46974000334739685
0.32099801301956177
0.46158498525619507
0.312703013420105
0.4522339999675751
0.304407000541687
0.44288399815559387
0.2961120009422302
0.4335330128669739
0.28781598806381226
0.4241819977760315
0.27952098846435547
0.4148310124874115
0.2712250053882599
0.4054810106754303
0.2629300057888031
0.3961299955844879
0.2546350061893463
0.3867790102958679
0.24939799308776855
0.3754290044307709
0.24416199326515198
0.36407899856567383
0.2389249950647354
0.352728009223938
0.23368899524211884
0.34137800335884094
0.22845199704170227
0.3300279974937439
0.2232159972190857
0.31867799162864685
0.21797899901866913
0.307327002286911
0.21274299919605255
0.29597699642181396
0.20795400440692902
0.28443101048469543
0.2031649947166443
0.2728840112686157
0.19837599992752075
0.2613379955291748
0.19358700513839722
0.24979199469089508
0.1887979954481125
0.23824599385261536
0.18400900065898895
0.22669899463653564
0.17922000586986542
0.21515299379825592
0.1744309961795807
0.2036069929599762
0.1730310022830963
0.19118499755859375
0.17162999510765076
0.1787640005350113
0.1702290028333664
0.16634300351142883
0.16882799565792084
0.15392200648784637
0.16742800176143646
0.14149999618530273
0.1660269945859909
0.12907899916172028
0.16462600231170654
0.11665800213813782
0.16322599351406097
0.10423699766397476
0.16215600073337555
0.09474779665470123
0.16108599305152893
0.08525899797677994
