0.6516799926757812
0.164465993642807
0.6476770043373108
0.17630800604820251
0.6436730027198792
0.18815000355243683
0.6396700143814087
0.19999100267887115
0.6356670260429382
0.21183300018310547
0.6316630244255066
0.22367499768733978
0.6276599764823914
0.2355159968137741
0.6236569881439209
0.24735799431800842
0.6196539998054504
0.25919899344444275
0.6144430041313171
0.27056199312210083
0.609233021736145
0.2819240093231201
0.6040229797363281
0.2932870090007782
0.598812997341156
0.3046489953994751
0.5936030149459839
0.3160110116004944
0.588392972946167
0.32737401127815247
0.5831829905509949
0.33873599767684937
0.5779730081558228
0.35009899735450745
0.5702289938926697
0.3599120080471039
0.5624859929084778
0.36972498893737793
0.5547429919242859
0.37953799962997437
0.546999990940094
0.3893510103225708
0.5392569899559021
0.39916399121284485
0.5315139889717102
0.4089770019054413
0.5237709879875183
0.4187900125980377
0.5160279870033264
0.42860299348831177
0.511256992816925
0.4401560127735138
0.5064849853515625
0.4517099857330322
0.5017129778862
0.46326300501823425
0.49694201350212097
0.4748170077800751
0.4921700060367584
0.4863699972629547
0.48739901185035706
0.49792298674583435
0.4826270043849945
0.5094770193099976
0.47785499691963196
0.5210300087928772
0.47238001227378845
0.5322669744491577
0.46690401434898376
0.543503999710083
0.4614279866218567
0.5547400116920471
0.455951988697052
0.5659769773483276
0.4504759907722473
0.5772140026092529
0.4449999928474426
0.5884510278701782
0.43952399492263794
0.5996869802474976
0.43404799699783325
0.6109240055084229
0.4261910021305084
0.6206459999084473
0.4183340072631836
0.6303679943084717
0.41047701239585876
0.6400899887084961
0.40261998772621155
0.6498119831085205
0.3947629928588867
0.6595339775085449
0.3869059979915619
0.6692559719085693
0.3790479898452759
0.6789780259132385
0.37119099497795105
0.6887000203132629
0.35717400908470154
0.6902390122413635
0.34315699338912964
0.6917790174484253
0.3291400074958801
0.6933190226554871
