0.15397299826145172
0.6571890115737915
0.16643300652503967
0.6581889986991882
0.17889299988746643
0.659188985824585
0.1913529932498932
0.6601880192756653
0.20381300151348114
0.661188006401062
0.2162729948759079
0.6621879935264587
0.22873300313949585
0.6631870269775391
0.2411929965019226
0.6641870141029358
0.25365298986434937
0.6651870012283325
0.26372700929641724
0.657787024974823
0.2738009989261627
0.6503859758377075
0.2838749885559082
0.642985999584198
0.2939490079879761
0.6355860233306885
0.30402299761772156
0.6281859874725342
0.31409698724746704
0.6207849979400635
0.3241710066795349
0.613385021686554
0.3342449963092804
0.6059849858283997
0.32201799750328064
0.6033859848976135
0.3097909986972809
0.6007869839668274
0.2975650131702423
0.5981879830360413
0.28533801436424255
0.5955889821052551
0.2731109857559204
0.592989981174469
0.26088398694992065
0.5903909802436829
0.2486570030450821
0.5877919793128967
0.23643000423908234
0.5851939916610718
0.23784400522708893
0.5727739930152893
0.23925699293613434
0.5603539943695068
0.24066999554634094
0.5479339957237244
0.24208299815654755
0.5355139970779419
0.24349600076675415
0.5230939984321594
0.24491000175476074
0.510673999786377
0.24632300436496735
0.49825501441955566
0.24773600697517395
0.4858349859714508
0.2543010115623474
0.47519800066947937
0.26086699962615967
0.46456098556518555
0.26743200421333313
0.4539240002632141
0.2739970088005066
0.4432869851589203
0.28056201338768005
0.43264898657798767
0.2871280014514923
0.42201200127601624
0.29369300603866577
0.4113749861717224
0.30025801062583923
0.400738000869751
0.3102020025253296
0.3931629955768585
0.32014501094818115
0.38558799028396606
0.3300879895687103
0.378013014793396
0.34003201127052307
0.37043800950050354
0.34997498989105225
0.3628630042076111
0.3599179983139038
0.35528799891471863
0.36986199021339417
0.34771400690078735
0.3798049986362457
0.3401390016078949
0.38204100728034973
0.32784000039100647
0.38427698612213135
0.3155420124530792
0.38651299476623535
0.3032430112361908
0.38874900341033936
0.29094499349594116
0.39098501205444336
0.2786470055580139
0.393220990896225
0.2663480043411255
0.395456999540329
0.25404998660087585
0.397693008184433
0.2417519986629486
0.3914079964160919
0.23094700276851654
0.38512200117111206
0.22014200687408447
0.3788360059261322
0.2093379944562912
0.37255099415779114
0.19853299856185913
0.3662649989128113
0.18772800266742706
0.3599790036678314
0.17692400515079498
0.35369399189949036
0.16611899435520172
0.3474079966545105
0.15531399846076965
0.3590649962425232
0.15080299973487854
0.37072300910949707
0.14629100263118744
0.38238000869750977
0.14178000390529633
0.39403799176216125
0.13726800680160522
0.40569499135017395
0.13275699317455292
0.4173530042171478
0.12824499607086182
0.4290100038051605
0.1237339973449707
0.4406670033931732
0.1192220002412796
0.44721099734306335
0.12987299263477325
0.4537549912929535
0.1405230015516281
0.46029898524284363
0.15117299556732178
0.46684300899505615
0.16182400286197662
0.4733859896659851
0.1724739968776703
0.47993001341819763
0.18312400579452515
0.48647400736808777
0.1937739998102188
0.4930180013179779
0.20442500710487366
0.5027179718017578
0.21230900287628174
0.5124179720878601
0.2201939970254898
0.522117018699646
0.2280779927968979
0.5318170189857483
0.23596200346946716
0.5415170192718506
0.24384699761867523
0.5512170195579529
0.2517310082912445
0.5609170198440552
0.2596150040626526
0.5706160068511963
0.26750001311302185
0.5744230151176453
0.27940601110458374
0.5782290101051331
0.2913129925727844
0.5820350050926208
0.3032189905643463
0.5858420133590698
0.3151249885559082
0.5896480083465576
0.3270319998264313
0.5934540033340454
0.33893799781799316
0.5972599983215332
0.35084500908851624
0.6010670065879822
0.3627510070800781
0.6127640008926392
0.3671579957008362
0.6244609951972961
0.3715650141239166
0.6361590027809143
0.3759720027446747
0.6478559970855713
0.38037899136543274
0.6595529913902283
0.3847860097885132
0.6712509989738464
0.38919299840927124
0.6829479932785034
0.3935999870300293
0.6946449875831604
0.39800700545310974
0.7062529921531677
0.4026449918746948
0.717860996723175
0.4072830080986023
0.7294679880142212
0.41192200779914856
0.7410759925842285
0.41655999422073364
0.7526839971542358
0.4211980104446411
0.764290988445282
0.4258359968662262
0.7758989930152893
0.43047401309013367
0.7875069975852966
0.43511199951171875
0.7999370098114014
0.4337890148162842
0.8123660087585449
0.4324670135974884
0.8247960209846497
0.43114399909973145
0.8372259736061096
0.42982199788093567
0.8496559858322144
0.4284990131855011
0.8620859980583191
0.42717599868774414
0.8745160102844238
0.42585399746894836
0.8869450092315674
0.4245310127735138
0.8823390007019043
0.43340399861335754
