0.35971900820732117
0.4327020049095154
0.35117098689079285
0.42358100414276123
0.3426240086555481
0.4144600033760071
0.33407700061798096
0.40533900260925293
0.325529009103775
0.3962180018424988
0.3169820010662079
0.38709700107574463
0.30843400955200195
0.37797701358795166
0.2998870015144348
0.3688560128211975
0.2913399934768677
0.35973501205444336
0.303182989358902
0.35573700070381165
0.31502699851989746
0.3517400026321411
0.32686999440193176
0.3477419912815094
0.33871400356292725
0.34374499320983887
0.35055699944496155
0.33974701166152954
0.36240100860595703
0.335750013589859
0.3742449879646301
0.3317529857158661
0.3860880136489868
0.32775500416755676
0.39243200421333313
0.33451300859451294
