0.17388300597667694
0.6609060168266296
0.17491300404071808
0.6484490036964417
0.17594200372695923
0.6359909772872925
0.17697100341320038
0.6235340237617493
0.17800000309944153
0.6110759973526001
0.17902900278568268
0.5986179709434509
0.18005800247192383
0.5861610174179077
0.18108700215816498
0.5737029910087585
0.18211600184440613
0.5612459778785706
0.19222000241279602
0.5538859963417053
0.2023240029811859
0.5465260148048401
0.21242700517177582
0.5391669869422913
0.2225310057401657
0.531807005405426
0.2326350063085556
0.5244470238685608
0.24273799359798431
0.517087996006012
0.2528420090675354
0.5097280144691467
0.2629460096359253
0.5023679733276367
0.26297199726104736
0.4898679852485657
0.2629989981651306
0.47736799716949463
0.2630249857902527
0.4648680090904236
0.26305198669433594
0.45236799120903015
0.2630780041217804
0.4398680031299591
0.26310399174690247
0.4273679852485657
0.2631309926509857
0.41486799716949463
0.2631570100784302
0.4023680090904236
0.2570889890193939
0.3914400041103363
0.25102099776268005
0.380511999130249
0.2449530065059662
0.36958301067352295
0.23888500034809113
0.35865500569343567
0.23281799256801605
0.3477259874343872
0.22675000131130219
0.3367980122566223
0.22068199515342712
0.32587000727653503
0.21461400389671326
0.3149409890174866
0.21476200222969055
0.3024420142173767
0.21491000056266785
0.28994300961494446
0.21505700051784515
0.2774440050125122
0.21520499885082245
0.26494500041007996
0.21535299718379974
0.2524459958076477
0.21550099551677704
0.23994599282741547
0.21564899384975433
0.2274470031261444
0.21579700708389282
0.21494799852371216
0.21613100171089172
0.2021310031414032
0.21646499633789062
0.18931399285793304
0.21679900586605072
0.1764959990978241
0.21713300049304962
0.16367900371551514
0.21746699512004852
0.15086199343204498
0.21780100464820862
0.13804399967193604
