0.3250940144062042
0.38523799180984497
0.32505300641059875
0.3977380096912384
0.32501301169395447
0.41023799777030945
0.3249729871749878
0.4227379858493805
0.3249320089817047
0.4352380037307739
0.3248920142650604
0.44773799180984497
0.32485198974609375
0.4602380096912384
0.32481101155281067
0.47273799777030945
0.324770987033844
0.4852379858493805
0.3160650134086609
0.4942080080509186
0.3073590099811554
0.5031780004501343
0.2986530065536499
0.5121480226516724
0.2899479866027832
0.5211179852485657
0.2812420129776001
0.5300880074501038
0.2725360095500946
0.5390570163726807
0.2638300061225891
0.548026978969574
0.2551249861717224
0.5569970011711121
0.24364499747753143
0.561942994594574
0.23216499388217926
0.5668900012969971
0.22068500518798828
0.571835994720459
0.2092050015926361
0.5767819881439209
0.19772599637508392
0.5817279815673828
0.18624599277973175
0.5866739749908447
0.17476600408554077
0.5916200280189514
0.1632860004901886
0.5965660214424133
0.15700800716876984
0.6073750257492065
0.15072999894618988
0.618183970451355
0.14445200562477112
0.6289939880371094
0.13817399740219116
0.6398029923439026
0.1318960040807724
0.6506119966506958
0.12561899423599243
0.661421000957489
0.11934100091457367
0.6722300052642822
0.11306300014257431
0.6830390095710754
0.11691699922084808
0.6949300169944763
0.12077199667692184
0.7068210244178772
0.12462600320577621
0.7187119722366333
0.12848100066184998
0.7306029796600342
0.13233500719070435
0.7424939870834351
0.1361899971961975
0.7543839812278748
0.14004500210285187
0.7662749886512756
0.14389899373054504
0.7781659960746765
0.14303599298000336
0.7906360030174255
0.14217300713062286
0.8031060099601746
0.14130899310112
0.81557697057724
0.1404460072517395
0.828046977519989
0.13958300650119781
0.840516984462738
0.13872000575065613
0.8529869914054871
0.13785600662231445
0.8654569983482361
0.13699300587177277
0.8779270052909851
0.13451699912548065
0.8656749725341797
0.13203999400138855
0.853422999382019
0.12956400215625763
0.8411710262298584
0.12708699703216553
0.828918993473053
0.12460999935865402
0.8166660070419312
0.1221340000629425
0.8044139742851257
0.119657002389431
0.7921620011329651
0.11718100309371948
0.7799100279808044
0.11047600209712982
0.7706609964370728
0.10377199947834015
0.7614120244979858
0.09706760197877884
0.7521640062332153
0.09036319702863693
0.7429149746894836
