0.521431028842926
0.46573498845100403
0.5339310169219971
0.46560099720954895
0.5464299917221069
0.46546700596809387
0.5589290261268616
0.4653330147266388
0.5714290142059326
0.4652000069618225
0.5839279890060425
0.46506598591804504
0.5964270234107971
0.46493199467658997
0.608925998210907
0.4647980034351349
0.621425986289978
0.4646649956703186
0.6304649710655212
0.4560309946537018
0.6395050287246704
0.44739800691604614
0.6485450267791748
0.4387649893760681
0.6575850248336792
0.4301320016384125
0.6666240096092224
0.42149800062179565
0.6756640076637268
0.41286501288414
0.6847040057182312
0.404231995344162
0.6937429904937744
0.39559799432754517
0.6815469861030579
0.3928599953651428
0.6693509817123413
0.3901219964027405
0.6571540236473083
0.38738399744033813
0.6449580192565918
0.3846459984779358
0.6327610015869141
0.38190698623657227
0.6205649971961975
0.3791689872741699
0.608368992805481
0.3764309883117676
0.5961719751358032
0.37369298934936523
0.6082730293273926
0.37056100368499756
0.6203749775886536
0.3674289882183075
0.6324759721755981
0.36429598927497864
0.6445770263671875
0.36116400361061096
0.6566780209541321
0.3580319881439209
0.6687800288200378
0.3549000024795532
0.6808810234069824
0.35176798701286316
0.692982017993927
0.3486360013484955
0.6839380264282227
0.3400070071220398
0.6748939752578735
0.3313780128955841
0.6658499836921692
0.32274898886680603
0.6568059921264648
0.3141210079193115
0.6477620005607605
0.30549201369285583
0.6387180089950562
0.29686298966407776
0.6296740174293518
0.28823500871658325
0.6206290125846863
0.27960601449012756
0.6243600249290466
0.2676750123500824
0.6280900239944458
0.255744993686676
0.631820023059845
0.24381500482559204
0.6355500221252441
0.23188400268554688
0.6392800211906433
0.2199539989233017
0.6430109739303589
0.20802299678325653
0.6467409729957581
0.19609299302101135
0.6504709720611572
0.18416200578212738
0.6385930180549622
0.1802700012922287
0.6267139911651611
0.17637699842453003
0.6148359775543213
0.17248399555683136
0.602957010269165
0.16859200596809387
0.5910789966583252
0.1646990031003952
0.579200029373169
0.16080600023269653
0.5673220157623291
0.15691399574279785
0.5554440021514893
0.15302099287509918
0.5562520027160645
0.1405470073223114
0.5570610165596008
0.12807300686836243
0.557869017124176
0.11559899896383286
0.5586770176887512
0.10312599688768387
0.5594859719276428
0.09065169841051102
0.560293972492218
0.07817789912223816
0.5611029863357544
0.0657040998339653
0.5619109869003296
0.053230300545692444
0.5751960277557373
0.05415229871869087
0.5884810090065002
0.05507440119981766
0.601764976978302
0.055996499955654144
0.6150500178337097
0.05691859871149063
0.6283349990844727
0.057840701192617416
