0.4442940056324005
0.5486890077590942
0.43862199783325195
0.559827983379364
0.4329499900341034
0.5709670186042786
0.4272780120372772
0.5821059942245483
0.42160600423812866
0.5932450294494629
0.4159339964389801
0.6043840050697327
0.41026198863983154
0.6155229806900024
0.40459001064300537
0.626662015914917
0.39891698956489563
0.6378009915351868
0.38712599873542786
0.6336529850959778
0.3753339946269989
0.62950599193573
0.36354199051856995
0.625357985496521
0.351749986410141
0.6212109923362732
0.3399580121040344
0.6170629858970642
0.32816600799560547
0.6129159927368164
0.3163749873638153
0.6087679862976074
0.30458301305770874
0.6046199798583984
0.293381005525589
0.5990729928016663
0.2821800112724304
0.5935249924659729
0.27097800374031067
0.5879769921302795
0.2597770094871521
0.5824300050735474
0.24857500195503235
0.576882004737854
0.23737399280071259
0.5713350176811218
0.22617200016975403
0.5657870173454285
0.21497100591659546
0.5602390170097351
0.21695899963378906
0.54789799451828
0.21894800662994385
0.5355579853057861
0.22093699872493744
0.5232170224189758
0.22292500734329224
0.5108759999275208
0.22491399943828583
0.49853500723838806
0.2269030064344406
0.48619401454925537
0.22889100015163422
0.4738540053367615
0.230880007147789
0.4615130126476288
0.2250089943408966
0.4504770040512085
0.2191379964351654
0.4394420087337494
0.2132669985294342
0.4284060001373291
0.207396000623703
0.41737100481987
0.2015260010957718
0.4063349962234497
0.1956550031900406
0.3953000009059906
0.1897840052843094
0.3842639923095703
0.18391300737857819
0.3732289969921112
0.18378199636936188
0.36072900891304016
0.18365100026130676
0.3482300043106079
0.18352000415325165
0.33573099970817566
0.18338899314403534
0.3232310116291046
0.18325799703598022
0.31073200702667236
0.1831270009279251
0.2982330024242401
0.18299600481987
0.28573301434516907
0.1828649938106537
0.2732340097427368
0.18411800265312195
0.26079699397087097
0.18536999821662903
0.24835999310016632
0.1866219937801361
0.23592300713062286
0.18787400424480438
0.2234860062599182
0.18912699818611145
0.21104800701141357
0.19037899374961853
0.19861100614070892
0.1916310042142868
0.18617400527000427
0.19288299977779388
0.17373700439929962
0.199413001537323
0.16307799518108368
0.20594200491905212
0.15241900086402893
0.21247200667858124
0.14176000654697418
0.21900099515914917
0.13110099732875824
0.2255299985408783
0.12044200301170349
0.2320600003004074
0.10978200286626816
0.23858900368213654
0.09912329912185669
0.24511900544166565
0.08846420049667358
0.2563380002975464
0.08295349776744843
0.2675580084323883
0.07744280248880386
0.27877798676490784
0.07193200290203094
0.28999799489974976
0.06642130017280579
0.3012169897556305
0.060910601168870926
0.3124369978904724
0.05539989843964577
0.32365700602531433
0.04988919943571091
0.33487600088119507
0.04437839984893799
0.3473230004310608
0.04322050139307976
0.35976898670196533
0.04206269979476929
0.37221500277519226
0.040904801338911057
0.3846609890460968
0.03974689915776253
0.3971079885959625
0.0385890007019043
0.40955400466918945
0.03743109852075577
0.421999990940094
0.03627320006489754
0.4344460070133209
0.03511530160903931
0.43782898783683777
0.04714899882674217
0.4412109851837158
0.059182699769735336
0.44459301233291626
0.07121630012989044
0.4479759931564331
0.0832500010728836
0.45135799050331116
0.09528370201587677
0.4547410011291504
0.1073170006275177
0.45812299847602844
0.11935099959373474
0.4615049958229065
0.13138499855995178
0.46759700775146484
0.14229999482631683
0.4736889898777008
0.15321500599384308
0.47978100180625916
0.16413000226020813
0.4858730137348175
0.17504499852657318
0.4919640123844147
0.18595999479293823
0.49805599451065063
0.19687600433826447
0.504148006439209
0.20779100060462952
0.5102400183677673
0.21870599687099457
0.5199390053749084
0.22812999784946442
0.5296379923820496
0.23755399882793427
0.5393369793891907
0.2469779998064041
0.5490360260009766
0.25640198588371277
0.5587360262870789
0.2658259868621826
0.56843501329422
0.27524998784065247
