0.7293300032615662
0.5396109819412231
0.7190650105476379
0.5324770212173462
0.7088009715080261
0.5253430008888245
0.6985359787940979
0.5182089805603027
0.6882719993591309
0.5110759735107422
0.6780070066452026
0.5039420127868652
0.6677430272102356
0.4968079924583435
0.6574779748916626
0.48967498540878296
0.6472129821777344
0.4825409948825836
0.6580700278282166
0.48873600363731384
0.668927013874054
0.49493199586868286
0.6797839999198914
0.5011270046234131
0.6906399726867676
0.5073220133781433
0.7014970183372498
0.5135179758071899
0.7123540043830872
0.5197129845619202
0.7232099771499634
0.5259079933166504
0.7340670228004456
0.5321040153503418
0.7428119778633118
0.541034996509552
0.7515580058097839
0.5499659776687622
0.7603030204772949
0.5588979721069336
0.7690489888191223
0.5678290128707886
0.7777940034866333
0.5767599940299988
0.7865390181541443
0.5856919884681702
0.7952849864959717
0.5946230292320251
0.8040300011634827
0.6035540103912354
0.8163160085678101
0.6058580279350281
0.8286020159721375
0.608161985874176
0.8408880233764648
0.6104660034179688
0.853173017501831
0.6127700209617615
0.8654590249061584
0.6150739789009094
0.8777449727058411
0.6173779964447021
0.8900309801101685
0.6196820139884949
0.9023169875144958
0.6219859719276428
0.9088220000267029
0.6113119721412659
0.9153270125389099
0.6006379723548889
0.9218320250511169
0.589963972568512
0.9283369779586792
0.579289972782135
0.9348419904708862
0.5686159729957581
0.9413470029830933
0.5579419732093811
0.9478520154953003
0.5472679734230042
0.9543570280075073
0.5365939736366272
0.9474509954452515
0.5266939997673035
0.9405450224876404
0.5167940258979797
0.9336389899253845
0.5068939924240112
