0.23253099620342255
0.843671977519989
0.236968994140625
0.8319870233535767
0.24140800535678864
0.8203009963035583
0.24584700167179108
0.8086159825325012
0.25028499960899353
0.7969300150871277
0.25472399592399597
0.7852450013160706
0.2591629922389984
0.7735599875450134
0.26360100507736206
0.7618740200996399
0.2680400013923645
0.7501890063285828
0.26493901014328003
0.7380800247192383
0.26183798909187317
0.7259699702262878
0.2587360143661499
0.7138609886169434
0.25563499331474304
0.7017520070075989
0.25253400206565857
0.6896430253982544
0.2494329959154129
0.6775339841842651
0.24633200466632843
0.6654239892959595
0.24323099851608276
0.653315007686615
0.2494879961013794
0.6424940228462219
0.255744993686676
0.6316729784011841
0.26200300455093384
0.620851993560791
0.26826000213623047
0.610031008720398
0.2745169997215271
0.5992100238800049
0.2807750105857849
0.588388979434967
0.28703200817108154
0.577567994594574
0.2932890057563782
0.5667459964752197
0.28575599193573
0.5567709803581238
0.2782230079174042
0.5467960238456726
0.270689994096756
0.5368210077285767
0.2631570100784302
0.5268459916114807
0.2556230127811432
0.5168709754943848
0.248089998960495
0.5068960189819336
0.240557000041008
0.49692100286483765
0.233024001121521
0.4869459867477417
0.24333199858665466
0.4798769950866699
0.2536410093307495
0.47280699014663696
0.263949990272522
0.465736985206604
0.27425798773765564
0.4586679935455322
0.2845669984817505
0.45159798860549927
0.29487600922584534
0.4445280134677887
0.3051849901676178
0.43745800852775574
0.31549298763275146
0.4303889870643616
0.30973100662231445
0.419295996427536
0.30396899580955505
0.40820300579071045
0.29820799827575684
0.3971099853515625
0.29244598746299744
0.38601699471473694
0.2866840064525604
0.37492498755455017
0.280921995639801
0.3638319969177246
0.275160014629364
0.35273900628089905
0.2693980038166046
0.3416459858417511
0.2595070004463196
0.3340040147304535
0.24961499869823456
0.3263610005378723
0.23972399532794952
0.31871798634529114
0.22983300685882568
0.31107598543167114
0.21994100511074066
0.30343300104141235
0.21005000174045563
0.2957899868488312
0.2001579999923706
0.2881479859352112
0.19026699662208557
0.2805050015449524
0.1965560019016266
0.26981300115585327
0.2028460055589676
0.25912100076675415
0.2091349959373474
0.24842900037765503
