0.8529009819030762
0.6575639843940735
0.8648170232772827
0.6537860035896301
0.8767319917678833
0.6500080227851868
0.8886479735374451
0.6462299823760986
0.9005630016326904
0.6424520015716553
0.9124789834022522
0.6386740207672119
0.9243940114974976
0.6348959803581238
0.9363089799880981
0.6311179995536804
0.9482250213623047
0.6273400187492371
0.9357849955558777
0.6261159777641296
0.9233450293540955
0.6248930096626282
0.9109050035476685
0.6236690282821655
0.8984649777412415
0.6224449872970581
0.8860250115394592
0.6212210059165955
0.8735849857330322
0.6199970245361328
0.86114501953125
0.6187729835510254
0.848704993724823
0.6175500154495239
0.853829026222229
0.6061480045318604
0.8589529991149902
0.594747006893158
0.8640769720077515
0.5833449959754944
0.8692010045051575
0.571943998336792
0.8743249773979187
0.5605419874191284
0.8794500231742859
0.549140989780426
0.8845739960670471
0.5377389788627625
0.8896980285644531
0.5263379812240601
0.8852620124816895
0.5146510004997253
0.880827009677887
0.5029640197753906
0.8763920068740845
0.4912779927253723
0.871957004070282
0.4795910120010376
0.8675209879875183
0.4679040014743805
0.8630859851837158
0.45621800422668457
0.8586509823799133
0.44453099370002747
0.8542150259017944
0.43284401297569275
0.8421549797058105
0.42955899238586426
0.8300939798355103
0.426272988319397
0.8180339932441711
0.42298799753189087
0.805974006652832
0.4197019934654236
0.7939130067825317
0.4164159893989563
0.7818530201911926
0.4131309986114502
0.7697920203208923
0.4098449945449829
0.7577319741249084
0.4065600037574768
0.7452319860458374
0.4065620005130768
0.7327319979667664
0.40656399726867676
0.7202320098876953
0.40656599402427673
0.7077320218086243
0.4065690040588379
0.6952319741249084
0.40657100081443787
0.6827319860458374
0.40657299757003784
0.6702319979667664
0.4065749943256378
0.6577320098876953
0.4065769910812378
0.6596519947052002
0.3942260146141052
0.6615729928016663
0.3818739950656891
0.6634929776191711
0.36952298879623413
0.6654139757156372
0.3571709990501404
0.6673340201377869
0.34481900930404663
0.6692550182342529
0.3324680030345917
0.6711750030517578
0.3201160132884979
0.6730960011482239
0.30776500701904297
0.6609640121459961
0.3107759952545166
0.6488320231437683
0.3137870132923126
0.6366999745368958
0.31679800152778625
0.624567985534668
0.3198089897632599
0.6124359965324402
0.3228200078010559
0.6003040075302124
0.32583099603652954
0.5881720185279846
0.3288410007953644
0.5760400295257568
0.331851989030838
0.5643190145492554
0.3361940085887909
0.5525969862937927
0.3405359983444214
0.5408750176429749
0.3448779881000519
0.5291540026664734
0.34922000765800476
0.5174319744110107
0.35356199741363525
0.5057100057601929
0.35790398716926575
0.4939889907836914
0.36224600672721863
0.48226699233055115
0.3665879964828491
0.46977800130844116
0.36710700392723083
0.45728799700737
0.36762601137161255
0.44479900598526
0.3681449890136719
0.43230998516082764
0.36866500973701477
0.41982099413871765
0.3691839873790741
0.40733200311660767
0.3697029948234558
0.3948419988155365
0.3702229857444763
0.3823530077934265
0.37074199318885803
0.37288498878479004
0.3625810146331787
0.36341699957847595
0.3544189929962158
0.35394901037216187
0.3462580144405365
0.3444809913635254
0.3380970060825348
0.3350130021572113
0.3299359977245331
0.3255450129508972
0.3217740058898926
0.31607699394226074
0.31361299753189087
0.30660900473594666
0.30545198917388916
0.3189539909362793
0.30349001288414
0.3312990069389343
0.3015269935131073
0.34364399313926697
0.29956498742103577
0.355989009141922
0.2976030111312866
0.36833399534225464
0.2956410050392151
0.38067901134490967
0.2936779856681824
0.3930239975452423
0.2917160093784332
0.40536901354789734
0.2897540032863617
0.3981890082359314
0.27952200174331665
0.39100900292396545
0.2692889869213104
0.3838289976119995
0.2590569853782654
0.37664899230003357
0.24882499873638153
0.3694689869880676
0.2385929971933365
0.3622890114784241
0.22836099565029144
0.35510900616645813
0.2181289941072464
0.3479290008544922
0.20789699256420135
0.33522701263427734
0.2055860012769699
0.3225260078907013
0.20327499508857727
0.30982500314712524
0.20096400380134583
0.2971239984035492
0.19865299761295319
