0.8306419849395752
0.7477419972419739
0.8182920217514038
0.7496740221977234
0.8059430122375488
0.7516059875488281
0.7935929894447327
0.7535380125045776
0.7812430262565613
0.7554699778556824
0.7688930034637451
0.7574009895324707
0.756542980670929
0.7593330144882202
0.7441930174827576
0.761264979839325
0.7318440079689026
0.7631970047950745
0.7202979922294617
0.7679870128631592
0.7087519764900208
0.7727770209312439
0.6972060203552246
0.7775670289993286
0.6856600046157837
0.7823569774627686
0.674115002155304
0.7871469855308533
0.662568986415863
0.791936993598938
0.6510229706764221
0.7967270016670227
0.639477014541626
0.8015170097351074
0.6292600035667419
0.8087180256843567
0.6190429925918579
0.8159199953079224
0.6088259816169739
0.8231210112571716
0.5986089706420898
0.8303229808807373
0.5883920192718506
0.8375239968299866
0.5781750082969666
0.844726026058197
0.5679579973220825
0.8519269824028015
0.5577399730682373
0.859129011631012
0.5671079754829407
0.8528850078582764
