0.21502900123596191
0.40418699383735657
0.20690800249576569
0.3946850001811981
0.19878700375556946
0.3851819932460785
0.19066600501537323
0.37567898631095886
0.182545006275177
0.3661760091781616
0.17442399263381958
0.3566739857196808
0.16630299389362335
0.34717100858688354
0.15818199515342712
0.3376680016517639
0.1500609964132309
0.32816600799560547
0.1466359943151474
0.3161439895629883
0.1432110071182251
0.30412301421165466
0.1397860050201416
0.2921009957790375
0.13636000454425812
0.28007999062538147
0.13293500244617462
0.26805800199508667
0.12951000034809113
0.25603601336479187
0.12608499825000763
0.24401499330997467
0.12265899777412415
0.23199300467967987
0.10925500094890594
0.22912900149822235
0.0958499014377594
0.22626499831676483
0.08244509994983673
0.2234009951353073
0.06904029846191406
0.220537006855011
