0.504593014717102
0.6401069760322571
0.49428099393844604
0.6471710205078125
0.48396798968315125
0.6542350053787231
0.4736559987068176
0.6612989902496338
0.4633429944515228
0.6683629751205444
0.4530310034751892
0.6754279732704163
0.4427179992198944
0.6824920177459717
0.4324060082435608
0.6895560026168823
0.422093003988266
0.696619987487793
0.41589000821113586
0.7074729800224304
0.40968701243400574
0.7183250188827515
0.4034850001335144
0.7291769981384277
0.3972820043563843
0.7400299906730652
0.39107900857925415
0.7508820295333862
0.384876012802124
0.7617350220680237
0.3786729872226715
0.7725870013237
0.37247100472450256
0.7834399938583374
0.3603459894657135
0.7804009914398193
0.34821999073028564
0.7773619890213013
0.33609500527381897
0.7743239998817444
0.3239699900150299
0.7712849974632263
0.31184500455856323
0.7682470083236694
0.29971998929977417
0.7652080059051514
0.2875950038433075
0.7621700167655945
0.27546998858451843
0.7591310143470764
0.2685360014438629
0.7487310171127319
0.2616010010242462
0.7383310198783875
0.2546660006046295
0.727931022644043
0.2477319985628128
0.7175310254096985
0.2407969981431961
0.707131028175354
0.2338629961013794
0.6967300176620483
0.2269279956817627
0.6863300204277039
0.21999399363994598
0.6759300231933594
0.21800899505615234
0.6635890007019043
0.2160249948501587
0.6512470245361328
0.21403999626636505
0.6389060020446777
0.2120549976825714
0.6265640258789062
0.21007099747657776
0.6142230033874512
0.20808599889278412
0.6018819808959961
0.20610100030899048
0.5895400047302246
0.20411700010299683
0.5771989822387695
0.21430400013923645
0.5699549913406372
0.22449100017547607
0.5627120137214661
0.23467899858951569
0.5554680228233337
0.2448659986257553
0.5482249855995178
0.25505301356315613
0.5409809947013855
0.26524099707603455
0.5337380170822144
0.27542799711227417
0.5264949798583984
0.285616010427475
0.5192509889602661
0.2779090106487274
0.50941002368927
0.27020201086997986
0.49956798553466797
0.2624950110912323
0.4897269904613495
0.25478801131248474
0.479885995388031
0.247080996632576
0.47004398703575134
0.23937399685382843
0.46020299196243286
0.23166699707508087
0.4503610134124756
0.2239599972963333
0.4405199885368347
0.22207799553871155
0.42816200852394104
0.22019599378108978
0.41580501198768616
0.2183150053024292
0.4034470021724701
0.21643300354480743
0.3910900056362152
0.21455100178718567
0.37873199582099915
0.2126690000295639
0.36637499928474426
0.21078699827194214
0.3540169894695282
0.20890599489212036
0.3416599929332733
0.21738000214099884
0.33247101306915283
0.2258549928665161
0.32328200340270996
0.2343290001153946
0.3140929937362671
0.24280400574207306
0.3049049973487854
0.25127801299095154
0.29571598768234253
0.2597529888153076
0.28652700781822205
0.2682270109653473
0.2773379981517792
0.27670198678970337
0.2681500017642975
0.2889389991760254
0.2656030058860779
0.3011769950389862
0.2630560100078583
0.313414990901947
0.26050901412963867
0.32565298676490784
0.2579619884490967
0.33788999915122986
0.2554149925708771
0.3501279950141907
0.25286799669265747
0.3623659908771515
0.25032100081443787
0.3746039867401123
0.24777400493621826
0.3843829929828644
0.2555589973926544
0.39416301250457764
0.2633439898490906
0.4039430022239685
0.2711290121078491
0.4137229919433594
0.2789140045642853
0.42350199818611145
0.28669899702072144
0.4332819879055023
0.2944839894771576
0.4430620074272156
0.30226901173591614
0.45284199714660645
0.3100540041923523
