0.07318049669265747
0.6593260169029236
0.08562350273132324
0.6581329703330994
0.09806650131940842
0.6569409966468811
0.1105090007185936
0.6557480096817017
0.12295199930667877
0.6545559763908386
0.13539500534534454
0.6533629894256592
0.14783799648284912
0.6521710157394409
0.1602810025215149
0.6509780287742615
0.17272399365901947
0.6497859954833984
0.17757800221443176
0.6382660269737244
0.18243199586868286
0.6267470121383667
0.18728500604629517
0.615227997303009
0.19213899970054626
0.6037089824676514
0.19699299335479736
0.5921900272369385
0.20184700191020966
0.5806710124015808
0.20669999718666077
0.569150984287262
0.21155400574207306
0.5576320290565491
0.20852500200271606
0.5455049872398376
0.20549499988555908
0.5333769917488098
0.2024659961462021
0.5212500095367432
0.1994359940290451
0.5091230273246765
0.1964070051908493
0.4969950020313263
0.1933780014514923
0.48486799001693726
0.19034799933433533
0.4727410078048706
0.18731899559497833
0.4606130123138428
0.1963060051202774
0.45192500948905945
0.20529299974441528
0.4432379901409149
0.21428099274635315
0.4345499873161316
0.22326800227165222
0.42586201429367065
0.2322549968957901
0.41717401146888733
0.24124200642108917
0.408486008644104
0.25023001432418823
0.3997980058193207
0.2592169940471649
0.39111000299453735
0.2612600028514862
0.40406298637390137
0.2633030116558075
0.4170149862766266
