0.30933600664138794
0.14784200489521027
0.313277006149292
0.1597049981355667
0.31721898913383484
0.17156699299812317
0.3211599886417389
0.1834300011396408
0.32510098814964294
0.19529199600219727
0.329041987657547
0.20715400576591492
0.33298400044441223
0.21901699900627136
0.3369249999523163
0.23087899386882782
0.34086599946022034
0.24274200201034546
0.33423998951911926
0.2533409893512726
0.3276129961013794
0.2639400064945221
0.3209869861602783
0.2745389938354492
0.31435999274253845
0.28513801097869873
0.30773401260375977
0.29573699831962585
0.3011069893836975
0.306335985660553
0.2944810092449188
0.3169350028038025
0.28785398602485657
0.3275339901447296
0.2823359966278076
0.3387500047683716
0.27681800723075867
0.34996598958969116
0.27129998803138733
0.36118200421333313
0.2657809853553772
0.3723979890346527
0.26026299595832825
0.3836140036582947
0.2547450065612793
0.39482998847961426
0.24922700226306915
0.4060460031032562
0.243708997964859
0.4172619879245758
0.2436780035495758
0.42976200580596924
0.2436469942331314
0.4422619938850403
0.2436159998178482
0.4547620117664337
0.243585005402565
0.46726199984550476
0.2435539960861206
0.4797619879245758
0.2435230016708374
0.49226200580596924
0.2434920072555542
0.5047619938850403
0.2434609979391098
0.5172619819641113
0.2538990080356598
0.5241389870643616
0.2643370032310486
0.531017005443573
0.2747749984264374
0.5378940105438232
0.2852120101451874
0.5447720289230347
0.29565000534057617
0.5516489744186401
0.30608800053596497
0.5585269927978516
0.31652599573135376
0.5654039978981018
0.32696399092674255
0.572281002998352
0.339385986328125
0.5736740231513977
0.35180899500846863
0.5750659704208374
0.3642309904098511
0.5764579772949219
0.3766529858112335
0.5778499841690063
0.38907501101493835
0.5792419910430908
0.4014979898929596
0.5806350111961365
0.41391998529434204
0.582027018070221
0.4263420104980469
0.5834190249443054
0.42898499965667725
0.5956360101699829
0.4316279888153076
0.6078540086746216
0.4342710077762604
0.6200709939002991
0.43691501021385193
0.6322889924049377
0.4395579993724823
0.6445059776306152
0.44220098853111267
0.6567230224609375
0.44484400749206543
0.6689410209655762
0.4474869966506958
0.6811580061912537
0.46076500415802
0.6856979727745056
0.47404399514198303
0.6902369856834412
0.48732200264930725
0.6947770118713379
0.5005999803543091
0.6993160247802734
0.5138790011405945
0.7038559913635254
0.5271570086479187
0.7083960175514221
