0.7629380226135254
0.2177789956331253
0.7557880282402039
0.22803199291229248
0.7486389875411987
0.23828500509262085
0.7414889931678772
0.248539000749588
0.7343389987945557
0.2587920129299164
0.7271900177001953
0.26904600858688354
0.7200400233268738
0.2792989909648895
0.7128900289535522
0.2895520031452179
0.7057409882545471
0.29980599880218506
0.698839008808136
0.31022700667381287
0.6919360160827637
0.32064899802207947
0.6850339770317078
0.33107098937034607
0.6781319975852966
0.3414919972419739
0.6712300181388855
0.3519139885902405
0.6643270254135132
0.3623349964618683
0.6574249863624573
0.3727569878101349
0.6505230069160461
0.3831779956817627
0.6426540017127991
0.392890989780426
0.6347860097885132
0.40260401368141174
0.6269170045852661
0.4123159945011139
0.6190490126609802
0.4220289885997772
0.6111800074577332
0.43174201250076294
0.6033110022544861
0.4414539933204651
0.5954430103302002
0.4511669874191284
0.5875740051269531
0.46088001132011414
0.5816270112991333
0.4718739986419678
0.5756800174713135
0.4828689992427826
0.5697320103645325
0.49386298656463623
0.5637850165367126
0.5048580169677734
0.5578380227088928
0.5158519744873047
0.5518900156021118
0.5268470048904419
0.545943021774292
0.5378410220146179
0.5399960279464722
0.5488359928131104
0.5350549817085266
0.5603179931640625
0.5301139950752258
0.5717999935150146
0.525173008441925
0.5832819938659668
0.5202320218086243
0.594763994216919
0.5152909755706787
0.6062459945678711
0.5103499889373779
0.6177279949188232
0.5054090023040771
0.6292099952697754
0.5004680156707764
0.6406919956207275
0.4913170039653778
0.6492059826850891
0.48216500878334045
0.6577209830284119
0.4730130136013031
0.6662350296974182
0.46386098861694336
0.6747490167617798
0.454708993434906
0.6832630038261414
0.44555699825286865
0.6917780041694641
0.4364050030708313
0.7002919912338257
0.42725300788879395
0.7088059782981873
0.4173460006713867
0.7164289951324463
0.4074389934539795
0.7240509986877441
0.39753299951553345
0.7316740155220032
0.3876259922981262
0.739296019077301
0.3777190148830414
0.7469189763069153
0.36781200766563416
0.7545419931411743
0.35790500044822693
0.7621639966964722
0.3479979932308197
0.7697870135307312
0.33564499020576477
0.771697998046875
0.32329198718070984
0.7736089825630188
0.3109390139579773
0.7755200266838074
0.29858601093292236
0.7774320244789124
0.28623300790786743
0.7793430089950562
0.2738800048828125
0.7812539935112
0.26152700185775757
0.7831649780273438
0.24917399883270264
0.7850760221481323
0.23783700168132782
0.7798110246658325
0.226500004529953
0.7745460271835327
0.21516300737857819
0.7692810297012329
0.20382599532604218
0.7640159726142883
0.19248899817466736
0.7587509751319885
0.18115200102329254
0.7534859776496887
0.16981500387191772
0.7482209801673889
0.1584780067205429
0.7429559826850891
0.16515600681304932
0.732388973236084
0.1718350052833557
0.72182297706604
0.17851300537586212
0.7112569808959961
0.18519200384616852
0.700689971446991
0.19187000393867493
0.690123975276947
0.19854900240898132
0.6795579791069031
0.20522700250148773
0.6689910292625427
0.21190600097179413
0.658424973487854
0.20676499605178833
0.6470310091972351
0.2016250044107437
0.6356359720230103
0.1964849978685379
0.6242420077323914
0.1913450062274933
0.6128479838371277
0.18620499968528748
0.6014540195465088
0.18106399476528168
0.5900599956512451
0.17592400312423706
0.578665018081665
0.17078399658203125
0.5672709941864014
0.16501100361347198
0.5561839938163757
0.15923699736595154
0.5450969934463501
0.15346400439739227
0.5340110063552856
0.14768999814987183
0.52292400598526
0.14191700518131256
0.5118370056152344
0.13614299893379211
0.5007500052452087
0.13037000596523285
0.4896630048751831
0.1245959997177124
0.47857698798179626
0.12078700214624405
0.4666709899902344
0.1169779971241951
0.45476600527763367
0.11316899955272675
0.4428600072860718
0.10936100035905838
0.4309540092945099
0.10555200278759003
0.4190489947795868
0.10174299776554108
0.4071429967880249
0.0979337990283966
0.3952380120754242
0.09412489831447601
0.3833320140838623
