0.11793900281190872
0.7661330103874207
0.11756700277328491
0.7536380290985107
0.1171950027346611
0.7411440014839172
0.11682199686765671
0.7286499738693237
0.1164499968290329
0.7161549925804138
0.11607799679040909
0.7036610245704651
0.11570599675178528
0.6911659836769104
0.11533399671316147
0.6786720156669617
0.11496099829673767
0.666176974773407
0.1103999987244606
0.6545389890670776
0.10583800077438354
0.6429010033607483
0.10127700120210648
0.631263017654419
0.09671489894390106
0.619625985622406
0.09215330332517624
0.6079879999160767
0.08759170025587082
0.5963500142097473
0.08303000032901764
0.584712028503418
0.07846839725971222
0.5730739831924438
