0.20695100724697113
0.8388230204582214
0.2185239940881729
0.8341000080108643
0.2300969958305359
0.8293769955635071
0.24167099595069885
0.8246539831161499
0.253244012594223
0.8199300169944763
0.2648169994354248
0.8152070045471191
0.27639099955558777
0.810483992099762
0.28796398639678955
0.8057609796524048
0.2995370030403137
0.8010380268096924
0.3004249930381775
0.7885689735412598
0.30131301283836365
0.7761009931564331
0.30219998955726624
0.7636330127716064
0.3030880093574524
0.7511640191078186
0.303974986076355
0.7386959791183472
0.30486300587654114
0.7262269854545593
0.3057509958744049
0.7137590050697327
0.3066380023956299
0.7012900114059448
0.29619500041007996
0.6944209933280945
0.28575199842453003
0.6875519752502441
0.2753080129623413
0.6806820034980774
0.2648650109767914
0.673812985420227
0.25442200899124146
0.6669440269470215
0.24397900700569153
0.6600750088691711
0.2335350066423416
0.6532049775123596
0.2230920046567917
0.646336019039154
0.2311439961194992
0.636775016784668
0.23919500410556793
0.6272130012512207
0.24724699556827545
0.6176519989967346
0.25529900193214417
0.6080899834632874
0.2633500099182129
0.5985289812088013
0.2714020013809204
0.5889679789543152
0.27945399284362793
0.5794060230255127
0.28750500082969666
0.5698450207710266
0.2835170030593872
0.55799800157547
0.27952900528907776
0.5461509823799133
0.27553999423980713
0.5343049764633179
0.2715519964694977
0.522458016872406
0.26756399869918823
0.5106109976768494
0.2635749876499176
0.4987649917602539
0.25958698987960815
0.48691800236701965
0.2555989921092987
0.4750710129737854
0.25352901220321655
0.46274399757385254
0.2514599859714508
0.4504159986972809
0.24939100444316864
0.4380890130996704
0.2473209947347641
0.42576101422309875
0.24525199830532074
0.4134339988231659
0.24318300187587738
0.40110599994659424
0.24111400544643402
0.38877901434898376
0.23904399573802948
0.3764509856700897
0.24752500653266907
0.36726799607276917
0.2560049891471863
0.3580850064754486
0.26448601484298706
0.34890100359916687
0.2729659974575043
0.3397180140018463
0.28144600987434387
0.33053499460220337
0.28992700576782227
0.3213520050048828
0.2984069883823395
0.3121680021286011
0.30688801407814026
0.3029850125312805
0.30779901146888733
0.29051899909973145
0.3087109923362732
0.2780520021915436
0.30962300300598145
0.2655850052833557
0.3105340003967285
0.25311800837516785
0.31144601106643677
0.24065199494361877
0.31235700845718384
0.2281849980354309
0.3132689893245697
0.21571800112724304
0.3141799867153168
0.20325200259685516
0.32662299275398254
0.20205199718475342
0.33906498551368713
0.20085300505161285
0.3515070080757141
0.1996539980173111
0.3639500141143799
0.19845500588417053
0.3763920068740845
0.19725599884986877
0.38883399963378906
0.1960570067167282
0.40127700567245483
0.19485700130462646
0.4137189984321594
0.1936579942703247
0.42406201362609863
0.2006780058145523
0.4344039857387543
0.2076980024576187
0.4447470009326935
0.21471799910068512
0.4550899863243103
0.22173799574375153
0.46543198823928833
0.22875800728797913
0.47577500343322754
0.23577800393104553
0.48611700534820557
0.24279899895191193
0.4964599907398224
0.24981899559497833
0.508899986743927
0.25104498863220215
0.5213389992713928
0.25227099657058716
0.5337790250778198
0.25349700450897217
0.546218991279602
0.2547230124473572
0.5586580038070679
0.255950003862381
0.5710980296134949
0.257176011800766
0.5835379958152771
0.2584019899368286
0.5959780216217041
0.2596279978752136
0.6050990223884583
0.26817500591278076
0.6142200231552124
0.2767220139503479
0.623341977596283
0.28526899218559265
0.6324629783630371
0.2938160002231598
0.6415839791297913
0.30236300826072693
0.6507059931755066
0.3109099864959717
0.6598269939422607
0.3194569945335388
0.6689479947090149
0.32800400257110596
0.6806139945983887
0.3324959874153137
0.6922789812088013
0.3369869887828827
0.7039440274238586
0.34147900342941284
0.7156090140342712
0.3459700047969818
0.7272740006446838
0.3504619896411896
0.7389389872550964
0.3549540042877197
0.7506049871444702
0.3594450056552887
0.7622699737548828
0.36393699049949646
0.7746859788894653
0.36538100242614746
0.7871019840240479
0.36682501435279846
0.7995190024375916
0.3682680130004883
0.8119350075721741
0.3697119951248169
0.8243510127067566
0.3711560070514679
0.8367679715156555
0.3725999891757965
0.849183976650238
0.3740440011024475
0.8615999817848206
0.3754880130290985
0.8594790101051331
0.3878070116043091
0.8573579788208008
0.40012499690055847
0.8552370071411133
0.41244399547576904
0.853115975856781
0.4247629940509796
0.8509950041770935
0.4370819926261902
0.8488739728927612
0.44940000772476196
0.8467530012130737
0.46171900629997253
0.8446320295333862
0.4740380048751831
0.8411909937858582
0.4860549867153168
0.8377509713172913
0.4980719983577728
0.834309995174408
0.5100889801979065
0.8308699727058411
0.5221070051193237
0.827430009841919
0.5341240167617798
0.8239889740943909
0.5461410284042358
0.8205490112304688
0.5581579804420471
0.8171089887619019
0.5701760053634644
0.8167489767074585
0.5831050276756287
