0.1879040002822876
0.8548679947853088
0.19753499329090118
0.8468989729881287
0.20716500282287598
0.8389300107955933
0.21679599583148956
0.8309609889984131
0.22642600536346436
0.8229920268058777
0.23605699837207794
0.8150230050086975
0.24568699300289154
0.8070539832115173
0.25531700253486633
0.7990850210189819
0.2649480104446411
0.7911159992218018
0.2729470133781433
0.7815099954605103
0.2809459865093231
0.7719050049781799
0.2889440059661865
0.7622990012168884
0.2969430088996887
0.7526929974555969
0.3049420118331909
0.7430880069732666
0.3129410147666931
0.7334820032119751
0.3209399878978729
0.7238759994506836
0.3289389908313751
0.7142710089683533
0.32546699047088623
0.7022619843482971
0.3219960033893585
0.6902539730072021
0.31852400302886963
0.678246021270752
0.31505298614501953
0.666238009929657
0.31158098578453064
0.6542289853096008
0.30810999870300293
0.6422209739685059
0.30463799834251404
0.6302130222320557
0.30116701126098633
0.6182050108909607
0.2969779968261719
0.606427013874054
0.2927890121936798
0.5946499705314636
0.28859999775886536
0.5828729867935181
0.2844119966030121
0.5710949897766113
0.28022301197052
0.5593180060386658
0.27603399753570557
0.5475410223007202
0.2718459963798523
0.5357630252838135
0.26765701174736023
0.5239859819412231
0.2684530019760132
0.5115110278129578
0.26924800872802734
0.4990369975566864
0.2700439989566803
0.48656201362609863
0.27083998918533325
0.4740869998931885
0.2716349959373474
0.4616129994392395
0.27243098616600037
0.44913798570632935
0.2732259929180145
0.43666398525238037
0.27402201294898987
0.4241890013217926
0.27482500672340393
0.41171500086784363
0.275628000497818
0.39923998713493347
0.27643099427223206
0.3867659866809845
0.2772339880466461
0.3742919862270355
0.2780359983444214
0.36181798577308655
0.27883899211883545
0.3493439853191376
0.2796419858932495
0.336870014667511
0.28044500946998596
0.32439500093460083
0.27514898777008057
0.3130730092525482
0.26985299587249756
0.3017500042915344
0.26455700397491455
0.29042699933052063
0.25926199555397034
0.27910399436950684
0.25396600365638733
0.2677820026874542
0.24866999685764313
0.25645899772644043
0.24337400496006012
0.24513599276542664
0.23807799816131592
0.23381400108337402
0.2485949993133545
0.22705699503421783
0.25911200046539307
0.22030000388622284
0.26962798833847046
0.21354399621486664
0.28014498949050903
0.20678700506687164
0.2906610071659088
0.20003099739551544
0.3011780083179474
0.19327400624752045
0.31169500946998596
0.18651799857616425
0.32221099734306335
0.17976100742816925
0.33461400866508484
0.18131299316883087
0.3470180034637451
0.1828639954328537
0.3594210147857666
0.18441499769687653
0.3718250095844269
0.18596699833869934
0.384227991104126
0.18751800060272217
0.39663100242614746
0.18907000124454498
0.40903499722480774
0.1906210035085678
0.4214380085468292
0.19217300415039062
0.4331749975681305
0.19647300243377686
0.44491198658943176
0.20077300071716309
0.4566490054130554
0.20507299900054932
0.4683859944343567
0.20937299728393555
0.48012301325798035
0.21367299556732178
0.4918609857559204
0.217972993850708
0.5035979747772217
0.22227300703525543
0.5153350234031677
0.22657300531864166
0.5271989703178406
0.22263799607753754
0.5390639901161194
0.2187030017375946
0.550927996635437
0.21476800739765167
0.5627930164337158
0.21083299815654755
0.5746570229530334
0.20689800381660461
0.5865219831466675
0.2029629945755005
0.5983859896659851
0.19902800023555756
0.6102510094642639
0.19509300589561462
0.6207090020179749
0.2016880065202713
0.6311669945716858
0.20828400552272797
0.6416249871253967
0.21487900614738464
0.6520829796791077
0.22147400677204132
0.6625409722328186
0.228069007396698
