0.6975619792938232
0.32320699095726013
0.6896870136260986
0.33291399478912354
0.6818119883537292
0.3426220118999481
0.6739370226860046
0.35232898592948914
0.6660619974136353
0.36203598976135254
0.6581869721412659
0.3717440068721771
0.6503120064735413
0.3814510107040405
0.6424369812011719
0.39115801453590393
0.6345620155334473
0.40086600184440613
0.628030002117157
0.4115239977836609
0.6214990019798279
0.42218199372291565
0.6149680018424988
0.4328399896621704
0.6084359884262085
0.4434970021247864
0.6019049882888794
0.45415499806404114
0.5953729748725891
0.4648129940032959
0.58884197473526
0.47547098994255066
0.5823100209236145
0.4861289858818054
0.57635498046875
0.4971190094947815
0.5703989863395691
0.5081089735031128
0.5644429922103882
0.5190989971160889
0.5584869980812073
0.5300890207290649
0.5525320172309875
0.5410789847373962
0.5465760231018066
0.5520690083503723
0.5406200289726257
0.5630589723587036
0.5346649885177612
0.5740489959716797
0.5297719836235046
0.5855510234832764
0.524878978729248
0.5970540046691895
0.5199859738349915
0.6085569858551025
0.5150930285453796
0.6200590133666992
0.5102009773254395
0.6315619945526123
0.5053079724311829
0.643064022064209
0.500415027141571
0.6545670032501221
0.49552199244499207
0.6660699844360352
0.48932600021362305
0.6769260168075562
0.48313000798225403
0.6877819895744324
0.4769339859485626
0.6986380219459534
0.4707370102405548
0.7094939947128296
0.4645409882068634
0.720350980758667
0.4583449959754944
0.731207013130188
0.45214900374412537
0.7420629858970642
0.44595301151275635
0.7529190182685852
0.4366239905357361
0.7612389922142029
0.4272949993610382
0.7695590257644653
0.41796600818634033
0.777878999710083
0.40863698720932007
0.7861989736557007
0.3993079960346222
0.7945190072059631
0.3899790048599243
0.8028389811515808
0.38065001368522644
0.8111590147018433
0.3713209927082062
0.8194789886474609
0.3638240098953247
0.8294810056686401
0.35632601380348206
0.8394820094108582
0.348827987909317
0.8494840264320374
0.34132999181747437
0.8594859838485718
0.3338330090045929
0.8694869875907898
0.32633501291275024
0.879489004611969
0.3188369870185852
0.8894910216331482
0.31133899092674255
0.8994920253753662
0.2988409996032715
0.8997300267219543
0.2863439917564392
0.8999680280685425
0.27384600043296814
0.9002060294151306
0.26134800910949707
0.900443971157074
0.2488510012626648
0.9006819725036621
0.23635299503803253
0.9009199738502502
0.22385500371456146
0.9011579751968384
0.2113569974899292
0.9013959765434265
0.19886000454425812
0.9016339778900146
0.18636199831962585
0.9018719792366028
0.17386400699615479
0.9021099805831909
0.16136600077152252
0.902347981929779
0.14886899292469025
0.9025859832763672
0.13637100160121918
0.9028239846229553
0.12387300282716751
0.9030619859695435
0.11137499660253525
0.9032999873161316
0.09960660338401794
0.9035239815711975
0.08783780038356781
0.9037479758262634
0.07606890052556992
0.9039729833602905
