0.15079300105571747
0.8094159960746765
0.16016200184822083
0.8011410236358643
0.16953100264072418
0.7928659915924072
0.17890000343322754
0.7845919728279114
0.1882690042257309
0.7763170003890991
0.19763800501823425
0.7680429816246033
0.2070070058107376
0.759768009185791
0.21637700498104095
0.751492977142334
0.2257460057735443
0.7432190179824829
0.23707200586795807
0.7379310131072998
0.24839800596237183
0.7326419949531555
0.25972500443458557
0.7273539900779724
0.27105098962783813
0.7220659852027893
0.2823770046234131
0.7167779803276062
0.29370400309562683
0.7114899754524231
0.3050299882888794
0.70620197057724
0.31635600328445435
0.7009140253067017
0.3137420117855072
0.6886900067329407
0.3111270070075989
0.6764670014381409
0.30851200222969055
0.6642429828643799
0.3058969974517822
0.6520199775695801
0.3032830059528351
0.6397960186004639
0.30066800117492676
0.6275730133056641
0.29805299639701843
0.6153489947319031
0.2954390048980713
0.6031259894371033
0.2832069993019104
0.6005480289459229
0.2709760069847107
0.5979710221290588
0.258745014667511
0.5953930020332336
0.2465129941701889
0.5928149819374084
0.2342820018529892
0.5902379751205444
0.2220509946346283
0.587660014629364
0.2098190039396286
0.5850819945335388
0.1975879967212677
0.5825049877166748
0.20155000686645508
0.5706490278244019
0.20551200211048126
0.5587940216064453
0.20947499573230743
0.5469390153884888
0.2134370058774948
0.535082995891571
0.217399001121521
0.5232279896736145
0.22136099636554718
0.5113720297813416
0.22532300651073456
0.4995169937610626
0.22928600013256073
0.4876619875431061
0.22509999573230743
0.47588300704956055
0.22091500461101532
0.4641039967536926
0.216729998588562
0.4523259997367859
0.2125449925661087
0.44054698944091797
0.2083590030670166
0.42876899242401123
0.2041739970445633
0.4169900119304657
0.19998900592327118
0.4052119851112366
0.19580399990081787
0.39343300461769104
0.20360000431537628
0.38366299867630005
0.21139700710773468
0.37389299273490906
0.21919399499893188
0.3641220033168793
0.22699099779129028
0.3543519973754883
0.2347870022058487
0.3445810079574585
0.2425840049982071
0.3348110020160675
0.2503809928894043
0.3250409960746765
0.2581779956817627
0.31527000665664673
0.26840001344680786
0.30807700753211975
0.2786230146884918
0.3008829951286316
0.2888459861278534
0.2936899960041046
0.29906800389289856
0.28649601340293884
0.3092910051345825
0.27930301427841187
0.3195140063762665
0.2721090018749237
0.32973700761795044
0.26491600275039673
0.3399589955806732
0.25772199034690857
0.34893301129341125
0.24901999533176422
0.3579060137271881
0.24031800031661987
0.36687999963760376
0.23161600530147552
0.3758539855480194
0.22291399538516998
0.38482698798179626
0.21421299874782562
0.3938010036945343
0.20551100373268127
0.40277498960494995
0.19680899381637573
0.4117479920387268
0.18810699880123138
0.42293500900268555
0.19368299841880798
0.4341219961643219
0.19925999641418457
0.44530901312828064
0.20483699440956116
0.456496000289917
0.21041400730609894
0.46768298745155334
0.21599100530147552
0.4788700044155121
0.2215680032968521
0.49005699157714844
0.2271440029144287
0.5012440085411072
0.2327210009098053
0.5126780271530151
0.23777300119400024
0.5241119861602783
0.2428240031003952
0.5355449914932251
0.24787600338459015
0.5469790101051331
0.2529270052909851
0.558413028717041
0.25797900557518005
0.5698469877243042
0.263031005859375
0.5812810063362122
0.26808199286460876
0.5927140116691589
0.2731339931488037
0.6050900220870972
0.271371990442276
0.6174650192260742
0.2696099877357483
0.6298400163650513
0.2678470015525818
0.6422150135040283
0.2660849988460541
0.6545900106430054
0.26432299613952637
0.6669660210609436
0.26256099343299866
0.6793410181999207
0.26079899072647095
0.6917160153388977
0.25903698801994324
0.7040110230445862
0.2612929940223694
0.7163050174713135
0.2635500133037567
0.728600025177002
0.2658059895038605
0.7408949732780457
0.2680630087852478
0.7531890273094177
0.27031901478767395
0.7654839754104614
0.2725749909877777
0.7777789831161499
0.27483201026916504
0.7900729775428772
0.2770879864692688
0.7960219979286194
0.26609501242637634
0.801971971988678
0.2551009953022003
0.8079209923744202
0.24410800635814667
0.8138700127601624
0.23311400413513184
0.8198189735412598
0.222121000289917
0.825767993927002
0.21112699806690216
0.8317170143127441
0.20013399422168732
0.8376659750938416
0.18914000689983368
0.8450130224227905
0.1894730031490326
