0.36416399478912354
0.04459479823708534
0.3593530058860779
0.05613179877400398
0.35454198718070984
0.06766880303621292
0.3497309982776642
0.07920590043067932
0.34492000937461853
0.09074290096759796
0.3401089906692505
0.10227999836206436
0.33529698848724365
0.113816998898983
0.330485999584198
0.12535400688648224
0.32567501068115234
0.13689100742340088
0.3211210072040558
0.14853200316429138
0.316567987203598
0.16017299890518188
0.31201401352882385
0.1718139946460724
0.3074600100517273
0.18345500528812408
0.30290600657463074
0.1950960010290146
0.2983520030975342
0.2067369967699051
0.2937979996204376
0.2183780074119568
0.28924399614334106
0.2300190031528473
0.2988170087337494
0.2380570024251938
0.3083899915218353
0.24609500169754028
0.31796199083328247
0.25413399934768677
0.3275350034236908
0.26217201352119446
0.33710798621177673
0.27020999789237976
0.3466799855232239
0.27824801206588745
0.3562529981136322
0.28628700971603394
0.3658260107040405
0.29432499408721924
0.35366499423980713
0.2972150146961212
0.34150299429893494
0.3001059889793396
0.3293420076370239
0.3029960095882416
0.3171809911727905
0.30588600039482117
0.3050200045108795
0.30877599120140076
0.2928580045700073
0.31166699528694153
0.2806969881057739
0.3145569860935211
0.2685360014438629
0.3174470067024231
0.2663320004940033
0.32975101470947266
0.2641279995441437
0.342056006193161
0.26192399859428406
0.35436001420021057
0.25971999764442444
0.36666399240493774
0.257517009973526
0.3789680004119873
0.2553130090236664
0.39127200841903687
0.25310900807380676
0.4035769999027252
0.25090500712394714
0.4158810079097748
0.2576979994773865
0.42637398838996887
0.2644909918308258
0.43686699867248535
0.2712840139865875
0.44736000895500183
0.27807798981666565
0.4578529894351959
0.28487101197242737
0.4683459997177124
0.2916640043258667
0.4788390100002289
0.29845699667930603
0.489331990480423
0.30524998903274536
0.49982500076293945
0.3145279884338379
0.4954580068588257
0.3238059878349304
0.4910910129547119
