0.410645991563797
0.566690981388092
0.41569700837135315
0.5781260132789612
0.4207479953765869
0.5895599722862244
0.4257979989051819
0.6009939908981323
0.43084898591041565
0.6124280095100403
0.4359000027179718
0.6238620281219482
0.4409500062465668
0.6352970004081726
0.44600099325180054
0.6467310190200806
0.4510520100593567
0.6581649780273438
0.4603079855442047
0.666566014289856
0.4695639908313751
0.6749669909477234
0.47881999611854553
0.6833680272102356
0.48807600140571594
0.691769003868103
0.49733200669288635
0.7001699805259705
0.5065879821777344
0.7085700035095215
0.5158439874649048
0.7169709801673889
0.5250999927520752
0.7253720164299011
0.5383809804916382
0.7269139885902405
0.551662027835846
0.7284560203552246
0.5649430155754089
0.729997992515564
0.5782240033149719
0.7315400242805481
0.5915049910545349
0.7330819964408875
0.6047859787940979
0.7346240282058716
