0.7658100128173828
0.23707500100135803
0.7577469944953918
0.24662700295448303
0.7496839761734009
0.25617900490760803
0.7416210174560547
0.26572999358177185
0.7335579991340637
0.27528199553489685
0.7254940271377563
0.28483399748802185
0.7174310088157654
0.29438498616218567
0.7093679904937744
0.30393698811531067
0.7013049721717834
0.31348899006843567
0.6899960041046143
0.3188149929046631
0.6786879897117615
0.3241409957408905
0.6673790216445923
0.32946598529815674
0.6560699939727783
0.33479198813438416
0.6447619795799255
0.3401179909706116
0.6334530115127563
0.345443993806839
0.6221439838409424
0.3507699966430664
0.6108360290527344
0.3560959994792938
0.6044729948043823
0.34533700346946716
0.5981090068817139
0.3345769941806793
0.5917459726333618
0.32381799817085266
0.5853829979896545
0.313059002161026
0.5790200233459473
0.30230000615119934
0.5726569890975952
0.2915410101413727
0.5662940144538879
0.28078100085258484
0.5599300265312195
0.2700220048427582
0.5469909906387329
0.2692680060863495
0.5340520143508911
0.2685140073299408
0.5211129784584045
0.2677589952945709
