0.7189739942550659
0.41190600395202637
0.7070090174674988
0.40828898549079895
0.6950439810752869
0.4046710133552551
0.6830790042877197
0.4010539948940277
0.6711140275001526
0.3974359929561615
0.6591489911079407
0.3938179910182953
0.6471840143203735
0.39020100235939026
0.6352189779281616
0.38658300042152405
0.6232540011405945
0.382966011762619
0.6151469945907593
0.3924799859523773
0.6070399880409241
0.4019950032234192
0.5989329814910889
0.4115090072154999
0.5908259749412537
0.42102399468421936
0.5827190279960632
0.43053799867630005
0.574612021446228
0.44005298614501953
0.5665050148963928
0.4495669901371002
0.5583980083465576
0.4590820074081421
0.548770010471344
0.46705400943756104
0.5391409993171692
0.4750249981880188
0.5295130014419556
0.48299700021743774
0.5198850035667419
0.4909690022468567
0.5102570056915283
0.49893999099731445
0.5006290078163147
0.5069119930267334
0.4909999966621399
0.5148839950561523
0.48137199878692627
0.5228549838066101
0.48687800765037537
0.5106859803199768
0.4923830032348633
0.4985170066356659
0.4978890120983124
0.4863480031490326
