0.7249950170516968
0.5165050029754639
0.7125790119171143
0.5179529786109924
0.7001630067825317
0.5194000005722046
0.6877480149269104
0.5208479762077332
0.6753320097923279
0.5222960114479065
0.6629160046577454
0.5237439870834351
0.6504999995231628
0.5251920223236084
0.6380839943885803
0.526639997959137
0.6256679892539978
0.5280879735946655
0.6153939962387085
0.5352069735527039
0.605118989944458
0.5423269867897034
0.5948449969291687
0.5494459867477417
0.5845699906349182
0.55656498670578
0.5742959976196289
0.5636839866638184
0.5640209913253784
0.5708039999008179
0.5537469983100891
0.5779229998588562
0.5434719920158386
0.5850419998168945
0.5373700261116028
0.5959519743919373
0.5312690138816833
0.6068609952926636
0.5251669883728027
0.6177710294723511
0.5190650224685669
0.6286799907684326
0.5129629969596863
0.6395900249481201
0.5068619847297668
0.6504999995231628
0.500760018825531
0.6614090204238892
0.4946579933166504
0.6723189949989319
0.48416900634765625
0.6791179776191711
0.4736799895763397
0.6859179735183716
0.4631910026073456
0.6927170157432556
0.45270198583602905
0.699517011642456
0.4422140121459961
0.7063159942626953
0.43172499537467957
0.7131159901618958
0.4212360084056854
0.719914972782135
0.4107469916343689
0.7267150282859802
0.4019869863986969
0.7356320023536682
0.3932279944419861
0.7445499897003174
0.38446900248527527
0.7534670233726501
0.37570899724960327
0.7623850107192993
0.36695000529289246
0.7713019847869873
0.35819000005722046
0.7802199721336365
0.34943100810050964
0.7891370058059692
0.34067100286483765
0.7980549931526184
0.33716198801994324
0.8100519776344299
0.3336530029773712
0.8220490217208862
0.3301439881324768
0.8340470194816589
0.3266350030899048
0.8460440039634705
0.3231259882450104
0.858040988445282
0.31961700320243835
0.8700389862060547
0.31610700488090515
0.8820359706878662
0.31259799003601074
0.8940330147743225
0.30095499753952026
0.898580014705658
0.2893109917640686
0.9031270146369934
0.27766698598861694
0.9076740145683289
0.26602301001548767
0.9122210144996643
0.2543799877166748
0.9167680144309998
0.24273599684238434
0.9213150143623352
0.23109200596809387
0.9258620142936707
0.2194489985704422
0.9304090142250061
0.20694600045681
0.9352909922599792
0.1944430023431778
0.9401729702949524
0.18194100260734558
0.9450560212135315
0.16943800449371338
0.9499379992485046
0.15693600475788116
0.9548199772834778
0.14443300664424896
0.9597020149230957
