0.12441299855709076
0.6933410167694092
0.12508299946784973
0.6808590292930603
0.1257539987564087
0.6683769822120667
0.12642399966716766
0.6558949947357178
0.12709499895572662
0.6434130072593689
0.1277649998664856
0.63093101978302
0.12843599915504456
0.6184489727020264
0.12910600006580353
0.6059669852256775
0.1297769993543625
0.5934849977493286
0.1391099989414215
0.5851699709892273
0.14844299852848053
0.5768550038337708
0.15777699649333954
0.5685399770736694
0.16710999608039856
0.5602250099182129
0.17644299566745758
0.5519099831581116
0.1857759952545166
0.543595016002655
0.1951099932193756
0.5352799892425537
0.20444299280643463
0.5269650220870972
0.216389000415802
0.5232840180397034
0.2283339947462082
0.5196020007133484
0.24028000235557556
0.5159209966659546
0.25222599506378174
0.5122399926185608
0.2641710042953491
0.508558988571167
0.2761169970035553
0.5048779845237732
0.2880629897117615
0.5011969804763794
0.30000799894332886
0.4975149929523468
0.3009920120239258
0.5099769830703735
0.3019750118255615
0.5224379897117615
0.30295899510383606
0.5348989963531494
0.3039419949054718
0.5473600029945374
0.3049260079860687
0.5598220229148865
0.30590900778770447
0.5722830295562744
0.3068920075893402
0.5847439765930176
0.30787599086761475
0.5972049832344055
0.3086189925670624
0.6066160202026367
