0.8177639842033386
0.8410959839820862
0.9174050092697144
0.8326330184936523
0.8179129958152771
0.8225610256195068
0.8902260065078735
0.7534890174865723
0.8094720244407654
0.6945070028305054
0.8388440012931824
0.5989180207252502
0.7419250011444092
0.574284017086029
0.7536849975585938
0.4749779999256134
0.6689140200614929
0.5280240178108215
0.5791789889335632
0.5721570253372192
0.5023880004882812
0.6362130045890808
0.435588002204895
0.561797022819519
0.3496280014514923
0.510699987411499
0.39797699451446533
0.4231649935245514
0.350165992975235
0.33533400297164917
