0.4051640033721924
0.5477250218391418
0.40243199467658997
0.559922993183136
0.39969998598098755
0.5721210241317749
0.3969689905643463
0.584318995475769
0.3942370116710663
0.596517026424408
0.39150500297546387
0.6087149977684021
0.38877299427986145
0.6209120154380798
0.3860419988632202
0.633109986782074
0.3833099901676178
0.6453080177307129
0.3708750009536743
0.646586000919342
0.35844099521636963
0.6478639841079712
0.34600698947906494
0.6491429805755615
0.33357200026512146
0.6504210233688354
0.3211379945278168
0.6516990065574646
0.3087030053138733
0.6529769897460938
0.2962689995765686
0.6542549729347229
0.2838340103626251
0.6555330157279968
0.27809199690818787
0.6444299817085266
0.2723489999771118
0.6333270072937012
0.26660698652267456
0.622223973274231
0.2608650028705597
0.6111209988594055
0.25512298941612244
0.6000180244445801
0.24938000738620758
0.588916003704071
0.24363799393177032
0.5778130292892456
0.23789599537849426
0.5667099952697754
0.23222599923610687
0.5555689930915833
0.22655600309371948
0.5444290041923523
0.2208860069513321
0.5332890152931213
0.2152169942855835
0.5221490263938904
0.2095469981431961
0.5110089778900146
0.20387700200080872
0.4998680055141449
0.19820700585842133
0.48872798681259155
0.19253799319267273
0.4775879979133606
0.19019299745559692
0.4653100073337555
0.1878490000963211
0.453031986951828
0.1855050027370453
0.4407530128955841
0.18316100537776947
0.4284749925136566
0.18081599473953247
0.4161970019340515
0.17847199738025665
0.4039190113544464
0.17612800002098083
0.3916409909725189
0.17378300428390503
0.37936198711395264
0.16863499581813812
0.3679719865322113
0.16348600387573242
0.35658198595046997
0.15833699703216553
0.34519100189208984
0.15318800508975983
0.3338010013103485
0.14803899824619293
0.3224110007286072
0.14289000630378723
0.31101998686790466
0.13774099946022034
0.29962998628616333
0.13259300589561462
0.288239985704422
0.14140300452709198
0.2793729901313782
0.15021400153636932
0.27050599455833435
0.15902499854564667
0.2616389989852905
0.167835995554924
0.2527729868888855
0.17664599418640137
0.24390600621700287
0.1854570060968399
0.23503899574279785
0.19426800310611725
0.22617200016975403
0.2030790001153946
0.2173050045967102
0.21538400650024414
0.21510499715805054
0.2276879996061325
0.21290500462055206
0.23999300599098206
0.2107049971818924
0.2522979974746704
0.20850500464439392
0.26460298895835876
0.20630499720573425
0.2769080102443695
0.20410500466823578
0.28921300172805786
0.2019049972295761
0.3015179932117462
0.19970400631427765
0.3137100040912628
0.20245899260044098
0.3259029984474182
0.20521299540996552
0.3380959928035736
0.20796799659729004
0.3502880036830902
0.21072199940681458
0.3624809980392456
0.2134770005941391
0.374673992395401
0.21623100340366364
0.3868669867515564
0.21898600459098816
0.399058997631073
0.2217400074005127
0.3995479941368103
0.23423099517822266
0.4000369906425476
0.24672099947929382
0.4005259871482849
0.2592119872570038
0.4010150134563446
0.27170199155807495
0.4015040099620819
0.2841930091381073
0.4019930064678192
0.29668301343917847
0.4024820029735565
0.30917298793792725
0.4029709994792938
0.3216640055179596
0.406468003988266
0.33366501331329346
0.40996500849723816
0.34566500782966614
0.4134629964828491
0.3576659858226776
0.4169600009918213
0.3696669936180115
0.42045700550079346
0.38166800141334534
0.4239549934864044
0.3936690092086792
0.4274519979953766
0.4056690037250519
0.43094900250434875
0.41767001152038574
0.44131800532341003
0.42465201020240784
0.45168599486351013
0.43163400888442993
0.4620540142059326
0.438616007566452
0.4724229872226715
0.44559699296951294
0.482791006565094
0.45257899165153503
0.4931600093841553
0.45956099033355713
0.5035279989242554
0.4665429890155792
0.5138970017433167
0.4735249876976013
0.5211009979248047
0.4837400019168854
0.5283060073852539
0.49395400285720825
0.5355100035667419
0.5041689872741699
0.5427150130271912
0.5143839716911316
0.5499190092086792
0.524599015712738
0.5571240186691284
0.5348140001296997
0.5643280148506165
0.5450289845466614
0.5715330243110657
0.5552440285682678
0.5802519917488098
0.5642009973526001
0.5889700055122375
0.5731589794158936
0.5976889729499817
0.5821170210838318
0.6064069867134094
0.5910739898681641
0.6151250004768372
0.6000319719314575
0.6238440275192261
0.6089890003204346
0.632561981678009
0.617946982383728
0.641281008720398
0.6269040107727051
0.6466420292854309
0.6381970047950745
0.6520029902458191
0.6494889855384827
0.6573629975318909
0.6607810258865356
0.6627240180969238
0.6720730066299438
0.668084979057312
0.683364987373352
0.673445999622345
0.694657027721405
0.6788070201873779
0.7059490084648132
0.6841679811477661
0.7172409892082214
0.6954039931297302
0.7116789817810059
0.7066410183906555
0.7061169743537903
0.717877984046936
0.7005550265312195
0.7291139960289001
0.6949939727783203
0.7403510212898254
0.6894320249557495
0.751587986946106
0.6838700175285339
