0.5283190011978149
0.07765080034732819
0.5328109860420227
0.08931569755077362
0.5373029708862305
0.10098099708557129
0.541795015335083
0.11264599859714508
0.546288013458252
0.12431100010871887
0.5507799983024597
0.13597600162029266
0.5552719831466675
0.14764000475406647
0.55976402759552
0.15930500626564026
0.5642560124397278
0.17096999287605286
0.5687959790229797
0.18261699378490448
0.5733360052108765
0.19426299631595612
0.5778769850730896
0.20590899884700775
0.5824170112609863
0.21755599975585938
0.5869569778442383
0.229202002286911
0.591497004032135
0.24084800481796265
0.596036970615387
0.2524949908256531
0.6005780100822449
0.2641409933567047
0.6061819791793823
0.27531400322914124
0.6117870211601257
0.28648701310157776
0.6173909902572632
0.2976599931716919
0.6229959726333618
0.3088339865207672
0.628600001335144
0.32000699639320374
0.6342039704322815
0.33118000626564026
0.6398090124130249
0.3423529863357544
0.6454129815101624
0.3535259962081909
0.6564090251922607
0.35947200655937195
0.6674039959907532
0.3654179871082306
0.6783999800682068
0.3713630139827728
0.689395010471344
0.37730899453163147
0.7003909945487976
0.3832539916038513
0.7113860249519348
0.38920000195503235
0.7223809957504272
0.3951460123062134
0.7333769798278809
0.4010910093784332
0.7429140210151672
0.409171998500824
0.7524510025978088
0.4172529876232147
0.7619869709014893
0.4253329932689667
0.7715240120887756
0.4334140121936798
0.7810609936714172
0.44149500131607056
0.7905979752540588
0.4495759904384613
0.8001350164413452
0.45765599608421326
0.8096719980239868
0.465736985206604
0.8199729919433594
0.4572890102863312
