0.454477995634079
0.5791630148887634
0.4663969874382019
0.5753970146179199
0.4783160090446472
0.5716310143470764
0.49023500084877014
0.5678660273551941
0.5021550059318542
0.5641000270843506
0.5140740275382996
0.5603340268135071
0.5259929895401001
0.5565680265426636
0.5379120111465454
0.5528020262718201
0.5498319864273071
0.549036979675293
0.5432990193367004
0.5383790135383606
0.5367670059204102
0.5277220010757446
0.5302349925041199
0.5170649886131287
0.5237020254135132
0.5064070224761963
0.5171700119972229
0.4957500100135803
0.5106379985809326
0.48509299755096436
0.5041049718856812
0.4744350016117096
0.49757298827171326
0.46377798914909363
0.5097820162773132
0.46109500527381897
0.5219900012016296
0.4584119915962219
0.5341989994049072
0.45572900772094727
0.5464079976081848
0.4530459940433502
0.5586159825325012
0.45036301016807556
0.5708249807357788
0.4476799964904785
0.5830339789390564
0.44499799609184265
0.5952420234680176
0.442315012216568
0.6041169762611389
0.45111799240112305
0.612991988658905
0.4599210023880005
0.62186598777771
0.46872299909591675
0.6307410001754761
0.4775260090827942
0.639614999294281
0.48632898926734924
0.6484900116920471
0.4951319992542267
0.657364010810852
0.5039349794387817
0.6662390232086182
0.5127379894256592
0.674456000328064
0.5022519826889038
0.6826729774475098
0.4917660057544708
0.6908900141716003
0.48127999901771545
0.699105978012085
0.4707939922809601
0.7073230147361755
0.4603079855442047
0.7155399918556213
0.44982200860977173
