0.5333139896392822
0.8637869954109192
0.5395410060882568
0.852948009967804
0.5457689762115479
0.8421090245246887
0.5519959926605225
0.8312709927558899
0.5582230091094971
0.8204320073127747
0.5644500255584717
0.8095939755439758
0.5706769824028015
0.7987549901008606
0.5769039988517761
0.7879170179367065
0.5831310153007507
0.7770779728889465
0.5944920182228088
0.782289981842041
0.6058539748191833
0.7875019907951355
0.6172159910202026
0.79271399974823
0.6285769939422607
0.7979260087013245
0.63993901014328
0.803138017654419
0.6513000130653381
0.8083500266075134
0.6626620292663574
0.8135619759559631
0.6740229725837708
0.8187739849090576
0.6846460103988647
0.8164880275726318
0.695268988609314
0.8142009973526001
