0.5775539875030518
0.46584999561309814
0.5900300145149231
0.46508198976516724
0.6025069952011108
0.4643140137195587
0.6149830222129822
0.4635460078716278
0.6274589896202087
0.4627780020236969
0.6399359703063965
0.4620110094547272
0.6524119973182678
0.46124300360679626
0.6648889780044556
0.46047499775886536
0.6773650050163269
0.45970699191093445
0.688726007938385
0.45449399948120117
0.7000880241394043
0.4492819905281067
0.7114490270614624
0.4440689980983734
0.7228099703788757
0.43885698914527893
0.734171986579895
0.43364500999450684
0.7455329895019531
0.42843198776245117
0.7568950057029724
0.4232200086116791
0.7682560086250305
0.4180069863796234
0.7612249851226807
0.4076719880104065
0.754194974899292
0.3973369896411896
0.7471640110015869
0.38700100779533386
0.7401329874992371
0.37666600942611694
0.7331029772758484
0.36632999777793884
0.7260720133781433
0.3559949994087219
0.7190420031547546
0.345660001039505
0.7120109796524048
0.3353239893913269
0.6996579766273499
0.33340901136398315
0.6873059868812561
0.3314949870109558
0.6749539971351624
0.32958000898361206
0.6626009941101074
0.3276650011539459
0.6502490043640137
0.32575100660324097
0.6378960013389587
0.32383599877357483
0.625544011592865
0.3219209909439087
0.6131910085678101
0.32000699639320374
0.6234109997749329
0.3128089904785156
0.6336299777030945
0.3056110143661499
0.6438500285148621
0.2984130084514618
0.6540700197219849
0.2912159860134125
0.6642900109291077
0.28401800990104675
0.6745089888572693
0.27682000398635864
0.6847289800643921
0.26962199807167053
0.6949489712715149
0.2624250054359436
0.7074469923973083
0.26260799169540405
0.719946026802063
0.2627910077571869
0.7324450016021729
0.26297399401664734
0.7449430227279663
0.2631570100784302
0.7574419975280762
0.2633399963378906
0.769940972328186
0.2635219991207123
0.7824389934539795
0.26370498538017273
0.7949380278587341
0.26388800144195557
0.7934399843215942
0.251477986574173
0.7919430136680603
0.23906800150871277
0.7904450297355652
0.22665800154209137
0.7889479994773865
0.21424899995326996
0.7874500155448914
0.20183899998664856
0.7859529852867126
0.18942900002002716
0.7844550013542175
0.17701900005340576
0.7829579710960388
0.16460900008678436
