0.23736999928951263
0.11680600047111511
0.24986499547958374
0.1164269968867302
0.26235899329185486
0.11604899913072586
0.274852991104126
0.11567100137472153
0.2873469889163971
0.11529199779033661
0.2998420000076294
0.11491400003433228
0.3123359978199005
0.11453600227832794
0.32482999563217163
0.11415799707174301
0.33732500672340393
0.11377900093793869
0.3441379964351654
0.12425900250673294
0.3509509861469269
0.1347389966249466
0.35776498913764954
0.14521899819374084
0.3645780086517334
0.1556989997625351
0.3713909983634949
0.16617900133132935
0.37820500135421753
0.1766590029001236
0.385017991065979
0.18713800609111786
0.39183199405670166
0.19761799275875092
0.40018099546432495
0.20692099630832672
0.40852901339530945
0.21622399985790253
0.41687801480293274
0.22552700340747833
0.42522698640823364
0.23483000695705414
0.43357598781585693
0.24413299560546875
0.4419249892234802
0.25343599915504456
0.4502739906311035
0.26273900270462036
0.4586229920387268
0.27204200625419617
0.44854500889778137
0.2706950008869171
