0.30403798818588257
0.3968200087547302
0.3130509853363037
0.38815799355506897
0.32206401228904724
0.3794969916343689
0.3310759961605072
0.3708359897136688
0.34008899331092834
0.36217400431632996
0.3491019904613495
0.3535130023956299
0.35811498761177063
0.3448520004749298
0.36712801456451416
0.33618998527526855
0.3761399984359741
0.32752901315689087
0.3880769908428192
0.32381901144981384
0.4000140130519867
0.3201090097427368
0.4119510054588318
0.3163990080356598
0.4238879978656769
0.31268900632858276
0.4358240067958832
0.30897998809814453
0.44776099920272827
0.3052699863910675
0.45969799160957336
0.30156001448631287
0.47163501381874084
0.29785001277923584
0.47382500767707825
0.31015700101852417
0.47601500153541565
0.3224630057811737
0.47820499539375305
0.33476999402046204
0.48039498925209045
0.34707701206207275
0.48258501291275024
0.3593829870223999
0.48477500677108765
0.3716900050640106
0.48696398735046387
0.38399699330329895
0.48915401101112366
0.3963029980659485
0.49033498764038086
0.40874800086021423
0.49151501059532166
0.4211919903755188
0.49269500374794006
0.43363600969314575
0.49387499690055847
0.4460799992084503
0.4950549900531769
0.4585239887237549
0.4962350130081177
0.47096800804138184
0.4974150061607361
0.4834130108356476
0.4985949993133545
0.49585700035095215
0.49959900975227356
0.5083159804344177
0.5006020069122314
0.5207759737968445
0.5016059875488281
0.533236026763916
0.5026090145111084
0.5456950068473816
0.5036119818687439
0.5581550002098083
0.5046160221099854
0.5706149935722351
0.5056189894676208
0.5830739736557007
0.5066230297088623
0.5955340266227722
0.5085399746894836
0.607886016368866
0.5104579925537109
0.6202380061149597
0.5123760104179382
0.6325899958610535
0.5142940282821655
0.6449419856071472
0.5162109732627869
0.657293975353241
0.5181289911270142
0.6696460247039795
0.5200470089912415
0.6819980144500732
0.5219640135765076
0.694350004196167
0.5234240293502808
0.7067649960517883
0.524882972240448
0.7191789746284485
0.52634197473526
0.7315940260887146
0.527800977230072
0.7440080046653748
0.5292609930038452
0.7564229965209961
0.5307199954986572
0.7688369750976562
0.5321789979934692
0.7812520265579224
0.5336380004882812
0.7936660051345825
0.534961998462677
0.8060960173606873
0.5362859964370728
0.818526029586792
0.5376099944114685
0.8309550285339355
0.5389339923858643
0.8433849811553955
0.54025799036026
0.8558149933815002
0.5415819883346558
0.868245005607605
0.5429059863090515
0.8806740045547485
0.5442299842834473
0.8931040167808533
0.5552719831466675
0.8937919735908508
