0.40121400356292725
0.04983169957995415
0.4011699855327606
0.06233159825205803
0.4011250138282776
0.07483159750699997
0.40108099579811096
0.08733150362968445
0.4010370075702667
0.09983140230178833
0.4009920060634613
0.11233100295066833
0.4009479880332947
0.12483099848031998
0.40090298652648926
0.13733099400997162
0.400858998298645
0.14983099699020386
0.3996630012989044
0.16227400302886963
0.3984670042991638
0.17471599578857422
0.3972710072994232
0.18715900182724
0.3960750102996826
0.19960199296474457
0.3948799967765808
0.21204400062561035
0.3936839997768402
0.22448700666427612
0.3924880027770996
0.2369299978017807
0.391292005777359
0.24937200546264648
0.38436898589134216
0.25977998971939087
0.3774450123310089
0.27018699049949646
0.37052100896835327
0.28059500455856323
0.3635979890823364
0.2910020053386688
0.3566739857196808
0.3014099895954132
0.34975099563598633
0.3118169903755188
0.3428269922733307
0.32222500443458557
0.33590400218963623
0.33263200521469116
0.3423149883747101
0.3433629870414734
0.3487260043621063
0.3540929853916168
0.3551369905471802
0.36482399702072144
0.3615480065345764
0.37555500864982605
0.36795899271965027
0.3862859904766083
0.3743700087070465
0.3970159888267517
0.38078099489212036
0.4077470004558563
0.3871920108795166
0.41847801208496094
0.38036999106407166
0.42895200848579407
0.3735490143299103
0.439426988363266
0.36672699451446533
0.4499010145664215
0.3599050045013428
0.46037599444389343
0.3530830144882202
0.47084999084472656
0.34626200795173645
0.4813239872455597
0.3394399881362915
0.491798996925354
0.33261799812316895
0.5022730231285095
0.3213450014591217
0.507673978805542
0.31007200479507446
0.5130739808082581
0.2987990081310272
0.5184749960899353
0.2875249981880188
0.5238749980926514
0.27625200152397156
0.5292760133743286
0.2649790048599243
0.5346760153770447
0.2537060081958771
0.5400769710540771
0.24243299663066864
0.5454769730567932
0.2410680055618286
0.557902991771698
0.23970399796962738
0.5703279972076416
0.23834000527858734
0.5827530026435852
0.23697499930858612
0.59517902135849
0.23561100661754608
0.6076040267944336
0.23424600064754486
0.6200289726257324
0.23288199305534363
0.6324549913406372
0.2315180003643036
0.6448799967765808
0.2190369963645935
0.6441940069198608
0.20655499398708344
0.6435080170631409
0.19407400488853455
0.6428210139274597
0.18159300088882446
0.6421350240707397
0.16911199688911438
0.641448974609375
0.1566309928894043
0.640762984752655
0.1441500037908554
0.6400769948959351
0.13166800141334534
0.6393910050392151
0.12325800210237503
0.6486380100250244
0.11484699696302414
0.6578850150108337
0.10643699765205383
0.6671329736709595
0.09802640229463577
0.6763799786567688
0.08961589634418488
0.6856269836425781
0.08120539784431458
0.6948750019073486
0.07279489934444427
0.704122006893158
0.06438440084457397
0.7133690118789673
0.05965700000524521
0.725957989692688
0.05492959916591644
0.7385460138320923
0.050202298909425735
0.751134991645813
0.04547490179538727
0.7637230157852173
