0.9165599942207336
0.38380199670791626
0.9041879773139954
0.38201799988746643
0.8918160200119019
0.3802340030670166
0.8794440031051636
0.3784500062465668
0.8670719861984253
0.37666499614715576
0.8547000288963318
0.37488099932670593
0.8423280119895935
0.3730970025062561
0.8299559950828552
0.3713130056858063
0.8175839781761169
0.36952799558639526
0.8066759705543518
0.37563300132751465
0.7957680225372314
0.38173800706863403
0.7848610281944275
0.3878430128097534
0.7739530205726624
0.3939470052719116
0.7630450129508972
0.400052011013031
0.7521370053291321
0.406156986951828
0.7412289977073669
0.4122610092163086
0.7303209900856018
0.4183659851551056
0.7274630069732666
0.4061970114707947
0.7246059775352478
0.3940280079841614
0.7217479944229126
0.3818590044975281
0.7188900113105774
0.3696900010108948
0.7160320281982422
0.3575209975242615
0.7131739854812622
0.34535300731658936
0.7103170156478882
0.33318400382995605
0.7074589729309082
0.32101500034332275
0.6955050230026245
0.3173600137233734
0.683551013469696
0.3137049973011017
0.6715980172157288
0.31005001068115234
0.6596440076828003
0.3063960075378418
0.6476899981498718
0.30274099111557007
0.6357359886169434
0.2990860044956207
0.6237829923629761
0.295430988073349
0.6118289828300476
0.29177701473236084
0.6100260019302368
0.27940699458122253
0.608223021030426
0.2670379877090454
0.6064209938049316
0.2546690106391907
0.6046180129051208
0.24229900538921356
0.6028149724006653
0.22992999851703644
0.6010130047798157
0.2175610065460205
0.5992100238800049
0.2051910012960434
0.5974069833755493
0.19282199442386627
0.5979679822921753
0.18033400177955627
0.5985280275344849
0.16784699261188507
0.5990890264511108
0.15535999834537506
0.5996490120887756
0.14287200570106506
0.6002089977264404
0.13038499653339386
0.6007699966430664
0.11789699643850327
0.6013299822807312
0.10541000217199326
0.6018900275230408
0.0929223969578743
