0.6604070067405701
0.19892700016498566
0.6496750116348267
0.20533600449562073
0.6389430165290833
0.2117449939250946
0.6282110214233398
0.2181529998779297
0.6174790263175964
0.22456200420856476
0.6067469716072083
0.23097099363803864
0.5960140228271484
0.23737899959087372
0.585282027721405
0.2437880039215088
0.5745499730110168
0.25019699335098267
0.5626149773597717
0.25391098856925964
0.5506790280342102
0.257625013589859
0.5387439727783203
0.261339008808136
0.5268080234527588
0.26505300402641296
0.5148730278015137
0.26876699924468994
0.5029370188713074
0.2724809944629669
0.49100199341773987
0.2761949896812439
0.47906601428985596
0.27990901470184326
0.4719820022583008
0.29020801186561584
0.4648979902267456
0.30050599575042725
0.4578140079975128
0.31080499291419983
0.45072999596595764
0.3211039900779724
0.44364601373672485
0.331402987241745
0.4365620017051697
0.34170201420783997
0.4294779896736145
0.35200101137161255
0.4223940074443817
0.36230000853538513
0.41171300411224365
0.3687930107116699
0.4010320007801056
0.3752869963645935
0.39035099744796753
0.3817810118198395
0.37967100739479065
0.38827499747276306
0.3689900040626526
0.39476901292800903
0.3583090007305145
0.4012629985809326
0.34762799739837646
0.4077570140361786
0.3369469940662384
0.414249986410141
0.32618600130081177
0.4206089973449707
0.31542399525642395
0.4269689917564392
0.30466198921203613
0.4333280026912689
0.2939009964466095
0.43968701362609863
0.2831389904022217
0.44604599475860596
0.27237799763679504
0.45240500569343567
0.2616159915924072
0.458763986825943
0.2508539855480194
0.4651229977607727
0.23976099491119385
0.4708839952945709
0.2286680042743683
0.4766460061073303
0.21757499873638153
0.48240798711776733
0.20648199319839478
0.48816901445388794
0.1953890025615692
0.49393099546432495
0.18429699540138245
0.49969199299812317
0.17320400476455688
0.5054540038108826
0.16211099922657013
0.5112159848213196
0.15035100281238556
0.5069760084152222
0.13859200477600098
0.5027369856834412
0.1268330067396164
0.49849799275398254
0.11507400125265121
0.49425798654556274
0.10331500321626663
0.4900189936161041
0.09155569970607758
0.4857789874076843
0.07979659736156464
0.4815399944782257
0.06803739815950394
0.4773010015487671
0.06668020039796829
0.4648750126361847
0.06532289832830429
0.4524480104446411
0.06396570056676865
0.44002199172973633
0.06260839849710464
0.42759600281715393
0.061251200735569
0.41517001390457153
0.05989399924874306
0.40274399518966675
0.058536700904369354
0.39031800627708435
0.05717949941754341
0.37789198756217957
0.05778929963707924
0.36540699005126953
0.05839899927377701
0.3529219925403595
0.059008799493312836
0.34043601155281067
0.05961859971284866
0.32795101404190063
0.06022829934954643
0.3154659867286682
0.06083809956908226
0.3029809892177582
0.06144789978861809
0.29049599170684814
0.06205759942531586
0.2780109941959381
0.07496389746665955
0.2804020047187805
0.08787020295858383
0.28279298543930054
0.10077600181102753
0.2851850092411041
0.11368300020694733
0.28757598996162415
