0.7925300002098083
0.1916770040988922
0.7800679802894592
0.1906999945640564
0.7676060199737549
0.18972399830818176
0.7551440000534058
0.18874800205230713
0.7426819801330566
0.1877720057964325
0.7302200198173523
0.18679599463939667
0.7177590131759644
0.18581900000572205
0.7052969932556152
0.1848430037498474
0.6928349733352661
0.18386699259281158
0.6803449988365173
0.18335600197315216
0.667855978012085
0.18284599483013153
0.6553660035133362
0.1823350042104721
0.6428769826889038
0.1818239986896515
0.630387008190155
0.18131299316883087
0.6178979873657227
0.18080300092697144
0.6054080128669739
0.18029199540615082
0.5929179787635803
0.1797810047864914
0.5849720239639282
0.18942999839782715
0.5770249962806702
0.1990790069103241
0.5690780282020569
0.20872700214385986
0.5611310005187988
0.21837599575519562
0.5531839728355408
0.22802500426769257
0.5452380180358887
0.23767399787902832
0.5372909903526306
0.2473219931125641
0.5293440222740173
0.25697100162506104
0.5262539982795715
0.2690829932689667
0.5231639742851257
0.2811950147151947
0.5200740098953247
0.29330700635910034
0.5169829726219177
0.305418998003006
0.5138930082321167
0.3175309896469116
0.5108029842376709
0.32964301109313965
0.5077130198478699
0.3417550027370453
0.5046229958534241
0.3538669943809509
0.4934130012989044
0.35476699471473694
0.48220300674438477
0.35566601157188416
