0.47676101326942444
0.19747599959373474
0.47588300704956055
0.20994499325752258
0.4750039875507355
0.22241400182247162
0.47412601113319397
0.23488299548625946
0.4732469916343689
0.2473520040512085
0.472368985414505
0.2598220109939575
0.4714910089969635
0.27229100465774536
0.4706119894981384
0.2847599983215332
0.4697340130805969
0.29722899198532104
0.4683170020580292
0.3096480071544647
0.4669010043144226
0.3220680058002472
0.46548500657081604
0.3344869911670685
0.4640679955482483
0.34690698981285095
0.4626519978046417
0.35932600498199463
0.461234986782074
0.3717460036277771
0.4598189890384674
0.3841649889945984
0.45840200781822205
0.39658498764038086
0.4583579897880554
0.4090850055217743
0.4583140015602112
0.42158499360084534
0.45826900005340576
0.43408501148223877
0.4582250118255615
0.44658398628234863
0.4581800103187561
0.45908400416374207
0.4581359922885895
0.4715839922428131
0.45809099078178406
0.48408401012420654
0.4580470025539398
0.4965839982032776
0.45794299244880676
0.5090839862823486
0.4578390121459961
0.5215830206871033
0.45773598551750183
0.5340830087661743
0.45763200521469116
0.5465819835662842
0.4575279951095581
0.5590819716453552
0.45742401480674744
0.571582019329071
0.4573200047016144
0.5840809941291809
0.4572159945964813
0.596580982208252
0.4563010036945343
0.609046995639801
0.4553860127925873
0.6215140223503113
0.45447099208831787
0.6339799761772156
0.45355498790740967
0.6464470028877258
0.45263999700546265
0.6589130163192749
0.4517250061035156
0.671379029750824
0.4508099853992462
0.6838459968566895
0.4498949944972992
0.6963120102882385
0.43869200348854065
0.7018579840660095
0.4274890124797821
0.7074030041694641
0.41628700494766235
0.7129480242729187
0.4050840139389038
0.7184929847717285
0.3938809931278229
0.7240380048751831
0.38267800211906433
0.7295839786529541
0.3714759945869446
0.7351289987564087
0.36027300357818604
0.7406740188598633
0.35552099347114563
0.729112982749939
0.3507690131664276
0.7175509929656982
0.3460170030593872
0.7059900164604187
0.3412649929523468
0.694428026676178
0.3365119993686676
0.6828669905662537
0.3317599892616272
0.6713050007820129
0.3270080089569092
0.6597440242767334
0.3222559988498688
0.6481819748878479
0.31056299805641174
0.64376300573349
0.2988699972629547
0.6393439769744873
0.28717800974845886
0.6349250078201294
0.27548500895500183
0.6305059790611267
0.2637920081615448
0.6260870099067688
0.25209900736808777
0.6216679811477661
0.24040600657463074
0.6172490119934082
0.2287140041589737
0.6128299832344055
0.22072400152683258
0.6224430203437805
0.21273499727249146
0.6320570111274719
0.20474599301815033
0.6416710019111633
0.1967570036649704
0.6512849926948547
0.18876799941062927
0.660897970199585
0.18077899515628815
0.6705120205879211
0.17279000580310822
0.6801260113716125
0.1648000031709671
0.6897389888763428
0.17659500241279602
0.6972259879112244
0.18839000165462494
0.7047119736671448
0.20018400251865387
0.7121989727020264
0.2119790017604828
0.7196850180625916
0.22377300262451172
0.7271720170974731
