0.05149589851498604
0.3791140019893646
0.0603598989546299
0.38792699575424194
0.06922390311956406
0.39674100279808044
0.07808790355920792
0.40555399656295776
0.08695189654827118
0.41436800360679626
0.09581589698791504
0.42318201065063477
0.10468000173568726
0.4319950044155121
0.11354400217533112
0.4408090114593506
0.12240800261497498
0.4496220052242279
0.13386400043964386
0.4546230137348175
0.14531999826431274
0.4596230089664459
0.15677699446678162
0.46462398767471313
0.1682330071926117
0.46962401270866394
0.17968900501728058
0.47462499141693115
0.19114500284194946
0.47962498664855957
0.20260199904441833
0.48462599515914917
0.21405799686908722
0.4896259903907776
0.21898800134658813
0.4781390130519867
0.22391700744628906
0.4666529893875122
0.22884699702262878
0.4551660120487213
0.2337770015001297
0.44367900490760803
0.23870700597763062
0.43219199776649475
0.24363699555397034
0.42070499062538147
0.24856700003147125
0.4092180132865906
0.253495991230011
0.3977319896221161
0.2570109963417053
0.38573598861694336
0.2605249881744385
0.37373998761177063
0.2640399932861328
0.3617439866065979
0.26755398511886597
0.34974798560142517
0.2710680067539215
0.3377529978752136
0.27458301186561584
0.3257569968700409
0.278097003698349
0.31376099586486816
0.28161099553108215
0.30176499485969543
0.2876409888267517
0.29081499576568604
0.29366999864578247
0.2798660099506378
0.29969900846481323
0.2689160108566284
0.3057279884815216
0.257966011762619
0.31175699830055237
0.24701599776744843
0.31778600811958313
0.23606599867343903
0.3238149881362915
0.22511599957942963
0.32984399795532227
0.21416600048542023
0.340362012386322
0.2074120044708252
0.3508799970149994
0.20065799355506897
0.36139801144599915
0.19390299916267395
0.3719159960746765
0.18714900314807892
0.38243401050567627
0.1803939938545227
0.39295199513435364
0.17363999783992767
0.4034700095653534
0.16688600182533264
0.41398799419403076
0.16013100743293762
0.42242300510406494
0.16935600340366364
0.4308589994907379
0.17858099937438965
0.4392940104007721
0.18780599534511566
0.4477289915084839
0.19703100621700287
0.45616400241851807
0.20625600218772888
0.46459901332855225
0.2154809981584549
0.47303399443626404
0.2247059941291809
0.4814690053462982
0.23393100500106812
0.4869379997253418
0.24517099559307098
0.4924069941043854
0.25641098618507385
0.49787598848342896
0.2676509916782379
0.5033450126647949
0.278890997171402
0.5088139772415161
0.29013100266456604
0.5142840147018433
0.3013710081577301
0.5197529792785645
0.31261101365089417
0.5252220034599304
0.323852002620697
0.5306689739227295
0.33510199189186096
0.5361149907112122
0.3463529944419861
0.541562020778656
0.3576039969921112
0.5470089912414551
0.36885499954223633
0.5524560213088989
0.38010600209236145
0.557902991771698
0.3913570046424866
0.5633490085601807
0.4026080071926117
0.5687959790229797
0.4138590097427368
0.5760819911956787
0.42401599884033203
0.5833680033683777
0.43417298793792725
0.5906540155410767
0.44433000683784485
0.5979390144348145
0.45448699593544006
0.6052250266075134
0.46464401483535767
0.6125109791755676
0.4748010039329529
0.6197969913482666
0.4849579930305481
0.6270830035209656
0.4951159954071045
0.6357309818267822
0.5041409730911255
0.6443799734115601
0.5131660103797913
0.6530280113220215
0.5221909880638123
0.6616770029067993
0.531216025352478
0.670324981212616
0.540241003036499
0.6789739727973938
0.54926598072052
0.6876220107078552
0.5582910180091858
0.6962710022926331
0.5673159956932068
0.7056490182876587
0.5755800008773804
0.7150279879570007
0.5838450193405151
0.7244060039520264
0.5921090245246887
0.7337849736213684
0.6003730297088623
0.743162989616394
0.6086369752883911
0.7525420188903809
0.6169009804725647
0.7619199752807617
0.6251649856567383
0.7712979912757874
0.6334289908409119
0.781063973903656
0.6412320137023926
0.7908290028572083
0.6490349769592285
0.8005949854850769
0.6568379998207092
0.8103600144386292
0.6646410226821899
0.8201249837875366
0.6724439859390259
0.82989102602005
0.6802470088005066
0.8396559953689575
0.6880499720573425
0.8494219779968262
0.6958529949188232
0.8527989983558655
0.7091770172119141
0.8561769723892212
0.7225009799003601
0.8595539927482605
0.7358250021934509
0.862932026386261
0.7491490244865417
0.8663089871406555
0.7624729871749878
