0.9083589911460876
0.5678930282592773
0.9056829810142517
0.5801029801368713
0.903007984161377
0.5923140048980713
0.9003329873085022
0.6045240163803101
0.8976579904556274
0.6167340278625488
0.8949819803237915
0.628944993019104
0.8923069834709167
0.6411550045013428
0.889631986618042
0.6533660292625427
0.8869569897651672
0.6655759811401367
0.885811984539032
0.6780229806900024
0.8846669793128967
0.6904709935188293
0.8835219740867615
0.7029179930686951
0.8823779821395874
0.715366005897522
0.8812329769134521
0.7278130054473877
0.8800879716873169
0.7402610182762146
0.8789430260658264
0.7527080178260803
0.8777989745140076
0.7651559710502625
0.8658549785614014
0.761555016040802
0.8539109826087952
0.7579540014266968
0.8419679999351501
0.7543519735336304
0.830024003982544
0.7507510185241699
0.8180800080299377
0.7471500039100647
0.8061370253562927
0.7435489892959595
0.7941930294036865
0.7399479746818542
