0.8724129796028137
0.7373300194740295
0.8599920272827148
0.7387319803237915
0.8475710153579712
0.7401350140571594
0.8351500034332275
0.7415369749069214
0.8227289915084839
0.7429389953613281
0.8103079795837402
0.744342029094696
0.7978870272636414
0.745743989944458
0.7854650020599365
0.7471460103988647
0.7730439901351929
0.7485489845275879
0.7774519920349121
0.7368519902229309
0.7818599939346313
0.7251549959182739
0.7862679958343506
0.7134580016136169
0.7906759977340698
0.70176100730896
0.7950839996337891
0.690064013004303
0.7994920015335083
0.678367018699646
0.8039000034332275
0.666670024394989
0.8083080053329468
0.6549729704856873
0.8043910264968872
0.6431030035018921
0.8004729747772217
0.6312320232391357
0.7965549826622009
0.6193619966506958
0.7926380038261414
0.6074920296669006
0.7887200117111206
0.5956220030784607
0.7848029732704163
0.5837510228157043
0.7808849811553955
0.5718809962272644
0.7769669890403748
0.5600110292434692
0.7658069729804993
0.5543810129165649
0.7546470165252686
0.5487499833106995
0.7434870004653931
0.5431200265884399
0.7323269844055176
0.5374889969825745
0.7211670279502869
0.5318589806556702
0.7100070118904114
0.5262280106544495
0.6988469958305359
0.5205979943275452
0.6876869797706604
0.5149670243263245
0.6858320236206055
0.5020890235900879
0.6839780211448669
0.48921000957489014
0.6821240186691284
0.47633200883865356
0.6802690029144287
0.4634529948234558
0.6784150004386902
0.45057499408721924
