0.3669390082359314
0.6417490243911743
0.3568490147590637
0.6343709826469421
0.34675899147987366
0.6269930005073547
0.336668998003006
0.6196140050888062
0.3265790045261383
0.6122360229492188
0.31648799777030945
0.6048579812049866
0.3063980042934418
0.5974799990653992
0.2963080108165741
0.5901020169258118
0.28621798753738403
0.5827239751815796
0.28026100993156433
0.5717340111732483
0.27430400252342224
0.5607450008392334
0.26834800839424133
0.5497549772262573
0.26239100098609924
0.5387660264968872
0.25643399357795715
0.5277760028839111
0.25047799944877625
0.5167869925498962
0.24452100694179535
0.5057970285415649
0.23856399953365326
0.49480798840522766
0.23271499574184418
0.4837610125541687
0.2268649935722351
0.47271400690078735
0.22101600468158722
0.461667001247406
0.21516700088977814
0.45061999559402466
0.20931699872016907
0.4395729899406433
0.20346799492835999
0.42852699756622314
0.19761799275875092
0.4174799919128418
0.19176900386810303
0.40643298625946045
0.20339499413967133
0.40184101462364197
0.21502099931240082
0.3972490131855011
0.2266470044851303
0.392657995223999
0.2382729947566986
0.38806599378585815
0.2498989999294281
0.3834739923477173
0.2615250051021576
0.3788819909095764
0.2731519937515259
0.37429100275039673
0.28477799892425537
0.36969900131225586
0.29701799154281616
0.3671649992465973
0.30925899744033813
0.3646320104598999
0.3214989900588989
0.36209800839424133
0.3337399959564209
0.35956498980522156
0.3459799885749817
0.357030987739563
0.35822099447250366
0.3544979989528656
0.37046098709106445
0.35196399688720703
0.3827019929885864
0.34943100810050964
0.39507201313972473
0.35122600197792053
0.40744298696517944
0.3530220091342926
0.41981300711631775
0.3548170030117035
0.43218401074409485
0.35661301016807556
0.44455400109291077
0.35840800404548645
0.4569239914417267
0.3602040112018585
0.4692949950695038
0.3619990050792694
0.4816649854183197
0.3637950122356415
0.48433101177215576
0.37600699067115784
0.4869979918003082
0.3882189989089966
0.4896639883518219
0.4004319906234741
0.49233001470565796
0.41264399886131287
0.4949969947338104
0.4248560070991516
0.4976629912853241
0.43706899881362915
0.5003290176391602
0.4492810070514679
0.502996027469635
0.46149298548698425
0.5050939917564392
0.47381600737571716
0.5071930289268494
0.4861379861831665
0.5092920064926147
0.4984610080718994
0.5113909840583801
0.5107839703559875
0.5134890079498291
0.5231059789657593
0.5155879855155945
0.5354290008544922
0.5176870226860046
0.5477510094642639
0.5197849869728088
0.560073971748352
0.5328999757766724
0.5649530291557312
0.5460150241851807
0.569832980632782
0.5591300129890442
0.5747119784355164
0.5722450017929077
0.5795919895172119
0.5853599905967712
0.5844709873199463
