0.2428780049085617
0.8297230005264282
0.2553749978542328
0.8294289708137512
0.2678709924221039
0.8291339874267578
0.28036800026893616
0.8288390040397644
0.29286399483680725
0.8285449743270874
0.3053610026836395
0.828249990940094
0.3178569972515106
0.8279560208320618
0.3303540050983429
0.8276609778404236
0.342849999666214
0.8273659944534302
0.34310001134872437
0.8148689866065979
0.34335100650787354
0.8023710250854492
0.3436009883880615
0.7898740172386169
0.3438510000705719
0.7773759961128235
0.3441010117530823
0.7648789882659912
0.34435099363327026
0.7523810267448425
0.34460100531578064
0.7398840188980103
0.34485098719596863
0.7273859977722168
0.3469749987125397
0.715067982673645
0.34909799695014954
0.702750027179718
0.3512209951877594
0.6904309988021851
0.35334399342536926
0.6781129837036133
0.3554669916629791
0.6657940149307251
0.357589989900589
0.6534759998321533
0.35971298813819885
0.6411579847335815
0.3618369996547699
0.6288390159606934
0.35599398612976074
0.6177889704704285
0.350151002407074
0.6067389845848083
0.344307005405426
0.5956889986991882
0.33846399188041687
0.5846379995346069
0.3326210081577301
0.5735880136489868
0.32677799463272095
0.5625380277633667
0.3209350109100342
0.5514870285987854
0.315091997385025
0.5404369831085205
0.31881600618362427
0.5285050272941589
0.32253900170326233
0.5165719985961914
0.3262630105018616
0.5046399831771851
0.32998600602149963
0.4927070140838623
0.3337100148200989
0.48077499866485596
0.33743399381637573
0.4688419997692108
0.3411569893360138
0.45691001415252686
0.34488099813461304
0.4449769854545593
0.3575820028781891
0.44184499979019165
0.37028300762176514
0.438713014125824
0.38298499584198
0.4355809986591339
