0.19221200048923492
0.33962899446487427
0.20197099447250366
0.3474389910697937
0.21173100173473358
0.35524898767471313
0.22148999571800232
0.36305999755859375
0.23125000298023224
0.3708699941635132
0.24100999534130096
0.3786799907684326
0.2507689893245697
0.38648998737335205
0.2605290114879608
0.39430099725723267
0.27028799057006836
0.4021109938621521
0.2771100103855133
0.41258499026298523
0.28393200039863586
0.42305999994277954
0.2907539904117584
0.43353399634361267
0.2975749969482422
0.444009006023407
0.30439698696136475
0.4544830024242401
0.3112190067768097
0.46495699882507324
0.31804099678993225
0.47543200850486755
0.324862003326416
0.4859060049057007
0.32530900835990906
0.4983980059623718
0.3257550001144409
0.510890007019043
0.3262009918689728
0.5233820080757141
0.326647013425827
0.5358740091323853
0.3270930051803589
0.5483670234680176
0.32753899693489075
0.5608590245246887
0.3279849886894226
0.5733510255813599
0.32843101024627686
0.585843026638031
0.337785005569458
0.5755069851875305
0.347137987613678
0.5651710033416748
0.35649099946022034
0.5548350214958191
0.3658440113067627
0.5444989800453186
