0.3143100142478943
0.10643599927425385
0.3128649890422821
0.11885300278663635
0.3114199936389923
0.13126899302005768
0.3099760115146637
0.1436849981546402
0.3085309863090515
0.15610100328922272
0.3070859909057617
0.16851800680160522
0.3056420087814331
0.18093399703502655
0.3041970133781433
0.19335000216960907
0.30275198817253113
0.2057660073041916
0.2973349988460541
0.21703100204467773
0.29191699624061584
0.22829599678516388
0.2864989936351776
0.23956100642681122
0.28108200430870056
0.25082600116729736
0.27566400170326233
0.2620910108089447
0.2702459990978241
0.27335599064826965
0.26482900977134705
0.284621000289917
0.2594110071659088
0.29588600993156433
0.2613080143928528
0.30824100971221924
0.26320499181747437
0.32059600949287415
0.26510199904441833
0.33295199275016785
0.2669990062713623
0.34530699253082275
0.2688960134983063
0.35766199231147766
0.27079299092292786
0.37001699209213257
0.2726899981498718
0.3823719918727875
0.2745870053768158
0.39472800493240356
0.2844659984111786
0.40238600969314575
0.29434600472450256
0.41004401445388794
0.30422601103782654
0.41770198941230774
0.31410500407218933
0.42535901069641113
0.3239850103855133
0.43301698565483093
0.3338640034198761
0.4406749904155731
0.3437440097332001
0.4483329951763153
0.35362300276756287
0.4559909999370575
0.3589380085468292
0.4673050045967102
0.3642539978027344
0.4786190092563629
0.36956900358200073
0.48993200063705444
0.3748840093612671
0.5012459754943848
0.38019898533821106
0.5125600099563599
0.3855139911174774
0.523872971534729
0.3908289968967438
0.5351870059967041
0.3961449861526489
0.5465009808540344
0.3885270059108734
0.5564119815826416
0.3809100091457367
0.5663220286369324
0.3732919991016388
0.5762330293655396
0.3656750023365021
0.586143970489502
0.3580569922924042
0.5960549712181091
0.35043999552726746
0.6059659719467163
0.34282198548316956
0.6158760190010071
0.33520498871803284
0.6257870197296143
0.32885900139808655
0.6365569829940796
0.32251399755477905
0.6473259925842285
0.31616801023483276
0.6580960154533386
0.3098219931125641
0.6688650250434875
0.3034769892692566
0.6796349883079529
0.2971310019493103
0.6904039978981018
0.290785014629364
0.7011740207672119
0.2844400107860565
0.7119429707527161
0.2832219898700714
0.7034739851951599
