0.3044480085372925
0.48591500520706177
0.3045650124549866
0.47341498732566833
0.3046819865703583
0.46091601252555847
0.30479899048805237
0.44841599464416504
0.30491501092910767
0.4359169900417328
0.30503201484680176
0.42341798543930054
0.30514898896217346
0.4109179973602295
0.30526599287986755
0.39841899275779724
0.30538299679756165
0.3859190046787262
0.29892799258232117
0.37521499395370483
0.2924729883670807
0.36451101303100586
0.2860180139541626
0.3538070023059845
0.27956199645996094
0.34310200810432434
0.27310699224472046
0.332397997379303
0.26665198802948
0.3216939866542816
0.2601970136165619
0.31099000573158264
0.2537420094013214
0.3002850115299225
0.2490050047636032
0.28871798515319824
0.244268998503685
0.2771500051021576
0.2395319938659668
0.26558199524879456
0.23479600250720978
0.2540139853954315
0.23005999624729156
0.24244600534439087
0.22532300651073456
0.23087799549102783
0.22058700025081635
0.219310000538826
0.21584999561309814
0.20774200558662415
0.22743499279022217
0.20304599404335022
0.2390190064907074
0.1983489990234375
0.25060299038887024
0.19365200400352478
0.26218700408935547
0.18895600736141205
0.2737709879875183
0.18425899744033813
0.28535500168800354
0.1795630007982254
0.2969389855861664
0.17486600577831268
0.3085229992866516
0.17016899585723877
0.3209550082683563
0.1688620001077652
0.33338600397109985
0.16755500435829163
0.34581801295280457
0.16624799370765686
0.3582490086555481
0.1649409979581833
0.3706809878349304
0.16363400220870972
0.38311201333999634
0.16232700645923615
0.39554399251937866
0.1610189974308014
0.4079749882221222
0.15971200168132782
0.41639599204063416
0.16895000636577606
0.4248169958591461
0.1781879961490631
0.4332379996776581
0.18742500245571136
0.44165900349617004
0.1966630071401596
0.450080007314682
0.20590099692344666
0.45850101113319397
0.2151390016078949
0.4669229984283447
0.22437599301338196
0.4753440022468567
0.2336139976978302
0.48652300238609314
0.239206001162529
0.4977020025253296
0.24479800462722778
0.5088819861412048
0.2503899931907654
0.5200610160827637
0.25598201155662537
0.5312409996986389
0.26157400012016296
0.5424200296401978
0.26716598868370056
0.553600013256073
0.27275800704956055
0.5647789835929871
0.27834999561309814
0.5772659778594971
0.27778899669647217
0.5897539854049683
0.2772270143032074
0.6022409796714783
0.27666598558425903
0.6147279739379883
0.27610400319099426
0.6272159814834595
0.2755419909954071
0.6397029757499695
0.27498099207878113
0.6521909832954407
0.27441900968551636
0.6646779775619507
0.2738580107688904
0.677016019821167
0.2731649875640869
