0.8236100077629089
0.540926992893219
0.8303689956665039
0.55144202709198
0.8371269702911377
0.5619570016860962
0.8438860177993774
0.5724729895591736
0.8506439924240112
0.5829880237579346
0.8574029803276062
0.5935029983520508
0.8641610145568848
0.6040189862251282
0.8709200024604797
0.6145340204238892
0.8776779770851135
0.6250489950180054
0.8823339939117432
0.636650025844574
0.886991024017334
0.6482499837875366
0.8916469812393188
0.6598510146141052
0.8963029980659485
0.6714509725570679
0.9009600281715393
0.6830509901046753
0.9056159853935242
0.6946520209312439
0.9102720022201538
0.7062519788742065
0.9149289727210999
0.7178530097007751
0.9210879802703857
0.729017972946167
0.9272469878196716
0.7401840090751648
0.9334070086479187
0.7513489723205566
0.9395660161972046
0.7625150084495544
0.9457259774208069
0.7736809849739075
