0.14989499747753143
0.2593669891357422
0.16207100450992584
0.26219600439071655
0.17424699664115906
0.26502400636672974
0.18642300367355347
0.2678520083427429
0.19859899580478668
0.2706800103187561
0.2107740044593811
0.2735080122947693
0.22294999659061432
0.27633601427078247
0.23512600362300873
0.27916398644447327
0.24730199575424194
0.28199198842048645
0.2462020069360733
0.2944439947605133
0.24510200321674347
0.306894987821579
0.24400299787521362
0.31934699416160583
0.2429029941558838
0.3317979872226715
0.24180300533771515
0.34424999356269836
0.24070300161838531
0.35670098662376404
0.23960399627685547
0.3691529929637909
0.23850399255752563
0.38160398602485657
0.23411700129508972
0.39330899715423584
0.22972999513149261
0.4050140082836151
0.2253430038690567
0.416718989610672
0.2209559977054596
0.42842400074005127
0.21656900644302368
0.44012901186943054
0.21218299865722656
0.4518339931964874
0.20779600739479065
0.4635390043258667
0.20340900123119354
0.4752439856529236
0.21442100405693054
0.48115700483322144
0.22543400526046753
0.4870710074901581
0.23644700646400452
0.4929850101470947
0.24745899438858032
0.49889901280403137
0.2584719955921173
0.5048120021820068
0.2694849967956543
0.5107259750366211
0.2804970145225525
0.5166400074958801
0.2915099859237671
0.5225539803504944
0.30058300495147705
0.5311520099639893
0.30965501070022583
0.5397509932518005
0.3187279999256134
0.5483490228652954
0.327800989151001
0.5569480061531067
0.33687400817871094
0.5655459761619568
0.3459469974040985
0.5741440057754517
0.3550199866294861
0.5827429890632629
0.36409199237823486
0.5913410186767578
0.3585740029811859
0.6025570034980774
0.3530550003051758
0.613772988319397
0.34753599762916565
0.6249889731407166
0.3420169949531555
0.6362040042877197
0.3364979922771454
0.6474199891090393
0.33098000288009644
0.6586359739303589
0.3254610002040863
0.6698520183563232
0.31994199752807617
0.6810669898986816
0.3097350001335144
0.6882830262184143
0.29952698945999146
0.695497989654541
0.2893199920654297
0.7027130126953125
0.2791120111942291
0.7099279761314392
0.26890501379966736
0.7171429991722107
0.2586970031261444
0.7243580222129822
0.24849000573158264
0.7315729856491089
0.23828299343585968
0.7387890219688416
0.2271450012922287
0.7466610074043274
0.21600699424743652
0.7545340061187744
