0.2536349892616272
0.3580609858036041
0.26106300950050354
0.36811500787734985
0.2684899866580963
0.3781690001487732
0.2759169936180115
0.38822299242019653
0.2833450138568878
0.39827701449394226
0.2907719910144806
0.4083310067653656
0.29819899797439575
0.41838499903678894
0.3056269884109497
0.4284389913082123
0.31305399537086487
0.438493013381958
0.32546699047088623
0.43996599316596985
0.3378799855709076
0.4414379894733429
0.35029301047325134
0.44290998578071594
0.3627060055732727
0.44438299536705017
0.37511900067329407
0.4458549916744232
0.38753199577331543
0.44732698798179626
0.3999449908733368
0.4487999975681305
0.41235798597335815
0.45027199387550354
0.4138450026512146
0.4626829922199249
0.41533300280570984
0.4750939905643463
0.4168199896812439
0.4875060021877289
0.41830700635910034
0.49991700053215027
0.4197950065135956
0.512328028678894
0.42128199338912964
0.5247390270233154
0.4227690100669861
0.5371500253677368
0.4242570102214813
0.5495619773864746
0.4240019917488098
0.5620589852333069
0.4237479865550995
0.5745559930801392
0.42349401116371155
0.5870540142059326
0.42323899269104004
0.5995510220527649
0.4229849874973297
0.6120489835739136
0.4227310121059418
0.6245459914207458
0.42247599363327026
0.6370429992675781
0.42222198843955994
0.6495410203933716
0.4334399998188019
0.6489070057868958
0.44465699791908264
0.6482740044593811
0.4558750092983246
0.6476410031318665
