0.239313006401062
0.5483109951019287
0.24720999598503113
0.5580009818077087
0.25510600209236145
0.5676910281181335
0.26300299167633057
0.5773810148239136
0.2708989977836609
0.5870710015296936
0.27879598736763
0.5967609882354736
0.2866919934749603
0.6064500212669373
0.29458901286125183
0.6161400079727173
0.30248498916625977
0.6258299946784973
0.31254398822784424
0.6332520246505737
0.3226020038127899
0.6406729817390442
0.3326599895954132
0.6480950117111206
0.3427189886569977
0.6555160284042358
0.35277700424194336
0.6629379987716675
0.36283600330352783
0.6703590154647827
0.3728939890861511
0.6777809858322144
0.3829529881477356
0.6852020025253296
0.374098002910614
0.6940249800682068
0.36524298787117004
0.7028470039367676
0.35638800263404846
0.7116699814796448
0.3475329875946045
0.7204930186271667
0.3386780023574829
0.7293149828910828
0.32982298731803894
0.7381380200386047
0.32096800208091736
0.7469609975814819
0.3121129870414734
0.7557830214500427
0.3023349940776825
0.76357102394104
0.2925580143928528
0.7713599801063538
0.2827810049057007
0.7791479825973511
0.2730039954185486
0.7869359850883484
0.2632269859313965
0.7947239875793457
0.2534489929676056
0.8025130033493042
0.24367199838161469
0.8103010058403015
0.23389500379562378
0.8180890083312988
0.22878099977970123
0.8066830039024353
0.2236659973859787
0.795278012752533
0.21855099499225616
0.7838720083236694
0.2134370058774948
0.7724660038948059
0.20832200348377228
0.7610599994659424
0.20320799946784973
0.74965500831604
0.1980929970741272
0.7382490038871765
0.19297899305820465
0.726842999458313
0.18049399554729462
0.7274680137634277
0.16800999641418457
0.7280930280685425
0.15552499890327454
0.7287189960479736
0.1430409997701645
0.7293440103530884
0.13055700063705444
0.7299690246582031
0.11807200312614441
0.7305939793586731
0.10558799654245377
0.7312189936637878
0.09310369938611984
0.7318450212478638
0.08410900086164474
0.7378029823303223
0.07511419802904129
0.7437610030174255
