0.7668259739875793
0.8633480072021484
0.7543259859085083
0.863228976726532
0.7418270111083984
0.8631110191345215
0.7293270230293274
0.862991988658905
0.7168279886245728
0.8628739714622498
0.7043290138244629
0.8627550005912781
0.6918290257453918
0.8626369833946228
0.6793299913406372
0.8625180125236511
0.6668300032615662
0.8623999953269958
0.6770619750022888
0.8552190065383911
0.6872929930686951
0.8480380177497864
0.6975250244140625
0.8408570289611816
0.707755982875824
0.8336759805679321
0.7179880142211914
0.8264949917793274
0.7282189726829529
0.8193140029907227
0.7384510040283203
0.8121330142021179
0.7486820220947266
0.8049520254135132
0.7585660219192505
0.7972999811172485
0.7684500217437744
0.7896479964256287
0.7783349752426147
0.7819960117340088
0.7882189750671387
0.7743440270423889
0.7981029748916626
0.7666919827461243
0.8079869747161865
0.7590399980545044
0.8178709745407104
0.7513880133628845
0.8277549743652344
0.7437360286712646
0.8360790014266968
0.7344099879264832
0.844402015209198
0.7250840067863464
0.8527259826660156
0.7157580256462097
0.8610489964485168
0.7064329981803894
0.8693730235099792
0.6971070170402527
0.8776959776878357
0.6877809762954712
0.8860200047492981
0.6784549951553345
0.8943430185317993
0.6691300272941589
0.8974459767341614
0.6570209860801697
0.900547981262207
0.6449120044708252
0.9036499857902527
0.6328030228614807
0.9067519903182983
0.6206939816474915
0.909853994846344
0.608585000038147
0.9129570126533508
0.5964760184288025
0.9160590171813965
0.5843669772148132
0.9191610217094421
0.5722579956054688
0.9089419841766357
0.565060019493103
0.8987230062484741
0.5578609704971313
0.8885040283203125
0.5506619811058044
0.8782849907875061
0.5434640049934387
0.8680660128593445
0.5362650156021118
0.8578469753265381
0.5290660262107849
0.8476279973983765
0.5218679904937744
0.8374080061912537
0.5146690011024475
0.8279719948768616
0.5228660106658936
0.8185349702835083
0.531063973903656
0.8090980052947998
0.539260983467102
0.7996609807014465
0.5474590063095093
0.7902250289916992
0.5556560158729553
0.780788004398346
0.5638539791107178
0.7713509798049927
0.5720509886741638
0.7619150280952454
0.580249011516571
0.7505000233650208
0.5751540064811707
0.7390850186347961
0.5700590014457703
0.7276710271835327
0.5649639964103699
0.7162560224533081
0.5598689913749695
0.7048419713973999
0.5547739863395691
0.6934270262718201
0.5496799945831299
0.6820120215415955
0.5445849895477295
0.6705979704856873
0.5394899845123291
0.6722750067710876
0.5269150137901306
0.6739510297775269
0.5143409967422485
0.6756280064582825
0.50176602602005
