0.9347050189971924
0.12238900363445282
0.9260950088500977
0.13145199418067932
0.9174860119819641
0.14051400125026703
0.9088760018348694
0.14957700669765472
0.9002670049667358
0.15863899886608124
0.8916580080986023
0.16770200431346893
0.8830479979515076
0.17676399648189545
0.874439001083374
0.18582700192928314
0.8658300042152405
0.19488899409770966
0.8579319715499878
0.20457899570465088
0.8500350117683411
0.21426799893379211
0.8421379923820496
0.22395700216293335
0.8342400193214417
0.23364700376987457
0.8263429999351501
0.2433360069990158
0.8184459805488586
0.25302499532699585
0.8105480074882507
0.2627139985561371
0.8026509881019592
0.2724039852619171
0.794152021408081
0.2815699875354767
0.7856529951095581
0.29073598980903625
0.7771540284156799
0.2999019920825958
0.768655002117157
0.3090679943561554
0.760155975818634
0.31823399662971497
0.7516570091247559
0.32739999890327454
0.7431579828262329
0.3365660011768341
0.7346590161323547
0.3457320034503937
0.7275310158729553
0.35600000619888306
0.7204020023345947
0.36626899242401123
0.7132740020751953
0.3765369951725006
0.7061449885368347
0.38680499792099
0.6990169882774353
0.39707300066947937
0.6918889880180359
0.40734100341796875
0.6847599744796753
0.4176099896430969
0.6776319742202759
0.4278779923915863
0.6663669943809509
0.43329599499702454
0.6551030278205872
0.43871501088142395
0.6438379883766174
0.444133996963501
0.6325740218162537
0.4495519995689392
0.6213089823722839
0.45497098565101624
0.6100450158119202
0.46038898825645447
0.5987799763679504
0.4658080041408539
0.5875160098075867
0.4712260067462921
0.575984001159668
0.47605100274086
0.5644530057907104
0.48087599873542786
0.5529220104217529
0.4857009947299957
0.5413910150527954
0.4905259907245636
0.5298590064048767
0.49535098671913147
0.5183280110359192
0.5001760125160217
0.5067970156669617
0.5050010085105896
0.49526599049568176
0.5098260045051575
0.4831770062446594
0.5130069851875305
0.4710890054702759
0.5161870121955872
0.45899999141693115
0.5193679928779602
0.4469110071659088
0.5225489735603333
0.43482300639152527
0.5257290005683899
0.42273399233818054
0.5289099812507629
0.410645991563797
0.5320910215377808
0.39855700731277466
0.5352709889411926
0.3864609897136688
0.538424015045166
0.3743650019168854
0.5415760278701782
0.36226901412010193
0.5447279810905457
0.3501729965209961
0.5478799939155579
0.33807700872421265
0.5510320067405701
0.3259809911251068
0.5541840195655823
0.31388500332832336
0.5573369860649109
0.30178898572921753
0.5604889988899231
0.2917270064353943
0.5530719757080078
0.28166499733924866
0.5456550121307373
0.271602988243103
0.538237988948822
0.2615410089492798
0.5308219790458679
0.25147899985313416
0.5234050154685974
0.24141700565814972
0.5159879922866821
0.23135599493980408
0.508571982383728
0.22129400074481964
0.5011550188064575
0.2091280072927475
0.5040270090103149
0.19696299731731415
0.5069000124931335
0.184797003865242
0.509772002696991
0.17263199388980865
0.5126439929008484
0.1604660004377365
0.515516996383667
0.14830100536346436
0.5183889865875244
0.13613499701023102
0.521261990070343
0.12397000193595886
0.5241339802742004
0.11411000043153763
0.5264620184898376
0.10425099730491638
0.5287899971008301
