0.7097060084342957
0.17583000659942627
0.7118139863014221
0.18815100193023682
0.7139220237731934
0.20047199726104736
0.716031014919281
0.2127929925918579
0.7181389927864075
0.22511400282382965
0.7202469706535339
0.2374349981546402
0.7223560214042664
0.24975499510765076
0.7244639992713928
0.2620759904384613
0.7265729904174805
0.27439698576927185
0.727744996547699
0.2868419885635376
0.7289170026779175
0.29928699135780334
0.7300900220870972
0.3117319941520691
0.7312620282173157
0.32417699694633484
0.7324339747428894
0.3366219997406006
0.7336069941520691
0.34906700253486633
0.7347790002822876
0.3615120053291321
0.7359510064125061
0.3739570081233978
0.7371169924736023
0.3864020109176636
0.7382829785346985
0.3988479971885681
0.7394480109214783
0.41129299998283386
0.7406139969825745
0.4237389862537384
0.7417799830436707
0.43618398904800415
0.7429450154304504
0.4486300051212311
0.7441110014915466
0.4610750079154968
0.7452769875526428
0.47352099418640137
0.7522270083427429
0.48391100764274597
0.7591760158538818
0.4943000078201294
0.7661259770393372
0.5046899914741516
0.7730759978294373
0.5150799751281738
0.7800260186195374
0.5254700183868408
0.7869759798049927
0.535860002040863
0.7939260005950928
0.5462499856948853
0.8008760213851929
0.5566390156745911
0.8082230091094971
0.5667529702186584
0.8155689835548401
0.5768659710884094
0.8229159712791443
0.5869789719581604
0.8302620053291321
0.5970919728279114
0.8376089930534363
0.6072059869766235
0.8449559807777405
0.6173189878463745
0.8523020148277283
0.6274319887161255
0.8596490025520325
0.6375449895858765
0.8593109846115112
0.6500409841537476
0.8589739799499512
0.6625360250473022
0.8586360216140747
0.6750320196151733
0.8582980036735535
0.6875270009040833
0.8579609990119934
0.7000219821929932
0.8576229810714722
0.7125179767608643
0.8572859764099121
0.725013017654419
0.8569480180740356
0.73750901222229
0.8549000024795532
0.751209020614624
0.8528519868850708
0.7649080157279968
0.8508049845695496
0.7786080241203308
0.8487570285797119
0.79230797290802
