0.8269739747047424
0.7072669863700867
0.8387870192527771
0.7031819820404053
0.8506010174751282
0.6990979909896851
0.8624150156974792
0.6950129866600037
0.8742290139198303
0.6909289956092834
0.8860430121421814
0.686843991279602
0.8978570103645325
0.6827600002288818
0.9096710085868835
0.6786749958992004
0.9214839935302734
0.6745910048484802
0.9096320271492004
0.6706200242042542
0.8977800011634827
0.6666479706764221
0.8859270215034485
0.662676990032196
0.8740749955177307
0.6587049961090088
0.8622230291366577
0.6547340154647827
0.8503699898719788
0.6507620215415955
0.8385180234909058
0.6467909812927246
0.826665997505188
0.6428189873695374
0.8354970216751099
0.6339730024337769
0.844327986240387
0.6251260042190552
0.8531590104103088
0.6162790060043335
0.8619899749755859
0.607433021068573
0.8708209991455078
0.5985860228538513
0.8796520233154297
0.5897390246391296
0.8884829878807068
0.5808929800987244
0.8973140120506287
0.5720459818840027
0.8864619731903076
0.565841019153595
0.8756110072135925
0.5596370100975037
0.8647599816322327
0.5534319877624512
0.8539080023765564
0.5472270250320435
0.8430569767951965
0.5410230159759521
0.8322049975395203
0.5348179936408997
0.8213539719581604
0.5286129713058472
0.8105030059814453
0.5224090218544006
0.7980980277061462
0.5208709836006165
0.7856929898262024
0.5193319916725159
0.7732880115509033
0.5177940130233765
0.7608829736709595
0.5162559747695923
0.7484779953956604
0.5147179961204529
0.7360730171203613
0.5131790041923523
0.7236679792404175
0.5116410255432129
0.7112630009651184
0.5101029872894287
0.7011100053787231
0.5173940062522888
0.6909570097923279
0.5246859788894653
0.6808040142059326
0.5319769978523254
0.6706500053405762
0.539268970489502
0.6604970097541809
0.5465599894523621
0.6503440141677856
0.5538510084152222
0.6401910185813904
0.5611429810523987
0.6300380229949951
0.5684340000152588
0.6177210211753845
0.5705670118331909
0.6054049730300903
0.572700023651123
0.5930879712104797
0.5748329758644104
0.5807710289955139
0.5769659876823425
0.5684549808502197
0.5790989995002747
0.5561379790306091
0.5812320113182068
0.5438209772109985
0.5833650231361389
0.5315049886703491
0.5854979753494263
0.5201690196990967
0.5907670259475708
0.5088340044021606
0.5960350036621094
0.4974980056285858
0.601302981376648
0.486162006855011
0.6065710186958313
0.47482699155807495
0.6118389964103699
0.4634909927845001
0.6171069741249084
0.4521549940109253
0.6223750114440918
0.44082000851631165
0.6276429891586304
0.4313800036907196
0.635837972164154
0.42194101214408875
0.6440320014953613
0.4125019907951355
0.652226984500885
0.40306198596954346
0.6604210138320923
0.3936229944229126
0.668615996837616
0.38418400287628174
0.6768100261688232
0.3747439980506897
0.6850050091743469
0.36530500650405884
0.6931989789009094
0.36840200424194336
0.7053089737892151
0.3714990019798279
0.7174199819564819
0.3745949864387512
0.7295299768447876
0.37769201397895813
0.7416399717330933
0.38078901171684265
0.7537509799003601
0.3838860094547272
0.7658609747886658
0.3869819939136505
0.7779710292816162
0.39007899165153503
0.7900819778442383
0.3930869996547699
0.8018450140953064
