0.49918699264526367
0.037069398909807205
0.5079330205917358
0.046000901609659195
0.516677975654602
0.054932501167058945
0.525422990322113
0.0638640969991684
0.534168004989624
0.07279569655656815
0.542913019657135
0.08172719925642014
0.5516579747200012
0.09065879881381989
0.5604029893875122
0.09959039837121964
0.5691480040550232
0.10852199792861938
0.5782660245895386
0.11707299947738647
0.5873839855194092
0.12562400102615356
0.5965009927749634
0.13417500257492065
0.6056190133094788
0.14272500574588776
0.6147369742393494
0.15127600729465485
0.6238549947738647
0.15982699394226074
0.632972002029419
0.16837799549102783
0.6420900225639343
0.17692899703979492
0.6518700122833252
0.18471400439739227
0.6616500020027161
0.19249799847602844
0.6714299917221069
0.2002830058336258
0.6812099814414978
0.20806799829006195
0.6909899711608887
0.21585200726985931
0.7007700204849243
0.22363699972629547
0.7105500102043152
0.23142200708389282
0.720329999923706
0.239206001162529
0.7269080281257629
0.2508530020713806
0.733485996723175
0.26249900460243225
0.7400640249252319
0.2741459906101227
0.746641993522644
0.2857919931411743
