0.2760469913482666
0.2464590072631836
0.2825559973716736
0.25713101029396057
0.2890639901161194
0.26780301332473755
0.29557299613952637
0.27847498655319214
0.30208200216293335
0.2891469895839691
0.30858999490737915
0.2998180091381073
0.31509900093078613
0.3104900121688843
0.3216080069541931
0.32116198539733887
0.3281159996986389
0.33183398842811584
0.33557701110839844
0.3418630063533783
0.34303900599479675
0.35189199447631836
0.3504999876022339
0.3619210124015808
0.3579609990119934
0.3719500005245209
0.36542201042175293
0.38197898864746094
0.37288299202919006
0.3920080065727234
0.3803440034389496
0.40203699469566345
0.3878050148487091
0.4120660126209259
0.3991110026836395
0.4067330062389374
0.41041600704193115
0.40139999985694885
0.4217210114002228
0.3960669934749603
0.4330269992351532
0.390735000371933
0.4443320035934448
0.38540199398994446
0.45563700795173645
0.38006898760795593
0.4669420123100281
0.3747360110282898
0.4782480001449585
0.36940300464630127
0.480087012052536
0.38176700472831726
0.48192599415779114
0.39413100481033325
0.48376598954200745
0.40649500489234924
0.48560500144958496
0.41885900497436523
0.4874440133571625
0.4312230050563812
0.4892829954624176
0.4435870051383972
0.4911229908466339
0.455949991941452
0.4929620027542114
0.468313992023468
0.49776700139045715
0.45750701427459717
0.5025720000267029
0.44669899344444275
0.507377028465271
0.4358919858932495
