0.14379100501537323
0.6967920064926147
0.15628600120544434
0.6964340209960938
0.16878099739551544
0.6960769891738892
0.18127599358558655
0.6957190036773682
0.19377100467681885
0.6953610181808472
0.20626600086688995
0.6950039863586426
0.21876099705696106
0.6946460008621216
0.23125599324703217
0.6942880153656006
0.24375100433826447
0.693930983543396
0.24515299499034882
0.6815099716186523
0.24655599892139435
0.6690890192985535
0.24795900285243988
0.6566680073738098
0.24936099350452423
0.6442469954490662
0.25076401233673096
0.6318259835243225
0.2521669864654541
0.6194049715995789
0.25356999039649963
0.60698401927948
0.25497201085090637
0.5945619940757751
0.2568660080432892
0.5822070240974426
0.2587589919567108
0.5698509812355042
0.26065298914909363
0.5574949979782104
0.26254600286483765
0.5451390147209167
0.26444000005722046
0.5327839851379395
0.2663330137729645
0.5204280018806458
0.2682259976863861
0.508072018623352
0.2701199948787689
0.49571600556373596
0.262378990650177
0.48590099811553955
0.25463899970054626
0.47608599066734314
0.24689799547195435
0.4662710130214691
0.23915700614452362
0.4564569890499115
0.2314170002937317
0.4466420114040375
0.22367599606513977
0.43682700395584106
0.21593600511550903
0.42701199650764465
0.20819500088691711
0.41719698905944824
0.2043049931526184
0.4053179919719696
0.2004140019416809
0.3934380114078522
0.19652299582958221
0.38155901432037354
0.1926330029964447
0.3696799874305725
0.188741996884346
0.35780099034309387
0.1848520040512085
0.34592199325561523
0.1809609979391098
0.3340429961681366
0.1770710051059723
0.32216399908065796
0.17692799866199493
0.3096640110015869
0.17678600549697876
0.29716500639915466
0.1766439974308014
0.2846660017967224
0.17650100588798523
0.27216699719429016
0.17635899782180786
0.2596679925918579
0.1762170046567917
0.24716900289058685
0.17607399821281433
0.23466899991035461
0.17593200504779816
0.22216999530792236
0.185699000954628
0.214368999004364
0.19546499848365784
0.20656700432300568
0.20523199439048767
0.19876599311828613
0.2149990051984787
0.19096499681472778
0.22476600110530853
0.18316300213336945
0.23453199863433838
0.1753620058298111
0.2442989945411682
0.16756099462509155
0.25406599044799805
0.15975899994373322
0.26643601059913635
0.1579670011997223
0.27880701422691345
0.15617400407791138
0.29117798805236816
0.15438100695610046
0.30354899168014526
0.15258899331092834
0.31591999530792236
0.15079599618911743
0.3282899856567383
0.1490039974451065
0.3406609892845154
0.1472110003232956
0.3530319929122925
0.14541800320148468
0.3651840090751648
0.1424880027770996
0.3773359954357147
0.13955800235271454
0.38948699831962585
0.13662800192832947
0.40163901448249817
0.1336980015039444
0.4137910008430481
0.13076800107955933
0.425942987203598
0.12783800065517426
0.43809399008750916
0.12490800023078918
0.45024600625038147
0.12197799980640411
0.4589399993419647
0.13095900416374207
0.46763500571250916
0.13993999361991882
0.4763289988040924
0.14892099797725677
0.48502400517463684
0.15790200233459473
0.4937179982662201
0.16688300669193268
0.5024129748344421
0.17586399614810944
0.5111070275306702
0.1848450005054474
0.5198019742965698
0.19382500648498535
0.5298140048980713
0.2013089954853058
0.539825975894928
0.20879299938678741
0.5498380064964294
0.21627600491046906
0.5598509907722473
0.2237599939107895
0.5698630213737488
0.23124299943447113
0.5798749923706055
0.23872700333595276
0.5898879766464233
0.2462110072374344
0.5999000072479248
0.25369399785995483
0.6059420108795166
0.2646369934082031
0.6119850277900696
0.2755790054798126
0.6180269718170166
0.2865220010280609
0.6240689754486084
0.2974649965763092
0.6301119923591614
0.3084070086479187
0.6361539959907532
0.319350004196167
0.642195999622345
0.3302919864654541
0.648239016532898
0.3412350118160248
0.6528390049934387
0.3528580069541931
0.6574389934539795
0.36447998881340027
0.6620389819145203
0.376103013753891
0.6666399836540222
0.3877260088920593
0.671239972114563
0.3993479907512665
0.6758400201797485
0.4109709858894348
0.6804410219192505
0.42259401082992554
0.6850410103797913
0.43421700596809387
0.6919549703598022
0.4446299970149994
0.698868989944458
0.4550440013408661
0.7057819962501526
0.4654580056667328
0.7126960158348083
0.4758720099925995
0.7196099758148193
0.4862860143184662
0.7265239953994751
0.4966999888420105
0.7334380149841309
0.5071139931678772
0.7403519749641418
0.5175269842147827
0.7510830163955688
0.5239369869232178
0.7618150115013123
0.5303459763526917
0.7725470066070557
0.5367559790611267
0.7832779884338379
0.5431650280952454
0.7940099835395813
0.5495749711990356
0.8047419786453247
0.5559840202331543
0.8154730200767517
0.5623940229415894
0.8262050151824951
0.5688030123710632
0.828050971031189
0.5811660289764404
0.8298969864845276
0.5935289859771729
0.8317440152168274
0.60589200258255
0.8335899710655212
0.6182550191879272
0.8354359865188599
0.6306179761886597
0.8372820019721985
0.6429809927940369
0.8391289710998535
0.6553440093994141
0.8409749865531921
0.6677070260047913
0.8501179814338684
0.6784200072288513
0.8592600226402283
0.6891340017318726
0.8684030175209045
0.6998479962348938
0.8775449991226196
0.710561990737915
0.8866879940032959
0.7212759852409363
