0.10375799983739853
0.7659609913825989
0.10858999937772751
0.7544320225715637
0.11342299729585648
0.742904007434845
0.11825499683618546
0.7313759922981262
0.12308699637651443
0.7198479771614075
0.127919003367424
0.7083190083503723
0.132751002907753
0.6967909932136536
0.13758300244808197
0.6852629780769348
0.14241600036621094
0.6737350225448608
0.14439000189304352
0.6613919734954834
0.1463640034198761
0.6490479707717896
0.14833800494670868
0.6367049813270569
0.15031200647354126
0.6243619918823242
0.15228599309921265
0.6120190024375916
0.15425999462604523
0.5996760129928589
0.1562339961528778
0.5873330235481262
0.1582079976797104
0.5749899744987488
0.17063100636005402
0.5735970139503479
0.18305300176143646
0.5722029805183411
0.1954749971628189
0.5708100199699402
0.20789699256420135
0.5694169998168945
0.220319002866745
0.5680239796638489
0.23274099826812744
0.566631019115448
0.2451629936695099
0.5652379989624023
0.2575860023498535
0.5638449788093567
0.26958900690078735
0.5603569746017456
0.2815920114517212
0.5568680167198181
0.2935959994792938
0.553380012512207
0.30559900403022766
0.549892008304596
0.3176029920578003
0.5464029908180237
0.32960599660873413
0.5429149866104126
0.34160900115966797
0.5394269824028015
0.3536129891872406
0.5359389781951904
0.36250001192092896
0.5447289943695068
0.3713870048522949
0.5535190105438232
0.3802739977836609
0.562309980392456
0.38916099071502686
0.5710999965667725
0.3980480134487152
0.57989102602005
0.4069350063800812
0.5886809825897217
0.41582199931144714
0.5974709987640381
0.4247089922428131
0.6062620282173157
0.4265980124473572
0.6186180114746094
0.4284859895706177
0.6309750080108643
0.43037500977516174
0.643330991268158
0.43226298689842224
0.6556879878044128
0.4341520071029663
0.6680439710617065
0.436040997505188
0.6804010272026062
0.4379290044307709
0.6927570104598999
0.43981799483299255
0.7051140069961548
0.4348990023136139
0.6936740279197693
0.429980993270874
0.682233989238739
