0.3379420042037964
0.9081770181655884
0.3283970057964325
0.9001070261001587
0.3188509941101074
0.8920360207557678
0.30930599570274353
0.8839660286903381
0.29976001381874084
0.8758950233459473
0.29021498560905457
0.8678240180015564
0.2806699872016907
0.8597540259361267
0.271124005317688
0.8516830205917358
0.2615790069103241
0.843612015247345
0.26055800914764404
0.8311539888381958
0.2595359981060028
0.8186960220336914
0.25851500034332275
0.8062379956245422
0.2574940025806427
0.7937790155410767
0.25647300481796265
0.7813209891319275
0.2554520070552826
0.7688630223274231
0.25443100929260254
0.7564049959182739
0.2534089982509613
0.7439460158348083
0.25367701053619385
0.7314490079879761
0.253944993019104
0.7189520001411438
0.25421300530433655
0.7064549922943115
0.2544809877872467
0.6939579844474792
0.25474900007247925
0.681460976600647
0.2550170123577118
0.6689640283584595
0.25528401136398315
0.6564670205116272
0.2555519938468933
0.6439689993858337
0.26818498969078064
0.6453940272331238
0.28081798553466797
0.6468179821968079
0.2934510111808777
0.6482430100440979
0.3060849905014038
0.6496679782867432
0.31871798634529114
0.651091992855072
