0.47867199778556824
0.6253669857978821
0.46758800745010376
0.6195870041847229
0.4565039873123169
0.6138079762458801
0.4454210102558136
0.608027994632721
0.43433699011802673
0.602249026298523
0.42325299978256226
0.596468985080719
0.4121699929237366
0.590690016746521
0.4010860025882721
0.584909975528717
0.3900020122528076
0.579131007194519
0.3811050057411194
0.5703510046005249
0.37220799922943115
0.5615710020065308
0.3633100092411041
0.5527909994125366
0.3544130027294159
0.5440109968185425
0.34551599621772766
0.5352309942245483
0.33661800622940063
0.5264509916305542
0.3277209997177124
0.5176709890365601
0.31882399320602417
0.5088909864425659
0.30880001187324524
0.5014230012893677
0.2987760007381439
0.49395400285720825
0.2887530028820038
0.4864859879016876
0.27872899174690247
0.4790180027484894
0.26870501041412354
0.47154998779296875
0.2586809992790222
0.4640820026397705
0.2486570030450821
0.4566130042076111
0.23863400518894196
0.44914498925209045
0.2462099939584732
0.4392029941082001
0.25378701090812683
0.4292609989643097
0.2613629996776581
0.4193190038204193
0.2689400017261505
0.40937700867652893
0.27651599049568176
0.39943400025367737
0.2840929925441742
0.389492005109787
0.29166901111602783
0.3795500099658966
0.29924601316452026
0.3696080148220062
0.30698999762535095
0.3597959876060486
0.31473299860954285
0.34998300671577454
0.3224770128726959
0.3401710093021393
0.3302209973335266
0.33035901188850403
0.3379650115966797
0.3205460011959076
0.3457089960575104
0.31073400378227234
0.35345301032066345
0.3009220063686371
0.36119699478149414
0.29110899567604065
0.37340301275253296
0.28841501474380493
0.3856090009212494
0.2857210040092468
0.397816002368927
0.2830269932746887
0.41002199053764343
0.280333012342453
0.42222800850868225
0.2776390016078949
0.4344339966773987
0.2749449908733368
0.4466409981250763
0.2722510099411011
0.4588469862937927
0.26955699920654297
0.4712139964103699
0.271373987197876
0.483581006526947
0.27319198846817017
0.4959479868412018
0.27500998973846436
0.5083150267601013
0.27682700753211975
0.5206819772720337
0.27864500880241394
0.533050000667572
0.28046301007270813
0.5454170107841492
0.2822810113430023
0.5577840209007263
0.2840979993343353
0.5702400207519531
0.2851429879665375
0.5826960206031799
0.28618699312210083
0.5951529741287231
0.2872309982776642
0.60760897397995
0.28827500343322754
0.6200649738311768
0.2893199920654297
0.6325219869613647
0.29036399722099304
0.6449779868125916
0.2914080023765564
0.6574339866638184
0.29245200753211975
0.648006021976471
0.28424501419067383
0.6385779976844788
0.2760370075702667
0.6291499733924866
0.2678300142288208
0.6197220087051392
0.2596229910850525
0.610293984413147
0.2514150142669678
0.6008660197257996
0.24320800602436066
0.5914379954338074
0.23499999940395355
0.5820099711418152
0.22679300606250763
0.594444990158081
0.22552600502967834
0.6068810224533081
0.22426000237464905
0.6193169951438904
0.22299399971961975
0.6317530274391174
0.22172699868679047
0.6441879868507385
0.22046099603176117
0.6566240191459656
0.21919399499893188
0.6690599918365479
0.21792800724506378
0.6814950108528137
0.21666200459003448
0.692995011806488
0.2117609977722168
0.7044939994812012
0.2068610042333603
0.7159929871559143
0.2019599974155426
0.7274929881095886
0.1970590054988861
0.7389919757843018
0.1921589970588684
0.7504910230636597
0.18725800514221191
0.761991024017334
0.1823579967021942
0.7734900116920471
0.17745700478553772
0.7856680154800415
0.18027499318122864
0.7978469729423523
0.18309299647808075
0.8100249767303467
0.18591099977493286
0.8222029805183411
0.18872800469398499
0.8343809843063354
0.1915459930896759
0.846560001373291
0.19436399638652802
0.8587380051612854
0.19718199968338013
0.8709160089492798
0.19999900460243225
0.8817579746246338
0.19225899875164032
0.8925989866256714
0.1845179945230484
0.9034410119056702
0.17677700519561768
