0.8257830142974854
0.3886899948120117
0.8140239715576172
0.3929300010204315
0.8022649884223938
0.39716899394989014
0.7905060052871704
0.40140900015830994
0.778747022151947
0.40564799308776855
0.7669879794120789
0.40988799929618835
0.7552289962768555
0.414126992225647
0.7434700131416321
0.4183669984340668
0.7317100167274475
0.4226070046424866
0.7197989821434021
0.4263949990272522
0.7078869938850403
0.430184006690979
0.6959750056266785
0.4339730143547058
0.6840630173683167
0.43776199221611023
0.6721510291099548
0.44155099987983704
0.6602389812469482
0.44534000754356384
0.6483269929885864
0.44912898540496826
0.6364150047302246
0.45291799306869507
0.6451669931411743
0.4439930021762848
0.6539199948310852
0.4350689947605133
0.6626719832420349
0.426144003868103
0.6714239716529846
0.41721999645233154
0.6801769733428955
0.40829500555992126
0.68892902135849
0.3993709981441498
0.6976810097694397
0.3904460072517395
0.7064340114593506
0.381521999835968
0.7059040069580078
0.36903300881385803
0.7053750157356262
0.35654398798942566
0.7048460245132446
0.34405601024627686
0.7043160200119019
0.3315669894218445
0.7037870287895203
0.3190779983997345
0.7032570242881775
0.3065890073776245
0.7027279734611511
0.2941009998321533
0.7021980285644531
0.28161200881004333
0.6992070078849792
0.2694750130176544
0.6962149739265442
0.2573379874229431
0.6932229995727539
0.24520200490951538
0.69023197889328
0.23306499421596527
0.6872400045394897
0.22092799842357635
0.6842479705810547
0.20879200100898743
0.6812559962272644
0.1966550052165985
0.6782649755477905
0.1845179945230484
0.6687769889831543
0.1926569938659668
0.6592890024185181
0.2007949948310852
0.6498010158538818
0.2089329957962036
0.640313982963562
0.217071995139122
0.6308259963989258
0.22520999610424042
0.6213380098342896
0.23334799706935883
0.6118500232696533
0.24148699641227722
0.6023629903793335
0.24962499737739563
0.5905759930610657
0.25378701090812683
0.5787889957427979
0.25794801115989685
0.56700199842453
0.26210999488830566
0.5552150011062622
0.26627200841903687
0.5434280037879944
0.2704330086708069
0.5316410064697266
0.2745949923992157
0.5198550224304199
0.2787570059299469
0.5080680251121521
0.2829180061817169
0.49556800723075867
0.28279998898506165
0.4830690026283264
0.28268301486968994
0.47056901454925537
0.28256499767303467
0.4580700099468231
0.2824470102787018
0.4455699920654297
0.2823289930820465
0.43307098746299744
0.2822110056877136
0.4205720126628876
0.28209400177001953
0.40807199478149414
0.28197601437568665
0.3959349989891052
0.278984010219574
0.3837989866733551
0.2759920060634613
0.3716619908809662
0.27300000190734863
0.35952600836753845
0.27000799775123596
0.34738901257514954
0.2670159935951233
0.33525198698043823
0.2640239894390106
0.3231160044670105
0.26103198528289795
0.3109790086746216
0.25804001092910767
0.3163450062274933
0.24674999713897705
0.321711003780365
0.23545999825000763
0.3270770013332367
0.2241709977388382
0.3324429988861084
0.21288099884986877
0.3378089964389801
0.20159099996089935
0.3431749939918518
0.19030199944972992
0.3485400080680847
0.1790120005607605
0.3539060056209564
0.16772200167179108
0.34299901127815247
0.15912799537181854
0.33209100365638733
0.1505340039730072
0.3211840093135834
0.14194099605083466
0.31027600169181824
0.13334700465202332
