0.299793004989624
0.9095960259437561
0.3080439865589142
0.9002060294151306
0.31629499793052673
0.8908159732818604
0.3245460093021393
0.8814259767532349
0.33279699087142944
0.872035026550293
0.341048002243042
0.8626449704170227
0.34929800033569336
0.8532549738883972
0.3575490117073059
0.8438649773597717
0.36579999327659607
0.8344749808311462
0.35682201385498047
0.8257780075073242
0.3478440046310425
0.8170809745788574
0.3388659954071045
0.8083829879760742
0.3298879861831665
0.7996860146522522
0.3209089934825897
0.7909889817237854
0.3119310140609741
0.7822909951210022
0.30295300483703613
0.7735940217971802
0.29397499561309814
0.7648969888687134
0.2815049886703491
0.7640309929847717
0.2690350115299225
0.7631639838218689
0.25656500458717346
0.7622979879379272
0.24409499764442444
0.7614319920539856
0.2316250056028366
0.760565996170044
0.21915499866008759
0.7596989870071411
0.20668500661849976
0.7588329911231995
0.19421499967575073
0.7579669952392578
0.1933860033750534
0.74549400806427
0.19255700707435608
0.7330219745635986
0.19172799587249756
0.7205489873886108
0.19089899957180023
0.7080770134925842
0.1900700032711029
0.6956040263175964
0.18924100697040558
0.683131992816925
0.18841199576854706
0.6706590056419373
0.18758299946784973
0.6581869721412659
0.19236500561237335
0.6466379761695862
0.19714799523353577
0.6350889801979065
0.2019300013780594
0.6235399842262268
0.20671199262142181
0.6119909882545471
0.21149499714374542
0.6004419922828674
0.21627700328826904
0.5888929963111877
0.22105999290943146
0.5773440003395081
0.22584199905395508
0.5657950043678284
0.2287289947271347
0.5536329746246338
0.23161600530147552
0.541471004486084
0.23450300097465515
0.5293089747428894
0.23738999664783478
0.5171470046043396
0.2402770072221756
0.504984974861145
0.24316400289535522
0.4928230047225952
0.24605099856853485
0.480661004781723
0.24893799424171448
0.46849900484085083
0.2595449984073639
0.461885005235672
0.2701520025730133
0.45527100563049316
0.28075799345970154
0.44865599274635315
0.29136499762535095
0.4420419931411743
0.30197200179100037
0.4354279935359955
0.3125790059566498
0.42881399393081665
0.323184996843338
0.4221999943256378
0.3337920010089874
0.415585994720459
0.3261820077896118
0.4056699872016907
0.318571001291275
0.39575299620628357
0.3109610080718994
0.38583698868751526
0.3033510148525238
0.37592101097106934
0.295740008354187
0.36600399017333984
0.288129985332489
0.3560880124568939
0.2805199921131134
0.3461720049381256
0.2729089856147766
0.3362559974193573
0.27395299077033997
0.3237990140914917
0.2749969959259033
0.3113430142402649
0.2760410010814667
0.2988870143890381
0.2770859897136688
0.2864300012588501
0.2781299948692322
0.2739740014076233
0.27917400002479553
0.2615180015563965
0.2802180051803589
0.2490610033273697
0.28126201033592224
0.23660500347614288
0.2823059856891632
0.22414900362491608
0.28334999084472656
0.21169200539588928
0.2843939960002899
0.19923600554466248
0.28543800115585327
0.18678000569343567
0.2864820063114166
0.17432400584220886
0.28752601146698
0.16186699271202087
0.28856998682022095
0.14941099286079407
0.2896139919757843
0.13695499300956726
0.29073500633239746
0.12358800321817398
0.29185500741004944
0.1102219969034195
0.2929759919643402
0.0968552976846695
0.2940959930419922
0.08348879963159561
0.29521599411964417
0.07012239843606949
