0.3747909963130951
0.2485000044107437
0.38729000091552734
0.24834699928760529
0.3997890055179596
0.24819399416446686
0.41228801012039185
0.24804100394248962
0.4247870147228241
0.2478879988193512
0.43728598952293396
0.24773499369621277
0.4497860074043274
0.24758300185203552
0.46228501200675964
0.2474299967288971
0.4747839868068695
0.24727700650691986
0.4751029908657074
0.25977298617362976
0.4754219949245453
0.27226901054382324
0.47574201226234436
0.28476500511169434
0.47606098651885986
0.29726099967956543
0.47637999057769775
0.30975601077079773
0.4767000079154968
0.3222520053386688
0.4770190119743347
0.3347479999065399
0.4773379862308502
0.347243994474411
0.47710099816322327
0.3597419857978821
0.4768640100955963
0.37224000692367554
0.4766260087490082
0.3847370147705078
0.47638899087905884
0.3972350060939789
0.4761509895324707
0.40973299741744995
0.47591400146484375
0.422230988740921
0.4756770133972168
0.4347279965877533
0.47543901205062866
0.44722598791122437
0.47502800822257996
0.4597190022468567
0.47461700439453125
0.4722130000591278
0.47420600056648254
0.48470601439476013
0.47379499673843384
0.49719899892807007
0.47338399291038513
0.5096920132637024
0.4729740023612976
0.5221859812736511
0.4725629985332489
0.5346789956092834
0.4721519947052002
0.5471720099449158
0.471015989780426
0.5596200227737427
0.46988099813461304
0.572068989276886
0.46874499320983887
0.5845170021057129
0.4676089882850647
0.5969650149345398
0.4664739966392517
0.6094139814376831
0.46533799171447754
0.62186199426651
0.46420300006866455
0.6343100070953369
0.4630669951438904
0.6467589735984802
0.46090900897979736
0.6590710282325745
0.45875099301338196
0.6713830232620239
0.45659199357032776
0.6836950182914734
0.45443400740623474
0.696008026599884
0.45227599143981934
0.7083200216293335
0.45011699199676514
0.720632016658783
0.4479590058326721
0.7329440116882324
0.4458009898662567
0.7452570199966431
0.43934500217437744
0.755961000919342
0.43288901448249817
0.7666640281677246
0.4264329969882965
0.7773680090904236
0.41997700929641724
0.7880719900131226
0.4135209918022156
0.7987759709358215
0.4070650041103363
0.8094800114631653
0.4006099998950958
0.8201829791069031
0.39415401220321655
0.8308870196342468
0.38215500116348267
0.8273829817771912
0.3701559901237488
0.8238779902458191
0.3581579923629761
0.8203740119934082
0.3461590111255646
0.8168699741363525
0.3341600000858307
0.8133649826049805
0.3221609890460968
0.8098610043525696
0.3101629912853241
0.8063560128211975
0.2981640100479126
0.8028519749641418
0.2919430136680603
0.8136940002441406
0.2857219874858856
0.8245360255241394
0.2795009911060333
0.8353779911994934
0.27327999472618103
0.8462200164794922
0.26705899834632874
0.8570619821548462
0.26083800196647644
0.867904007434845
0.25461700558662415
0.878745973110199
0.24839599430561066
0.8895879983901978
0.24382999539375305
0.8975459933280945
