0.517749011516571
0.725832998752594
0.5094749927520752
0.7352020144462585
0.5012000203132629
0.7445709705352783
0.4929249882698059
0.7539399862289429
0.48465099930763245
0.7633090019226074
0.4763759970664978
0.772678017616272
0.46810200810432434
0.7820469737052917
0.4598270058631897
0.7914159893989563
0.45155200362205505
0.800786018371582
0.44275400042533875
0.8096640110015869
0.43395501375198364
0.818543016910553
0.42515599727630615
0.827422022819519
0.41635701060295105
0.8363000154495239
0.40755799412727356
0.84517902135849
0.39875999093055725
0.854058027267456
0.38996100425720215
0.8629369735717773
0.38116198778152466
0.871815025806427
0.3788590133190155
0.8595290184020996
0.37655600905418396
0.8472430109977722
0.3742530047893524
0.8349570035934448
0.3719500005245209
0.8226709961891174
0.36964699625968933
0.81038498878479
0.3673439919948578
0.7980989813804626
0.36504098773002625
0.7858129739761353
0.3627380132675171
0.7735270261764526
0.35472801327705383
0.7639309763908386
0.3467170000076294
0.7543349862098694
0.33870700001716614
0.7447400093078613
0.3306959867477417
0.7351440191268921
0.32268500328063965
0.7255480289459229
0.3146750032901764
0.7159519791603088
0.30666399002075195
0.7063559889793396
0.2986539900302887
0.6967599987983704
0.2881210148334503
0.7034919857978821
0.27758899331092834
0.7102230191230774
0.2670559883117676
0.7169550061225891
0.256523996591568
0.7236869931221008
0.24599100649356842
0.7304180264472961
0.23545899987220764
0.7371500134468079
0.22492599487304688
0.7438820004463196
0.2143930047750473
0.7506139874458313
0.20582300424575806
0.7415140271186829
0.19725200533866882
0.7324150204658508
0.1886810064315796
0.7233160138130188
0.18010999262332916
0.7142170071601868
0.1715400069952011
0.7051180005073547
0.16296899318695068
0.6960189938545227
0.15439799427986145
0.6869199872016907
0.1458279937505722
0.6778209805488586
0.13332800567150116
0.6779729723930359
0.12082900106906891
0.6781250238418579
0.10832999646663666
0.6782770156860352
0.09583120048046112
0.6784300208091736
0.08333220332860947
0.6785820126533508
0.07083310186862946
0.6787340044975281
0.058334000408649445
0.6788859963417053
0.045834898948669434
0.6790379881858826
0.04793120175600052
0.6913610100746155
0.050027500838041306
0.7036839723587036
0.05212379992008209
0.7160069942474365
0.05422009900212288
0.7283300161361694
0.056316401809453964
0.7406529784202576
0.05841270089149475
0.7529760003089905
0.06050899997353554
0.7652990221977234
0.06260529905557632
0.7776219844818115
0.05996499955654144
0.7898399829864502
0.05732480064034462
0.8020579814910889
0.05468450114130974
0.8142759799957275
0.05204420164227486
0.8264939785003662
0.049403898417949677
0.8387119770050049
0.04676369950175285
0.8509299755096436
0.04412340000271797
0.8631479740142822
0.04148310050368309
0.8753659725189209
0.049448899924755096
0.8667140007019043
0.057414598762989044
0.8580629825592041
0.06538040190935135
0.8494120240211487
