0.18988800048828125
0.16296400129795074
0.2009039968252182
0.16887100040912628
0.21192100644111633
0.17477799952030182
0.22293700277805328
0.18068400025367737
0.23395299911499023
0.1865909993648529
0.24496999382972717
0.19249799847602844
0.2559860050678253
0.19840499758720398
0.2670019865036011
0.20431099832057953
0.2780190110206604
0.21021799743175507
0.2854610085487366
0.20017500221729279
0.29290398955345154
0.1901330053806305
0.3003470003604889
0.18008999526500702
0.30778899788856506
0.17004700005054474
0.3152320086956024
0.16000400483608246
0.3226749897003174
0.14996099472045898
0.33011698722839355
0.1399189978837967
0.3375599980354309
0.1298760026693344
0.3499790132045746
0.1312990039587021
0.3623969852924347
0.13272200524806976
0.37481600046157837
0.13414600491523743
0.38723498582839966
0.1355690062046051
0.39965298771858215
0.13699199259281158
0.41207200288772583
0.13841600716114044
0.4244909882545471
0.13983899354934692
0.4369089901447296
0.1412619948387146
0.44079500436782837
0.1531430035829544
0.44468000531196594
0.16502399742603302
0.4485650062561035
0.17690500617027283
0.4524500072002411
0.18878600001335144
0.45633500814437866
0.20066699385643005
0.46022000908851624
0.21254800260066986
0.4641050100326538
0.22442899644374847
0.4679900109767914
0.2363090068101883
0.47178399562835693
0.24821999669075012
0.47557899355888367
0.26012998819351196
0.4793730080127716
0.2720400094985962
0.48316800594329834
0.28395000100135803
0.4869630038738251
0.2958599925041199
0.4907569885253906
0.3077700138092041
0.49455198645591736
0.31968000531196594
0.4983460009098053
0.33159101009368896
0.5033249855041504
0.34305599331855774
0.5083039999008179
0.3545219898223877
0.5132820010185242
0.36598798632621765
0.5182610154151917
0.3774529993534088
0.5232399702072144
0.38891899585723877
0.5282179713249207
0.4003849923610687
0.5331969857215881
0.4118509888648987
0.5381760001182556
0.42331600189208984
0.5431550145149231
0.4347819983959198
0.548134982585907
0.44624701142311096
0.5531139969825745
0.4577130079269409
0.5580930113792419
0.4691779911518097
0.5630729794502258
0.48064300417900085
0.5680519938468933
0.4921090006828308
0.5730310082435608
0.503574013710022
0.5780109763145447
0.5150399804115295
0.5871180295944214
0.5236020088195801
0.5962250232696533
0.5321639776229858
0.6053329706192017
0.5407260060310364
0.6144400238990784
0.5492879748344421
0.6235470175743103
0.5578500032424927
0.6326540112495422
0.566411018371582
0.6417620182037354
0.5749729871749878
0.6508690118789673
0.5835350155830383
0.6612129807472229
0.5765179991722107
0.6715580224990845
0.5695009827613831
0.6819019913673401
0.562483012676239
0.6922469735145569
0.5554659962654114
0.7025910019874573
0.5484489798545837
0.7129359841346741
0.5414310097694397
0.7232800126075745
0.5344139933586121
0.7336239814758301
0.5273969769477844
0.7457789778709412
0.5303170084953308
0.7579330205917358
0.5332379937171936
0.7700870037078857
0.53615802526474
0.7822409868240356
0.5390790104866028
0.7943950295448303
0.5419989824295044
0.8065490126609802
0.544920027256012
0.8187029957771301
0.5478399991989136
0.83085697889328
0.5507599711418152
0.828590989112854
0.538532018661499
0.826324999332428
0.5263040065765381
0.8240600228309631
0.5140759944915771
0.8217939734458923
0.5018479824066162
0.8195279836654663
0.48962000012397766
0.8172619938850403
0.4773919880390167
0.8149970173835754
0.465162992477417
