0.04335629940032959
0.7071369886398315
0.054904498159885406
0.711920976638794
0.06645269691944122
0.7167050242424011
0.07800090312957764
0.7214890122413635
0.08954910188913345
0.7262740135192871
0.1010970026254654
0.7310580015182495
0.11264500021934509
0.7358419895172119
0.12419400364160538
0.7406269907951355
0.13574199378490448
0.7454109787940979
0.14563000202178955
0.7377640008926392
0.15551799535751343
0.7301170229911804
0.1654060035943985
0.7224699854850769
0.17529499530792236
0.7148240208625793
0.18518300354480743
0.7071769833564758
0.1950709968805313
0.6995300054550171
0.20495900511741638
0.6918830275535583
0.21484799683094025
0.6842359900474548
0.21483199298381805
0.6717360019683838
0.21481600403785706
0.6592370271682739
0.21480000019073486
0.6467369794845581
0.21478399634361267
0.6342369914054871
0.21476800739765167
0.621737003326416
0.21475200355052948
0.609237015247345
0.2147359997034073
0.5967370271682739
0.2147199958562851
0.5842369794845581
0.22488099336624146
0.5769559741020203
0.235042005777359
0.5696750283241272
0.24520300328731537
0.5623949766159058
0.25536400079727173
0.5551139712333679
0.2655239999294281
0.5478339791297913
0.27568501234054565
0.5405529737472534
0.2858459949493408
0.5332729816436768
0.2960070073604584
0.5259919762611389
0.28928399085998535
0.5154539942741394
0.2825610041618347
0.5049160122871399
0.2758370041847229
0.494378000497818
0.2691139876842499
0.4838399887084961
0.26239100098609924
0.4733020067214966
0.2556680142879486
0.4627639949321747
0.2489439994096756
0.45222601294517517
0.24222099781036377
0.44168800115585327
0.24301199615001678
0.4292129874229431
0.2438019961118698
0.41673800349235535
0.24459299445152283
0.4042629897594452
0.24538299441337585
0.3917880058288574
0.24617299437522888
0.37931400537490845
0.2469639927148819
0.3668389916419983
0.24775399267673492
0.3543640077114105
0.24854500591754913
0.34188899397850037
0.2516140043735504
0.3297710120677948
0.2546840012073517
0.317654013633728
0.25775301456451416
0.30553698539733887
0.26082301139831543
0.2934199869632721
0.2638919949531555
0.28130200505256653
0.2669619917869568
0.26918500661849976
0.27003198862075806
0.257068008184433
0.27310100197792053
0.24495099484920502
0.285317987203598
0.2423029989004135
0.2975339889526367
0.239656001329422
0.3097510039806366
0.23700900375843048
0.3219670057296753
0.23436200618743896
0.3341839909553528
0.23171499371528625
0.3463999927043915
0.22906799614429474
0.35861700773239136
0.22642099857330322
0.37083300948143005
0.2237740010023117
0.38288798928260803
0.22046799957752228
0.3949429988861084
0.21716199815273285
0.40699800848960876
0.21385599672794342
0.41905298829078674
0.210549995303154
0.4311070144176483
0.20724299550056458
0.4431619942188263
0.20393699407577515
0.45521700382232666
0.20063099265098572
0.467272013425827
0.19732500612735748
0.4735339879989624
0.20814299583435059
0.47979599237442017
0.21896199882030487
0.48605799674987793
0.22978000342845917
0.4923210144042969
0.24059799313545227
0.49858298897743225
0.25141701102256775
0.5048450231552124
0.26223498582839966
0.5111070275306702
0.27305299043655396
0.5173689723014832
0.28387200832366943
0.5215650200843811
0.2956460118293762
0.5257610082626343
0.3074209988117218
0.5299569964408875
0.3191959857940674
0.5341529846191406
0.33096998929977417
0.5383489727973938
0.34274500608444214
0.5425459742546082
0.3545199930667877
0.5467420220375061
0.3662939965724945
0.5509380102157593
0.3780690133571625
0.557703971862793
0.38857999444007874
0.5644699931144714
0.3990899920463562
0.5712360143661499
0.40960100293159485
0.5780010223388672
0.4201110005378723
0.5847669839859009
0.43062201142311096
0.5915330052375793
0.4411320090293884
0.5982990264892578
0.4516429901123047
0.6050649881362915
0.46215400099754333
0.613968014717102
0.47092801332473755
0.6228709816932678
0.4797019958496094
0.6317729949951172
0.4884769916534424
0.6406760215759277
0.4972510039806366
0.6495789885520935
0.506026029586792
0.658482015132904
0.5148000121116638
0.6673840284347534
0.5235750079154968
0.6762869954109192
0.5323489904403687
0.6886439919471741
0.5342329740524292
0.7010020017623901
0.5361160039901733
0.713358998298645
0.5379989743232727
0.7257159948348999
0.5398820042610168
0.738074004650116
0.5417659878730774
0.7504310011863708
0.5436490178108215
0.7627879977226257
0.5455319881439209
0.7751460075378418
0.5474159717559814
0.7814639806747437
0.558201014995575
0.7877830266952515
0.5689870119094849
0.7941009998321533
0.5797719955444336
0.8004189729690552
0.5905579924583435
0.806738018989563
0.6013429760932922
0.8130559921264648
0.6121289730072021
0.8193749785423279
0.6229140162467957
0.8256930112838745
0.6337000131607056
0.8361719846725464
0.6244819760322571
0.8466519713401794
0.6152639985084534
0.8571310043334961
0.6060469746589661
0.867609977722168
0.5968289971351624
0.8780900239944458
0.587611973285675
