0.49215900897979736
0.7551530003547668
0.48533299565315247
0.765625
0.47850701212882996
0.7760969996452332
0.47168099880218506
0.7865689992904663
0.46485498547554016
0.7970399856567383
0.45802998542785645
0.8075119853019714
0.45120400190353394
0.8179839849472046
0.44437798857688904
0.8284549713134766
0.43755200505256653
0.8389269709587097
0.43278899788856506
0.8504840135574341
0.4280270040035248
0.8620420098304749
0.4232650101184845
0.8735989928245544
0.4185029864311218
0.885155975818634
0.41374000906944275
0.8967139720916748
0.4089779853820801
0.9082710146903992
0.4042159914970398
0.9198279976844788
0.3994530141353607
0.9313849806785583
0.3869880139827728
0.93231600522995
0.37452301383018494
0.9332460165023804
0.36205700039863586
0.9341769814491272
0.349592000246048
0.9351069927215576
0.3371270000934601
0.936037003993988
0.324660986661911
0.9369680285453796
0.3121959865093231
0.9378979802131653
0.29973098635673523
0.9388290047645569
0.2936739921569824
0.9278939962387085
0.2876169979572296
0.9169600009918213
0.2815600037574768
0.9060249924659729
0.275503009557724
0.8950909972190857
0.2694459855556488
0.8841559886932373
0.263388991355896
0.8732219934463501
0.2573319971561432
0.8622869849205017
0.2512750029563904
0.8513529896736145
0.24811799824237823
0.8392580151557922
0.2449599951505661
0.8271629810333252
0.24180300533771515
0.8150680065155029
0.238646000623703
0.8029739856719971
0.23548799753189087
0.7908790111541748
0.23233099281787872
0.7787839770317078
0.22917400300502777
0.7666900157928467
0.22601599991321564
0.7545949816703796
0.22806799411773682
0.742264986038208
0.2301190048456192
0.7299339771270752
0.23217099905014038
0.7176039814949036
0.23422199487686157
0.7052729725837708
0.23627300560474396
0.6929420232772827
0.23832499980926514
0.6806120276451111
0.24037599563598633
0.6682810187339783
0.2424270063638687
0.6559510231018066
0.2380490005016327
0.6442430019378662
0.23366999626159668
0.6325349807739258
0.22929200530052185
0.6208270192146301
0.22491300106048584
0.6091189980506897
0.22053399682044983
0.5974109768867493
0.216156005859375
0.5857030153274536
0.211777001619339
0.5739949941635132
0.20739899575710297
0.5622869729995728
0.21376599371433258
0.5515300035476685
0.22013400495052338
0.5407739877700806
0.22650200128555298
0.5300170183181763
0.23286999762058258
0.5192610025405884
0.23923799395561218
0.5085049867630005
0.245605006814003
0.4977479875087738
0.2519730031490326
0.4869920015335083
0.2583410143852234
0.4762350022792816
0.2692610025405884
0.47015100717544556
0.2801800072193146
0.4640670120716095
0.29109999537467957
0.45798400044441223
0.30201900005340576
0.45190000534057617
0.31293898820877075
0.4458160102367401
0.32385799288749695
0.43973198533058167
0.3347780108451843
0.4336479902267456
0.34569698572158813
0.42756399512290955
0.35553601384162903
0.43527400493621826
0.36537399888038635
0.44298499822616577
0.37521299719810486
0.4506959915161133
0.38505101203918457
0.458406001329422
0.3948900103569031
0.4661169946193695
0.4047290086746216
0.4738270044326782
0.4145669937133789
0.48153799772262573
0.4244059920310974
0.48924800753593445
0.4250810146331787
0.5017300248146057
0.4257560074329376
0.5142120122909546
0.42643100023269653
0.5266939997673035
0.42710599303245544
0.5391749739646912
0.42778098583221436
0.5516570210456848
0.42845600843429565
0.5641390085220337
0.42913201451301575
0.5766209959983826
0.42980700731277466
0.589102029800415
0.439985990524292
0.5951390266418457
0.4501650035381317
0.6011769771575928
