0.3056440055370331
0.5866900086402893
0.30309298634529114
0.5744529962539673
0.3005419969558716
0.5622159838676453
0.297991007566452
0.5499789714813232
0.2954399883747101
0.537742018699646
0.2928889989852905
0.525505006313324
0.29033800959587097
0.513267993927002
0.28778699040412903
0.5010309815406799
0.2852360010147095
0.4887939989566803
0.27973100543022156
0.4775719940662384
0.27422499656677246
0.4663499891757965
0.26872000098228455
0.4551270008087158
0.26321399211883545
0.4439049959182739
0.25770899653434753
0.43268299102783203
0.25220298767089844
0.42146098613739014
0.24669800698757172
0.41023799777030945
0.24119199812412262
0.39901599287986755
0.23720300197601318
0.3871699869632721
0.23321400582790375
0.37532299757003784
0.2292259931564331
0.3634769916534424
0.22523699700832367
0.35163000226020813
0.22124800086021423
0.33978399634361267
0.2172590047121048
0.3279370069503784
0.21326999366283417
0.31609100103378296
0.20928099751472473
0.3042449951171875
0.22038400173187256
0.29850199818611145
0.23148700594902039
0.2927600145339966
0.24258999526500702
0.2870180010795593
0.25369301438331604
0.2812750041484833
0.2647959887981415
0.275532990694046
0.2758989930152893
0.26979100704193115
0.28700101375579834
0.2640480101108551
0.2981039881706238
0.25830599665641785
0.3102790117263794
0.25547298789024353
0.3224540054798126
0.2526389956474304
0.33462798595428467
0.2498060017824173
0.3468030095100403
0.24697299301624298
0.3589780032634735
0.24413999915122986
0.37115201354026794
0.24130600690841675
0.38332700729370117
0.23847299814224243
0.3955020010471344
0.2356400042772293
0.3945150077342987
0.24810099601745605
0.39352700114250183
0.2605609893798828
0.39254000782966614
0.27302199602127075
0.39155301451683044
0.2854830026626587
0.39056599140167236
0.29794400930404663
0.38957899808883667
0.3104049861431122
0.388592004776001
0.3228659927845001
0.3876050114631653
0.33532699942588806
0.3981969952583313
0.341964989900589
0.4087879955768585
0.3486030101776123
0.4193800091743469
0.35524100065231323
0.42997199296951294
0.36187899112701416
0.44056400656700134
0.3685170114040375
0.45115599036216736
0.3751550018787384
0.46174800395965576
0.38179299235343933
0.472339004278183
0.38843101263046265
0.4822179973125458
0.3960910141468048
0.4920960068702698
0.4037509858608246
0.5019739866256714
0.41141000390052795
0.5118529796600342
0.4190700054168701
0.5217310190200806
0.4267289936542511
0.5316089987754822
0.43438899517059326
0.5414869785308838
0.4420489966869354
0.5513659715652466
0.4497080147266388
0.5619400143623352
0.4430429935455322
0.5725150108337402
0.43637698888778687
0.5830889940261841
0.4297119975090027
0.5936639904975891
0.4230459928512573
0.604237973690033
0.41637998819351196
0.6148130297660828
0.4097149968147278
0.6253870129585266
0.4030489921569824
0.6359620094299316
0.39638400077819824
0.6428859829902649
0.38597699999809265
0.6498110294342041
0.37556999921798706
0.6567350029945374
0.36516401171684265
0.6636599898338318
0.35475701093673706
0.6705849766731262
0.34435001015663147
0.6775090098381042
0.3339430093765259
0.6844339966773987
0.3235369920730591
0.6913589835166931
0.3131299912929535
0.7016130089759827
0.32027900218963623
0.7118669748306274
0.3274269998073578
0.722121000289917
0.3345760107040405
0.7323750257492065
0.3417249917984009
0.7426289916038513
0.3488740026950836
0.7528830170631409
0.3560220003128052
0.7631369829177856
0.3631710112094879
0.7733910083770752
0.37031999230384827
0.7840920090675354
0.36385899782180786
0.7947930097579956
0.35739898681640625
0.8054940104484558
0.35093799233436584
0.816195011138916
0.34447699785232544
0.8268960118293762
0.33801698684692383
0.8375970125198364
0.3315559923648834
0.8482980132102966
0.3250960111618042
0.8589990139007568
0.3186349868774414
