0.10414200276136398
0.4091239869594574
0.1164499968290329
0.4069409966468811
0.1287579983472824
0.40475699305534363
0.14106500148773193
0.40257400274276733
0.15337300300598145
0.40038999915122986
0.16568100452423096
0.39820700883865356
0.17798900604248047
0.3960239887237549
0.1902969926595688
0.3938399851322174
0.2026049941778183
0.3916569948196411
0.21371300518512726
0.3859249949455261
0.22482100129127502
0.38019299507141113
0.2359289973974228
0.37446099519729614
0.24703800678253174
0.36872801184654236
0.2581459879875183
0.36299601197242737
0.26925399899482727
0.3572640120983124
0.28036201000213623
0.3515320122241974
0.291471004486084
0.3458000123500824
0.2949160039424896
0.35781601071357727
0.29836100339889526
0.36983200907707214
0.3018060028553009
0.381848007440567
0.30525198578834534
0.3938640058040619
0.308696985244751
0.4058789908885956
0.312142014503479
0.41789498925209045
0.31558701395988464
0.4299109876155853
0.3190329968929291
0.4419269859790802
0.3265039920806885
0.43004798889160156
0.33397600054740906
0.41816800832748413
0.34144800901412964
0.4062890112400055
0.34891900420188904
0.39441001415252686
