0.6377279758453369
0.6514319777488708
0.6391289830207825
0.6638540029525757
0.6405289769172668
0.6762750148773193
0.6419299840927124
0.688696026802063
0.6433299779891968
0.701117992401123
0.6447309851646423
0.7135390043258667
0.6461309790611267
0.7259600162506104
0.6475319862365723
0.738381028175354
0.6489319801330566
0.7508029937744141
0.6627910137176514
0.7522050142288208
0.6766499876976013
0.7536060214042664
0.6905099749565125
0.7550079822540283
0.7043690085411072
0.7564100027084351
0.7182279825210571
0.7578120231628418
0.7320870161056519
0.7592139840126038
