0.5711100101470947
0.26026201248168945
0.574176013469696
0.2723810076713562
0.5772410035133362
0.28449898958206177
0.5803059935569763
0.2966170012950897
0.5833709836006165
0.30873599648475647
0.5864369869232178
0.3208540081977844
0.5895019769668579
0.33297199010849
0.5925670266151428
0.34509098529815674
0.595632016658783
0.3572089970111847
0.5974310040473938
0.3695789873600006
0.5992289781570435
0.3819490075111389
0.6010270118713379
0.39431899785995483
0.6028249859809875
0.40668898820877075
0.604623019695282
0.41905900835990906
0.6064209938049316
0.431428998708725
0.6082190275192261
0.4437989890575409
0.6100180149078369
0.4561690092086792
0.6113799810409546
0.4685949981212616
0.6127409934997559
0.4810200035572052
0.6141030192375183
0.4934459924697876
0.615464985370636
0.5058709979057312
0.6168270111083984
0.518297016620636
0.6181889772415161
0.530722975730896
0.6195510029792786
0.5431479811668396
0.620913028717041
0.5555739998817444
0.6234769821166992
0.5678079724311829
0.6260409951210022
0.5800420045852661
0.6286050081253052
0.5922759771347046
0.6311690211296082
0.604511022567749
0.6337329745292664
0.6167449951171875
0.6362969875335693
0.6289790272712708
0.6388610005378723
0.6412129998207092
0.6414250135421753
0.6534469723701477
0.6543660163879395
0.6515300273895264
0.6673070192337036
0.6496120095252991
0.6802480220794678
0.6476939916610718
0.6931890249252319
0.6457759737968445
0.7061290144920349
0.6438590288162231
