0.8892769813537598
0.4311259984970093
0.8770149946212769
0.43355199694633484
0.8647519946098328
0.4359790086746216
0.8524900078773499
0.43840500712394714
0.8402280211448669
0.4408310055732727
0.8279650211334229
0.44325700402259827
0.8157029747962952
0.44568300247192383
0.8034409880638123
0.44811001420021057
0.7911790013313293
0.45053601264953613
0.7790049910545349
0.4533750116825104
0.7668319940567017
0.4562149941921234
0.7546589970588684
0.45905500650405884
0.7424860000610352
0.4618949890136719
0.7303130030632019
0.4647350013256073
0.7181400060653687
0.46757400035858154
0.7059659957885742
0.47041401267051697
0.693792998790741
0.47325399518013
0.6816229820251465
0.47040098905563354
0.6694530248641968
0.46754899621009827
0.6572830080986023
0.4646959900856018
0.6451129913330078
0.46184399724006653
0.6329420208930969
0.45899099111557007
0.6207720041275024
0.4561389982700348
0.608601987361908
0.45328599214553833
0.5964319705963135
0.45043399930000305
0.5840200185775757
0.4489539861679077
0.5716080069541931
0.44747400283813477
0.5591959953308105
0.44599398970603943
0.546783983707428
0.4445140063762665
0.5343719720840454
0.44303399324417114
0.5219590067863464
0.4415540099143982
0.5095469951629639
0.44007399678230286
0.4971350133419037
0.4385940134525299
0.4939180016517639
0.4254840016365051
0.49070000648498535
0.41237500309944153
