0.8610780239105225
0.6260280013084412
0.8712959885597229
0.6188290119171143
0.8815150260925293
0.6116290092468262
0.8917329907417297
0.6044300198554993
0.9019520282745361
0.5972300171852112
0.9121699929237366
0.5900310277938843
0.9223889708518982
0.5828310251235962
0.9326069951057434
0.5756319761276245
0.942825973033905
0.5684319734573364
0.9303330183029175
0.5680069923400879
0.9178400039672852
0.5675820112228394
0.9053469896316528
0.567156970500946
0.8928549885749817
0.5667319893836975
0.8803619742393494
0.566307008266449
0.8678690195083618
0.5658820271492004
0.8553760051727295
0.5654569864273071
0.8428840041160583
0.5650320053100586
0.8502870202064514
0.5549600124359131
0.8576899766921997
0.5448880195617676
0.865094006061554
0.5348169803619385
0.872497022151947
0.524744987487793
0.8799009919166565
0.5146729946136475
0.8873040080070496
0.504601001739502
0.8947070240974426
0.49452999234199524
0.9021109938621521
0.48445799946784973
0.8913969993591309
0.47801798582077026
0.8806840181350708
0.4715780019760132
0.8699700236320496
0.4651379883289337
0.8592569828033447
0.45869898796081543
0.8485429883003235
0.45225900411605835
0.8378300070762634
0.4458189904689789
0.8271160125732422
0.4393790066242218
0.8164029717445374
0.43293899297714233
0.8285589814186096
0.4300279915332794
0.8407149910926819
0.4271160066127777
0.8528720140457153
0.4242050051689148
0.8650280237197876
0.4212940037250519
0.8771839737892151
0.4183819890022278
0.8893399834632874
0.41547098755836487
0.9014970064163208
0.41255998611450195
0.9136530160903931
0.40964800119400024
0.9071440100669861
0.39724698662757874
0.9006339907646179
0.38484498858451843
0.8941249847412109
0.3724440038204193
0.887615978717804
0.360042005777359
0.8811060190200806
0.3476409912109375
0.8745970129966736
0.3352389931678772
