0.7196059823036194
0.30231499671936035
0.7176300287246704
0.314657986164093
0.7156530022621155
0.32700100541114807
0.7136769890785217
0.33934301137924194
0.7117000222206116
0.3516860008239746
0.7097240090370178
0.3640289902687073
0.7077469825744629
0.37637200951576233
0.7057710289955139
0.3887139856815338
0.703794002532959
0.40105700492858887
0.7025160193443298
0.41349199414253235
0.7012389898300171
0.42592599987983704
0.6999610066413879
0.4383609890937805
0.6986830234527588
0.4507949948310852
0.697405993938446
0.4632300138473511
0.6961280107498169
0.4756639897823334
0.6948500275611877
0.48809900879859924
0.6935719847679138
0.5005329847335815
0.6835119724273682
0.4971410036087036
0.6734510064125061
0.4937480092048645
