0.03907030075788498
0.1827249974012375
0.04917389899492264
0.19008399546146393
0.059277601540088654
0.19744400680065155
0.06938119977712631
0.20480400323867798
0.07948479801416397
0.2121639996767044
0.08958840370178223
0.21952399611473083
0.09969209879636765
0.22688299417495728
0.10979600250720978
0.2342430055141449
0.11989899724721909
0.24160300195217133
0.13217100501060486
0.24398000538349152
0.14444300532341003
0.24635599553585052
0.1567150056362152
0.24873299896717072
0.16898700594902039
0.2511090040206909
0.18125900626182556
0.2534860074520111
0.19353100657463074
0.2558619976043701
0.2058030068874359
0.2582390010356903
0.2180750072002411
0.2606149911880493
0.22192400693893433
0.27250799536705017
0.22577300667762756
0.284400999546051
0.2296220064163208
0.2962940037250519
0.23346999287605286
0.30818599462509155
0.2373189926147461
0.3200789988040924
0.24116800725460052
0.33197200298309326
0.24501700699329376
0.34386399388313293
0.24886499345302582
0.3557569980621338
0.2613089978694916
0.3545739948749542
0.27375298738479614
0.35339099168777466
0.2861970067024231
0.3522079885005951
0.29864099621772766
0.3510259985923767
0.3110849857330322
0.34984299540519714
0.3235290050506592
0.3486599922180176
0.33597299456596375
0.347476989030838
0.3484170138835907
0.34629398584365845
0.33737799525260925
0.3404279947280884
0.326339989900589
0.3345620036125183
0.3153020143508911
0.32869601249694824
0.30426400899887085
0.3228299915790558
0.2932260036468506
0.3169640004634857
0.2821879982948303
0.31109800934791565
0.27114999294281006
0.3052319884300232
0.260111004114151
0.2993659973144531
0.26999199390411377
0.2917099893093109
0.2798730134963989
0.2840540111064911
0.2897540032863617
0.2763969898223877
0.29963499307632446
0.26874101161956787
0.3095160126686096
0.26108500361442566
0.3193959891796112
0.25342801213264465
0.32927700877189636
0.24577200412750244
0.33915799856185913
0.23811599612236023
0.34238201379776
0.2501929998397827
0.3456059992313385
0.2622700035572052
0.3488300144672394
0.2743470072746277
0.35205399990081787
0.28642401099205017
0.35527899861335754
0.29850101470947266
0.3585030138492584
0.31057798862457275
0.3617269992828369
0.32265499234199524
0.3649510145187378
0.3347319960594177
0.37745100259780884
0.3347510099411011
0.3899509906768799
0.33476999402046204
0.4024510085582733
0.3347890079021454
0.41495099663734436
0.33480799198150635
0.4274510145187378
0.3348259925842285
0.43995100259780884
0.33484500646591187
0.4524509906768799
0.3348639905452728
0.4649510085582733
0.3348830044269562
0.4740639925003052
0.3434390127658844
0.4831770062446594
0.35199400782585144
0.49229100346565247
0.3605499863624573
0.5014039874076843
0.3691050112247467
0.5105170011520386
0.37766098976135254
0.5196300148963928
0.38621699810028076
0.5287439823150635
0.3947719931602478
0.5378569960594177
0.403328001499176
0.5474089980125427
0.4113900065422058
0.5569620132446289
0.4194529950618744
0.5665140151977539
0.4275150001049042
0.5760660171508789
0.43557798862457275
0.5856189727783203
0.44363999366760254
0.5951709747314453
0.4517019987106323
0.6047229766845703
0.4597649872303009
0.6142759919166565
0.4678269922733307
0.6267300248146057
0.46889999508857727
0.639182984828949
0.46997299790382385
0.6516370177268982
0.47104600071907043
0.6640909910202026
0.472119003534317
0.6765450239181519
0.4731909930706024
0.6889989972114563
0.474263995885849
0.7014529705047607
0.4753369987010956
0.71390700340271
0.47641000151634216
0.7227720022201538
0.4852229952812195
0.7316359877586365
0.494035005569458
0.7405009865760803
0.5028480291366577
0.7493659853935242
0.5116609930992126
0.758230984210968
0.5204740166664124
0.7670950293540955
0.5292869806289673
0.7759600281715393
0.5380989909172058
0.7848250269889832
0.5469120144844055
0.7901139855384827
0.5582380294799805
0.7954019904136658
0.5695639848709106
0.8006910085678101
0.5808899998664856
0.8059800267219543
0.5922170281410217
0.8112679719924927
0.6035429835319519
0.816556990146637
0.6148689985275269
0.8218460083007812
0.6261950135231018
0.8271350264549255
0.6375210285186768
0.8396239876747131
0.637008011341095
0.8521140217781067
0.6364960074424744
0.8646029829978943
0.6359829902648926
0.8770930171012878
0.6354699730873108
0.8895819783210754
0.634958028793335
0.9020709991455078
0.6344450116157532
0.9145609736442566
0.6339330077171326
0.927049994468689
0.6334199905395508
0.9249259829521179
0.6195780038833618
0.9228010177612305
0.6057350039482117
0.9206770062446594
0.5918930172920227
0.9185529947280884
0.578050971031189
0.9164280295372009
0.5642079710960388
