0.7328760027885437
0.28767699003219604
0.7215080261230469
0.2928749918937683
0.7101399898529053
0.2980729937553406
0.6987720131874084
0.30327001214027405
0.6874039769172668
0.3084680140018463
0.67603600025177
0.3136659860610962
0.6646680235862732
0.31886398792266846
0.6532999873161316
0.3240619897842407
0.6419320106506348
0.329259991645813
0.6296769976615906
0.32679998874664307
0.6174209713935852
0.32433998584747314
0.6051660180091858
0.32187899947166443
0.5929099917411804
0.3194189965724945
0.5806549787521362
0.3169589936733246
0.5683990120887756
0.31449899077415466
0.5561439990997314
0.31203800439834595
0.5438879728317261
0.309578001499176
0.5315049886703491
0.3078779876232147
0.519120991230011
0.3061780035495758
0.5067369937896729
0.3044770061969757
0.4943529963493347
0.3027769923210144
0.4819689989089966
0.3010770082473755
0.46958500146865845
0.2993760108947754
0.4572019875049591
0.2976759970188141
0.44481799006462097
0.29597601294517517
0.4346129894256592
0.3031949996948242
0.42440900206565857
0.31041398644447327
0.4142040014266968
0.3176330029964447
0.403999000787735
0.32485198974609375
0.3937940001487732
0.3320710062980652
0.3835900127887726
0.33928999304771423
0.3733850121498108
0.34650900959968567
0.363180011510849
0.3537279963493347
0.364980012178421
0.3462649881839752
