0.727787971496582
0.6305040121078491
0.7193679809570312
0.6212649941444397
0.7109479904174805
0.6120269894599915
0.7025279998779297
0.602787971496582
0.6941080093383789
0.5935490131378174
0.6856880187988281
0.5843110084533691
0.6772680282592773
0.5750719904899597
0.6688479781150818
0.5658329725265503
0.660427987575531
0.5565950274467468
0.6479399800300598
0.557142972946167
0.6354519724845886
0.5576919913291931
0.6229640245437622
0.5582399964332581
0.610476016998291
0.5587890148162842
0.5979880094528198
0.5593370199203491
0.5855000019073486
0.5598859786987305
0.5730119943618774
0.5604339838027954
0.5605239868164062
0.5609830021858215
0.5661420226097107
0.5498160123825073
0.5717599987983704
0.5386499762535095
0.57737797498703
0.5274829864501953
0.5829949975013733
0.5163170099258423
0.588612973690033
0.5051500201225281
0.5942310094833374
0.49398401379585266
0.5998489856719971
0.48281699419021606
0.6054660081863403
0.47165098786354065
0.6155160069465637
0.4790840148925781
0.6255649924278259
0.486517995595932
0.6356149911880493
0.4939520061016083
0.6456639766693115
0.501384973526001
0.6557139754295349
0.5088189840316772
0.6657630205154419
0.5162519812583923
0.6758130192756653
0.5236859917640686
0.6858620047569275
0.5311200022697449
0.6974689960479736
0.5357589721679688
0.7090759873390198
0.5403980016708374
0.7206839919090271
0.5450379848480225
0.7322909832000732
0.5496770143508911
0.7438979744911194
0.5543169975280762
0.7555050253868103
0.5589560270309448
0.7671120166778564
0.5635949969291687
0.7787190079689026
0.5682349801063538
0.7911499738693237
0.569553017616272
0.8035799860954285
0.5708709955215454
0.8160099983215332
0.5721889734268188
0.8284410238265991
0.5735070109367371
0.8408709764480591
0.5748249888420105
0.8533009886741638
0.5761430263519287
0.8657320141792297
0.5774610042572021
0.8781620264053345
0.5787789821624756
0.8774189949035645
0.5663009881973267
0.8766769766807556
0.5538229942321777
0.8759340047836304
0.5413450002670288
0.8751909732818604
0.5288670063018799
0.8744480013847351
0.516389012336731
0.8737059831619263
0.503911018371582
0.872963011264801
0.4914329946041107
0.872219979763031
0.4789550006389618
0.8780419826507568
0.4678939878940582
0.8838629722595215
0.45683199167251587
0.8896849751472473
0.4457699954509735
0.8955060243606567
0.43470901250839233
0.9013280272483826
0.4236469864845276
0.9071490168571472
0.41258499026298523
0.912971019744873
0.40152400732040405
0.9187920093536377
0.3904620110988617
0.924140989780426
0.3791640102863312
0.9294899702072144
0.36786600947380066
0.9348379969596863
0.35656800866127014
0.9401869773864746
0.3452709913253784
0.9455360174179077
0.3339729905128479
0.950884997844696
0.3226749897003174
0.956233024597168
0.31137698888778687
0.9615820050239563
0.30007898807525635
0.9503610134124756
0.29457101225852966
0.9391400218009949
0.2890630066394806
0.9279189705848694
0.28355398774147034
0.9166979789733887
0.27804601192474365
0.9054780006408691
0.2725380063056946
0.8942570090293884
0.2670289874076843
0.8830360174179077
0.26152101159095764
0.871815025806427
0.25601300597190857
0.8827670216560364
0.24998800456523895
0.8937199711799622
0.24396300315856934
0.9046720266342163
0.2379390001296997
0.9156240224838257
0.2319139987230301
0.9265769720077515
0.22588999569416046
0.9375290274620056
0.21986499428749084
0.9484819769859314
0.2138410061597824
0.9594339728355408
0.2078160047531128
0.9544500112533569
0.2192090004682541
0.9494659900665283
0.2306009978055954
0.9444820284843445
0.2419939935207367
