0.386368989944458
0.4022589921951294
0.3777010142803192
0.3932519853115082
0.36903300881385803
0.38424599170684814
0.36036500334739685
0.3752390146255493
0.35169699788093567
0.3662329912185669
0.3430289924144745
0.35722699761390686
0.3343609869480133
0.34821999073028564
0.3256930112838745
0.3392139971256256
0.31702500581741333
0.3302069902420044
0.3044700026512146
0.3349370062351227
0.29191601276397705
0.3396660089492798
0.2793610095977783
0.3443950116634369
0.2668069899082184
0.3491249978542328
0.25425198674201965
0.3538540005683899
0.2416979968547821
0.3585839867591858
