0.5350170135498047
0.1558550000190735
0.5342890024185181
0.1683340072631836
0.5335609912872314
0.18081200122833252
0.5328329801559448
0.19329099357128143
0.532105028629303
0.20577000081539154
0.5313770174980164
0.21824899315834045
0.5306490063667297
0.23072700202465057
0.5299209952354431
0.2432059943675995
0.5291929841041565
0.2556850016117096
0.5290070176124573
0.26818400621414185
0.5288199782371521
0.2806819975376129
0.5286329984664917
0.29318100214004517
0.5284460186958313
0.30567899346351624
0.5282589793205261
0.3181779980659485
0.5280730128288269
0.33067700266838074
0.5278859734535217
0.3431749939918518
0.5276989936828613
0.35567399859428406
0.5280029773712158
0.36816999316215515
0.5283060073852539
0.38066598773002625
0.5286099910736084
0.3931629955768585
0.5289139747619629
0.4056589901447296
0.529217004776001
0.4181550145149231
0.5295209884643555
0.430651992559433
0.5298240184783936
0.4431479871273041
0.530128002166748
0.45564401149749756
0.5299879908561707
0.4681439995765686
0.5298489928245544
0.48064300417900085
0.529708981513977
0.4931420087814331
0.5295689702033997
0.505640983581543
0.529429018497467
0.5181400179862976
0.5292900204658508
0.5306400060653687
0.5291500091552734
0.5431389808654785
0.529009997844696
0.5556380152702332
0.5294979810714722
0.5681290030479431
0.5299850106239319
0.5806189775466919
0.5304719805717468
0.5931100249290466
0.5309590101242065
0.6055999994277954
0.5314469933509827
0.6180909872055054
0.5319340229034424
0.6305810213088989
0.5324209928512573
0.6430720090866089
0.532908022403717
0.6555619835853577
0.5337839722633362
0.6680309772491455
0.5346590280532837
0.6805009841918945
0.5355340242385864
0.6929699778556824
0.5364099740982056
0.7054389715194702
0.5372849702835083
0.7179089784622192
0.5381600260734558
0.7303779721260071
0.539035975933075
0.7428470253944397
0.5399109721183777
0.755316972732544
0.539454996585846
0.7678080201148987
0.5389990210533142
0.7803000211715698
0.5385429859161377
0.792792022228241
0.538087010383606
0.8052830100059509
0.5376309752464294
0.8177750110626221
0.5371760129928589
0.8302670121192932
0.5367199778556824
0.8427579998970032
0.5362640023231506
0.8552500009536743
0.5236049890518188
0.8580830097198486
0.5109469890594482
0.860916018486023
0.49828898906707764
0.8637490272521973
0.48563098907470703
0.8665819764137268
0.47297200560569763
0.8694149851799011
0.460314005613327
0.8722479939460754
