0.24492399394512177
0.25853198766708374
0.23882000148296356
0.2476229965686798
0.23271599411964417
0.23671500384807587
0.22661200165748596
0.22580699622631073
0.22050799429416656
0.2148990035057068
0.21440400183200836
0.20398999750614166
0.20829999446868896
0.19308200478553772
0.20219600200653076
0.18217399716377258
0.19609199464321136
0.17126600444316864
0.18603500723838806
0.16384099423885345
0.17597900331020355
0.15641699731349945
0.16592299938201904
0.14899300038814545
0.15586599707603455
0.14156800508499146
0.14580999314785004
0.13414399325847626
0.13575400412082672
0.12671999633312225
0.12569700181484222
0.11929500102996826
0.11564099788665771
0.11187099665403366
0.12733399868011475
0.11628899723291397
0.13902699947357178
0.12070800364017487
0.1507200002670288
0.12512600421905518
0.16241300106048584
0.12954500317573547
0.17410600185394287
0.13396300375461578
0.1857990026473999
0.1383810043334961
0.19749300181865692
0.1428000032901764
0.20918600261211395
0.1472180038690567
0.1970759928226471
0.1413930058479309
0.18496599793434143
0.13556799292564392
