0.6218180060386658
0.6964079737663269
0.6312270164489746
0.6881790161132812
0.6406360268592834
0.6799499988555908
0.6500449776649475
0.671720027923584
0.6594539880752563
0.6634910106658936
0.6688629984855652
0.6552619934082031
0.678272008895874
0.6470329761505127
0.6876810193061829
0.6388030052185059
0.6970900297164917
0.6305739879608154
0.7080339789390564
0.6245350241661072
0.718979001045227
0.6184960007667542
0.7299230098724365
0.6124569773674011
0.7408679723739624
0.6064180135726929
0.7518119812011719
0.600380003452301
0.7627570033073425
0.594340980052948
0.773701012134552
0.5883020162582397
0.7846459746360779
0.5822629928588867
0.7721830010414124
0.5832250118255615
0.7597200274467468
0.5841879844665527
0.7472569942474365
0.5851500034332275
0.734794020652771
0.5861129760742188
0.7223309874534607
0.5870749950408936
0.7098680138587952
0.5880380272865295
0.6974049806594849
0.5889999866485596
0.6849420070648193
0.5899630188941956
0.6818600296974182
0.5778489708900452
0.6787779927253723
0.5657349824905396
0.6756960153579712
0.5536209940910339
0.6726130247116089
0.5415070056915283
0.669530987739563
0.5293930172920227
0.6664490103721619
0.5172790288925171
0.663366973400116
0.5051649808883667
0.6602839827537537
0.4930509924888611
0.6486999988555908
0.4886699914932251
0.637116014957428
0.4842889904975891
