0.16896100342273712
0.05458860099315643
0.16989900171756744
0.0670533999800682
0.17083700001239777
0.07951810210943222
0.17177599668502808
0.09198279678821564
0.1727139949798584
0.10444799810647964
0.1736530065536499
0.11691199988126755
0.17459100484848022
0.12937699258327484
0.17552900314331055
0.14184199273586273
0.17646799981594086
0.15430599451065063
0.1808750033378601
0.1660040020942688
0.18528099358081818
0.17770099639892578
0.18968799710273743
0.18939900398254395
0.19409500062465668
0.20109599828720093
0.19850200414657593
0.2127940058708191
0.20290899276733398
0.22449100017547607
0.20731499791145325
0.23618899285793304
0.2117220014333725
0.24788600206375122
0.22362299263477325
0.24406200647354126
0.2355239987373352
0.2402379959821701
0.24742500483989716
0.23641499876976013
0.2593249976634979
0.23259100317955017
0.2712259888648987
0.22876699268817902
0.2831270098686218
0.22494299709796906
0.2950280010700226
0.22111999988555908
0.30692800879478455
0.21729600429534912
0.31794801354408264
0.21375499665737152
