0.4549799859523773
0.5050479769706726
0.45211100578308105
0.5172140002250671
0.4492419958114624
0.5293800234794617
0.44637200236320496
0.5415459871292114
0.4435029923915863
0.5537130236625671
0.44063401222229004
0.5658789873123169
0.4377650022506714
0.5780450105667114
0.43489500880241394
0.5902109742164612
0.4320259988307953
0.6023780107498169
0.43064001202583313
0.6148009896278381
0.42925500869750977
0.627223014831543
0.4278689920902252
0.6396459937095642
0.42648300528526306
0.6520689725875854
0.4250969886779785
0.6644920110702515
0.42371100187301636
0.6769149899482727
0.4223249852657318
0.6893380284309387
0.42094001173973083
0.70176100730896
0.41972699761390686
0.7142019867897034
0.41851499676704407
0.7266430258750916
0.4173020124435425
0.739084005355835
0.4160889983177185
0.7515249848365784
0.4148769974708557
0.7639660239219666
0.4136640131473541
0.77640700340271
0.41245201230049133
0.7888479828834534
0.41123899817466736
0.801289975643158
0.4096679985523224
0.8122410178184509
