0.9353229999542236
0.6289989948272705
0.9248020052909851
0.6222490072250366
0.9142810106277466
0.6154990196228027
0.9037600159645081
0.6087489724159241
0.8932399749755859
0.6019989848136902
0.8827189803123474
0.5952489972114563
0.8721979856491089
0.5884990096092224
0.8616769909858704
0.5817490220069885
0.8511559963226318
0.5749989748001099
0.8388440012931824
0.5728390216827393
0.8265320062637329
0.5706790089607239
0.8142200112342834
0.5685189962387085
0.801908016204834
0.5663589835166931
0.7895960211753845
0.5641999840736389
0.7772840261459351
0.5620399713516235
0.7649719715118408
0.5598800182342529
0.7526599764823914
0.5577200055122375
0.7415869832038879
0.5519220232963562
0.7305129766464233
0.5461230278015137
0.7194390296936035
0.5403249859809875
0.7083659768104553
0.534525990486145
0.6972919702529907
0.5287269949913025
0.6862180233001709
0.5229290127754211
0.6751440167427063
0.5171300172805786
0.6640710234642029
0.5113319754600525
0.6542369723320007
0.5036159753799438
0.644402027130127
0.4959000051021576
0.6345679759979248
0.48818299174308777
0.6247339844703674
0.4804669916629791
0.6148999929428101
0.4727509915828705
0.6050660014152527
0.46503499150276184
0.5952320098876953
0.4573189914226532
0.5853970050811768
0.44960299134254456
0.5733280181884766
0.45285600423812866
0.5612589716911316
0.4561089873313904
0.5491899847984314
0.4593620002269745
0.53711998462677
0.4626150131225586
0.5250509977340698
0.4658679962158203
0.5129820108413696
0.4691210091114044
0.5009120106697083
0.47237399220466614
0.48884299397468567
0.47562700510025024
0.48833298683166504
0.4887309968471527
0.4878219962120056
0.5018349885940552
0.487311989068985
0.51493901014328
