0.48994800448417664
0.49674299359321594
0.4804050028324127
0.5048159956932068
0.4708620011806488
0.5128899812698364
0.4613189995288849
0.5209630131721497
0.45177599787712097
0.5290369987487793
0.44223299622535706
0.5371109843254089
0.43268999457359314
0.5451840162277222
0.4231469929218292
0.5532580018043518
0.4136039912700653
0.5613309741020203
0.40900498628616333
0.572953999042511
0.40440499782562256
0.5845770239830017
0.3998059928417206
0.5961999893188477
0.3952060043811798
0.6078230142593384
0.39060699939727783
0.6194459795951843
0.38600701093673706
0.631069004535675
0.3814080059528351
0.6426920294761658
0.3768079876899719
0.6543149948120117
0.36580199003219604
0.648389995098114
0.35479599237442017
0.6424639821052551
0.3437890112400055
0.6365389823913574
0.3327830135822296
0.6306130290031433
0.32177698612213135
0.6246880292892456
0.31077098846435547
0.6187620162963867
0.2997640073299408
0.6128360033035278
0.2887580096721649
0.6069110035896301
0.2775160074234009
0.6123759746551514
0.26627400517463684
0.6178399920463562
0.2550320029258728
0.6233050227165222
0.24378900229930878
0.6287699937820435
0.23254700005054474
0.6342340111732483
0.2213049978017807
0.6396989822387695
0.21006299555301666
0.6451640129089355
0.19881999492645264
0.6506279706954956
0.1970299929380417
0.6382570266723633
0.19523899257183075
0.6258860230445862
0.193449005484581
0.6135150194168091
0.19165800511837006
0.601144015789032
0.18986700475215912
0.5887730121612549
0.18807700276374817
0.5764020085334778
0.18628600239753723
0.5640310049057007
0.1844950020313263
0.5516600012779236
0.17893199622631073
0.5404660105705261
0.17337000370025635
0.5292720198631287
0.16780699789524078
0.5180780291557312
0.1622440069913864
0.506883978843689
0.15668100118637085
0.4956899881362915
0.15111799538135529
0.48449599742889404
0.14555500447750092
0.4733020067214966
0.13999299705028534
0.46210798621177673
0.1467050015926361
0.4515630006790161
0.1534159928560257
0.4410179853439331
0.16012799739837646
0.4304729998111725
0.16684000194072723
0.4199270009994507
0.173552006483078
0.4093819856643677
0.18026399612426758
0.39883700013160706
0.18697600066661835
0.38829201459884644
0.19368800520896912
0.3777469992637634
0.2061229944229126
0.37646999955177307
0.21855700016021729
0.3751929998397827
0.23099200427532196
0.37391600012779236
0.24342599511146545
0.372639000415802
0.2558610141277313
0.37136200070381165
0.2682960033416748
0.3700850009918213
0.2807300090789795
0.36880800127983093
0.293164998292923
0.3675310015678406
0.289436012506485
0.3555999994277954
0.2857080101966858
0.34366899728775024
0.2819789946079254
0.3317379951477051
0.2782509922981262
0.3198069930076599
0.27452200651168823
0.30787599086761475
0.27079400420188904
0.2959449887275696
0.26706498861312866
0.2840139865875244
0.26333698630332947
0.27208301424980164
