0.18863600492477417
0.8277440071105957
0.1973170042037964
0.8187509775161743
0.2059990018606186
0.8097569942474365
0.2146800011396408
0.8007640242576599
0.22336100041866302
0.7917699813842773
0.23204299807548523
0.7827770113945007
0.24072399735450745
0.7737830281257629
0.24940499663352966
0.7647899985313416
0.25808700919151306
0.7557960152626038
0.25294700264930725
0.7444019913673401
0.24780699610710144
0.73300701379776
0.24266700446605682
0.7216129899024963
0.237526997923851
0.7102190256118774
0.2323870062828064
0.6988239884376526
0.22724699974060059
0.6874300241470337
0.22210699319839478
0.67603600025177
0.21696799993515015
0.6646410226821899
0.20526300370693207
0.6602540016174316
0.1935579925775528
0.6558669805526733
0.18185299634933472
0.6514800190925598
0.17014800012111664
0.6470929980278015
0.15844300389289856
0.6427059769630432
0.14673900604248047
0.6383190155029297
0.1350339949131012
0.6339309811592102
0.12332899868488312
0.6295440196990967
0.12302300333976746
0.6170480251312256
0.1227170005440712
0.6045519709587097
0.12241099774837494
0.5920559763908386
0.12210600078105927
0.5795590281486511
0.121799997985363
0.5670629739761353
0.12149400264024734
0.5545669794082642
0.12118799984455109
0.5420709848403931
0.12088199704885483
0.5295739769935608
0.12024500221014023
0.5170909762382507
0.11960799992084503
0.5046070218086243
0.11896999925374985
0.492123007774353
0.11833299696445465
0.4796389937400818
0.11769600212574005
0.46715599298477173
0.11705899983644485
0.4546720087528229
0.11642099916934967
0.44218799471855164
0.11578399688005447
0.4297040104866028
0.12775899469852448
0.42611899971961975
0.13973399996757507
0.4225350022315979
0.15170900523662567
0.41894999146461487
0.16368399560451508
0.4153650104999542
0.17565900087356567
0.4117799997329712
0.1876329928636551
0.40819498896598816
0.1996079981327057
0.4046100080013275
0.2115830034017563
0.40102601051330566
0.2154729962348938
0.38914600014686584
0.2193630039691925
0.3772670030593872
0.22325199842453003
0.3653869926929474
0.22714200615882874
0.35350799560546875
0.23103100061416626
0.34162798523902893
0.23492099344730377
0.3297489881515503
0.23881100118160248
0.31786999106407166
0.24269999563694
0.3059900104999542
0.2393459975719452
0.2939490079879761
0.23599199950695038
0.28190699219703674
0.23263800144195557
0.2698650062084198
0.22928400337696075
0.25782400369644165
0.22592900693416595
0.2457820028066635
0.22257499396800995
0.23374100029468536
0.21922099590301514
0.22169899940490723
0.21586699783802032
0.20965799689292908
0.22298400104045868
0.1993809938430786
0.23010100424289703
0.18910500407218933
0.2372180074453354
0.17882899940013885
0.24433499574661255
0.16855299472808838
0.2514519989490509
0.1582770049571991
0.25856900215148926
0.14800100028514862
0.2656860053539276
0.13772499561309814
0.27280300855636597
0.12744900584220886
0.28024500608444214
0.11670300364494324
0.2876879870891571
0.10595600306987762
0.29513001441955566
0.09521009773015976
