0.1098570004105568
0.11754599958658218
0.11790499836206436
0.12711100280284882
0.12595300376415253
0.13667500019073486
0.1340010017156601
0.1462399959564209
0.14204899966716766
0.15580399334430695
0.15009699761867523
0.16536900401115417
0.1581449955701828
0.17493300139904022
0.16619299352169037
0.18449799716472626
0.17424100637435913
0.1940629929304123
0.18269099295139313
0.2032729983329773
0.19114099442958832
0.21248400211334229
0.1995919942855835
0.22169500589370728
0.2080419957637787
0.23090599477291107
0.21649299561977386
0.24011699855327606
0.22494299709796906
0.24932800233364105
0.23339399695396423
0.25853899121284485
0.24184399843215942
0.26774999499320984
0.2396939992904663
0.2800630033016205
0.2375440001487732
0.2923769950866699
0.23539499938488007
0.30469098687171936
0.23324500024318695
0.3170050084590912
0.23109500110149384
0.32931798696517944
0.22894500195980072
0.34163200855255127
0.2267950028181076
0.3539460003376007
0.2246450036764145
0.36625999212265015
0.23573000729084015
0.37203800678253174
0.24681399762630463
0.37781599164009094
0.2578989863395691
0.38359400629997253
0.26898300647735596
0.38937199115753174
0.2800680100917816
0.39515000581741333
0.2911520004272461
0.40092799067497253
0.30223599076271057
0.4067060053348541
0.31332099437713623
0.41248399019241333
0.3117389976978302
0.42488300800323486
0.31015700101852417
0.4372830092906952
0.30857500433921814
0.44968199729919434
0.3069930076599121
0.46208199858665466
0.3054119944572449
0.4744809865951538
0.30382999777793884
0.48688098788261414
0.3022480010986328
0.49928000569343567
0.3006660044193268
0.511680006980896
0.3007740080356598
0.5241789817810059
0.3008829951286316
0.5366790294647217
0.3009909987449646
0.5491790175437927
0.3010999858379364
0.5616779923439026
0.3012079894542694
0.5741779804229736
0.3013170063495636
0.5866770148277283
0.3014250099658966
0.5991770029067993
0.3015339970588684
0.6116759777069092
0.29474300146102905
0.6221709847450256
0.2879520058631897
0.6326649785041809
0.28116101026535034
0.6431589722633362
0.274370014667511
0.6536539793014526
0.26757898926734924
0.6641479730606079
0.2607879936695099
0.6746429800987244
0.25399699807167053
0.6851369738578796
0.24720600247383118
0.6956310272216797
0.24700500071048737
0.7081300020217896
0.24680399894714355
0.720628023147583
0.24660299718379974
0.7331269979476929
0.24640299379825592
0.7456250190734863
0.2462020069360733
0.758122980594635
0.2460010051727295
0.7706220149993896
0.24580000340938568
0.7831199765205383
0.24559900164604187
0.795619010925293
0.2580159902572632
0.7970560193061829
0.2704339921474457
0.7984930276870728
0.2828510105609894
0.799930989742279
0.2952679991722107
0.801367998123169
0.307684987783432
0.8028050065040588
0.3201020061969757
0.8042430281639099
0.332518994808197
0.805679976940155
0.3449360132217407
0.8071169853210449
0.3434689939022064
0.8195310235023499
0.3420020043849945
0.83194500207901
0.3405350148677826
0.8443580269813538
0.3390679955482483
0.8567720055580139
0.3376010060310364
0.8691849708557129
0.3361339867115021
0.8815990090370178
0.33466699719429016
0.894012987613678
0.33320000767707825
0.9064260125160217
0.3315410017967224
0.9204670190811157
0.3298819959163666
0.9345080256462097
0.32822299003601074
0.9485480189323425
