0.920278012752533
0.580295979976654
0.9079949855804443
0.5826110243797302
0.8957110047340393
0.5849260091781616
0.8834270238876343
0.587240993976593
0.8711429834365845
0.5895569920539856
0.8588600158691406
0.591871976852417
0.8465759754180908
0.5941870212554932
0.8342919945716858
0.5965020060539246
0.8220090270042419
0.598816990852356
0.810030996799469
0.6023929715156555
0.7980530261993408
0.6059679985046387
0.7860749959945679
0.6095439791679382
0.7740979790687561
0.6131190061569214
0.7621200084686279
0.616694986820221
0.750141978263855
0.6202700138092041
0.738165020942688
0.6238459944725037
0.726186990737915
0.6274210214614868
0.7311980128288269
0.6159700155258179
0.736208975315094
0.6045179963111877
0.7412199974060059
0.5930669903755188
0.7462319731712341
0.5816149711608887
0.751242995262146
0.5701640248298645
0.7562540173530579
0.5587120056152344
0.761264979839325
0.5472599864006042
0.7662760019302368
0.5358089804649353
0.7614960074424744
0.5242589712142944
0.7567160129547119
0.5127090215682983
0.7519360184669495
0.5011590123176575
0.7471550107002258
0.4896090030670166
0.7423750162124634
0.4780600070953369
0.7375950217247009
0.46650999784469604
0.7328150272369385
0.4549599885940552
0.7280349731445312
0.4434100091457367
0.7244380116462708
0.43143901228904724
0.7208409905433655
0.4194670021533966
0.7172449827194214
0.40749600529670715
0.7136480212211609
0.3955239951610565
0.7100510001182556
0.38355299830436707
0.7064539790153503
0.3715820014476776
0.7028579711914062
0.359609991312027
0.6992610096931458
0.3476389944553375
0.6867629885673523
0.34786298871040344
0.6742650270462036
0.34808799624443054
0.6617670059204102
0.34831199049949646
0.6492689847946167
0.34853601455688477
0.636771023273468
0.3487609922885895
0.6242730021476746
0.3489849865436554
0.6117749810218811
0.3492099940776825
0.5992770195007324
0.3494339883327484
0.593326985836029
0.33844101428985596
0.5873759984970093
0.3274480104446411
0.5814260244369507
0.31645500659942627
0.5754749774932861
0.3054629862308502
0.5695250034332275
0.29447001218795776
0.563575029373169
0.2834770083427429
0.5576239824295044
0.2724840044975281
0.5516740083694458
0.26149100065231323
0.5398740172386169
0.26561498641967773
0.5280740261077881
0.2697390019893646
0.516273021697998
0.2738629877567291
0.5044729709625244
0.2779879868030548
0.49267300963401794
0.2821120023727417
0.4808729887008667
0.2862359881401062
0.46907299757003784
0.2903600037097931
0.457273006439209
0.2944839894771576
0.4450890123844147
0.29169198870658875
0.4329040050506592
0.2889010012149811
0.42072001099586487
0.28610900044441223
0.40853598713874817
0.28331801295280457
0.39635199308395386
0.2805260121822357
0.38416698575019836
0.27773499488830566
0.37198299169540405
0.2749429941177368
0.35979899764060974
0.27215200662612915
0.35156598687171936
0.26274600625038147
0.34333300590515137
0.2533400058746338
0.335099995136261
0.2439340054988861
0.326867014169693
0.23452800512313843
0.3186340034008026
0.22512200474739075
0.31040099263191223
0.21571700274944305
0.30216899514198303
0.20631100237369537
0.29393601417541504
0.1969050019979477
0.28325000405311584
0.20339100062847137
0.27256500720977783
0.20987699925899506
0.26187899708747864
0.21636399626731873
0.2511940002441406
0.2228499948978424
0.2405090034008026
0.2293359935283661
0.22982299327850342
0.23582300543785095
0.2191379964351654
0.24230900406837463
0.2084520012140274
0.24879500269889832
0.2080020010471344
0.23630300164222717
0.2075520008802414
0.22381100058555603
0.2071020007133484
0.2113189995288849
0.20665200054645538
0.19882799685001373
0.20620200037956238
0.1863359957933426
0.20575200021266937
0.17384399473667145
0.20530200004577637
0.1613519936800003
0.20485199987888336
0.14885999262332916
0.1969739943742752
0.13915400207042694
0.18909700214862823
0.1294489949941635
0.18121899664402008
0.11974400281906128
0.1733420044183731
0.11003799736499786
0.16546399891376495
0.10033299773931503
0.15758700668811798
0.09062729775905609
0.14970900118350983
0.08092190325260162
0.14183199405670166
0.07121650129556656
0.15519799292087555
0.0705593004822731
0.16856400668621063
0.06990200281143188
