0.7283949851989746
0.5107750296592712
0.7338340282440186
0.5220289826393127
0.7392730116844177
0.5332840085029602
0.7447119951248169
0.5445389747619629
0.7501509785652161
0.5557929873466492
0.75559002161026
0.5670480132102966
0.7610290050506592
0.5783029794692993
0.7664679884910583
0.5895569920539856
0.7719069719314575
0.6008120179176331
0.7839589715003967
0.6078529953956604
0.7960109710693359
0.6148939728736877
0.8080639839172363
0.6219339966773987
0.8201159834861755
0.628974974155426
0.8321679830551147
0.6360160112380981
0.844219982624054
0.6430569887161255
