0.907380998134613
0.8210750222206116
0.8949429988861084
0.8223180174827576
0.8825049996376038
0.8235610127449036
0.8700670003890991
0.8248040080070496
0.8576290011405945
0.8260470032691956
0.8451910018920898
0.8272910118103027
0.8327530026435852
0.8285340070724487
0.8203150033950806
0.8297770023345947
0.8078770041465759
0.8310199975967407
0.795744001865387
0.8280119895935059
0.7836120128631592
0.825003981590271
0.7714790105819702
0.8219959735870361
0.7593460083007812
0.8189889788627625
0.7472130060195923
0.8159809708595276
0.7350810170173645
0.8129730224609375
0.7229480147361755
0.8099650144577026
0.7108150124549866
0.8069570064544678
0.6987519860267639
0.8036800026893616
0.6866899728775024
0.8004019856452942
0.6746270060539246
0.797124981880188
0.6625639796257019
0.7938470244407654
0.6505020260810852
0.7905700206756592
0.6384389996528625
0.7872920036315918
0.6263759732246399
0.7840149998664856
0.6143140196800232
0.7807379961013794
0.62534099817276
0.7748519778251648
0.636368989944458
0.768966019153595
0.647396981716156
0.7630810141563416
0.6584240198135376
0.757194995880127
0.6694520115852356
0.7513089776039124
0.6804800033569336
0.7454239726066589
0.6915069818496704
0.7395380139350891
0.7025349736213684
0.7336519956588745
0.7000330090522766
0.721405029296875
0.69753098487854
0.7091580033302307
0.6950290203094482
0.6969109773635864
0.6925269961357117
0.6846640110015869
0.6900249719619751
0.6724169850349426
0.6875230073928833
0.6601700186729431
0.6850209832191467
0.6479229927062988
0.6825190186500549
0.6356760263442993
0.6711959838867188
0.6409710049629211
0.6598730087280273
0.646265983581543
0.6485499739646912
0.6515610218048096
0.6372269988059998
0.6568560004234314
0.6259030103683472
0.6621509790420532
0.614579975605011
0.6674460172653198
0.6032570004463196
0.6727409958839417
0.5919340252876282
0.6780359745025635
0.5797539949417114
0.6808459758758545
0.5675740242004395
0.6836550235748291
0.5553939938545227
0.6864640116691589
0.5432130098342896
0.68927401304245
0.5310329794883728
0.6920830011367798
0.5188530087471008
0.6948930025100708
0.5066729784011841
0.6977019906044006
0.4944930076599121
0.7005109786987305
0.48232200741767883
0.7033630013465881
0.47015199065208435
0.7062150239944458
0.4579809904098511
0.7090659737586975
0.445811003446579
0.7119179964065552
0.4336409866809845
0.7147700190544128
0.4214699864387512
0.7176210284233093
0.4092999994754791
0.7204729914665222
0.39712899923324585
0.7233240008354187
0.3880600035190582
0.7315629720687866
0.3789910078048706
0.7398009896278381
0.369922012090683
0.7480390071868896
0.3608520030975342
0.7562779784202576
0.35178300738334656
0.7645159959793091
0.34271401166915894
0.7727540135383606
