0.2974889874458313
0.7569699883460999
0.30002298951148987
0.7447289824485779
0.30255600810050964
0.7324889898300171
0.3050900101661682
0.7202479839324951
0.3076240122318268
0.7080079913139343
0.31015801429748535
0.6957669854164124
0.31269198656082153
0.6835269927978516
0.3152250051498413
0.6712859869003296
0.3177590072154999
0.6590459942817688
0.31542301177978516
0.6467660069465637
0.31308600306510925
0.634486973285675
0.31075000762939453
0.62220698595047
0.30841299891471863
0.6099269986152649
0.3060770034790039
0.5976470112800598
0.303739994764328
0.5853679776191711
0.3014039993286133
0.5730879902839661
0.29906800389289856
0.560808002948761
0.28911399841308594
0.56836998462677
0.2791599929332733
0.5759310126304626
0.2692059874534607
0.5834919810295105
0.25925299525260925
0.5910530090332031
0.24929900467395782
0.5986149907112122
0.2393449991941452
0.6061760187149048
0.22939099371433258
0.6137369871139526
0.21943700313568115
0.6212980151176453
0.2086009979248047
0.6275299787521362
0.19776499271392822
0.6337609887123108
0.18692900240421295
0.6399919986724854
0.1760929971933365
0.6462240219116211
0.16525700688362122
0.6524549722671509
0.15442100167274475
0.6586859822273254
0.1435849964618683
0.6649169921875
0.13274900615215302
0.6711490154266357
0.12244399636983871
0.6770740151405334
0.11213900148868561
0.6830000281333923
0.1018339991569519
0.6889259815216064
0.09152889996767044
0.6948519945144653
