0.10176999866962433
0.9512420296669006
0.10297100245952606
0.9387999773025513
0.1041719987988472
0.9263579845428467
0.10537300258874893
0.9139159917831421
0.10657399892807007
0.9014739990234375
0.1077750027179718
0.8890309929847717
0.10897599905729294
0.8765890002250671
0.11017700284719467
0.8641470074653625
0.11137700080871582
0.851705014705658
0.11951100081205368
0.842212975025177
0.12764500081539154
0.8327209949493408
0.13577799499034882
0.8232300281524658
0.14391200244426727
0.8137379884719849
0.15204599499702454
0.8042460083961487
0.160179004073143
0.7947540283203125
0.16831299662590027
0.7852630019187927
0.17644700407981873
0.7757710218429565
0.18284499645233154
0.7650330066680908
0.18924400210380554
0.7542939782142639
0.19564199447631836
0.743556022644043
0.20204000174999237
0.7328180074691772
0.20843900740146637
0.7220789790153503
0.2148369997739792
0.7113410234451294
0.2212350070476532
0.7006030082702637
0.227633997797966
0.689864993095398
0.23444600403308868
0.6793839931488037
0.24125899374485016
0.6689040064811707
0.24807199835777283
0.6584240198135376
0.2548840045928955
0.6479430198669434
0.261696994304657
0.6374629735946655
0.26851001381874084
0.6269819736480713
0.27532199025154114
0.6165019869804382
0.282135009765625
0.6060220003128052
0.29243600368499756
0.5989400148391724
0.3027360141277313
0.591858983039856
0.3130370080471039
0.5847769975662231
0.32333698868751526
0.5776960253715515
0.3336380124092102
0.5706139802932739
0.34393900632858276
0.5635330080986023
0.35423898696899414
0.5564510226249695
0.3645400106906891
0.5493699908256531
0.3748230040073395
0.5564759969711304
0.38510599732398987
0.5635830163955688
0.39539000391960144
0.5706899762153625
0.40567299723625183
0.5777959823608398
0.4159559905529022
0.5849030017852783
0.426239013671875
0.5920100212097168
0.4365229904651642
0.5991160273551941
0.44680601358413696
0.6062229871749878
0.45281800627708435
0.6171820163726807
0.4588310122489929
0.6281409859657288
0.4648430049419403
0.6391000151634216
0.4708560109138489
0.6500589847564697
0.47686800360679626
0.6610180139541626
0.48288100957870483
0.6719769835472107
0.4888930022716522
0.6829360127449036
0.4949060082435608
0.6938949823379517
0.5009300112724304
0.6829429864883423
0.5069550275802612
0.6719899773597717
0.5129789710044861
0.6610379815101624
0.5190039873123169
0.6500849723815918
0.5250279903411865
0.6391329765319824
0.5310519933700562
0.6281800270080566
0.537077009677887
0.6172279715538025
0.5431010127067566
0.6062750220298767
0.5499119758605957
0.6176549792289734
0.5567229986190796
0.6290349960327148
0.5635340213775635
0.6404150128364563
0.5703449845314026
0.6517950296401978
