0.19075000286102295
0.41319599747657776
0.19398799538612366
0.40112200379371643
0.19722600281238556
0.3890489935874939
0.20046399533748627
0.37697601318359375
0.20370200276374817
0.36490198969841003
0.20693999528884888
0.3528290092945099
0.21017800271511078
0.34075599908828735
0.2134159952402115
0.328682005405426
0.21665500104427338
0.3166089951992035
0.22224800288677216
0.30542999505996704
0.22784100472927094
0.2942509949207306
0.23343400657176971
0.2830730080604553
0.2390269935131073
0.27189400792121887
0.24461999535560608
0.2607150077819824
0.25021299719810486
0.24953599274158478
0.25580599904060364
0.23835699260234833
0.2614000141620636
0.22717800736427307
0.2736690044403076
0.2247910052537918
0.2859390079975128
0.22240400314331055
0.298209011554718
0.22001700103282928
0.31047898530960083
0.21762999892234802
0.32274898886680603
0.21524299681186676
0.33501899242401123
0.2128559947013855
0.34728899598121643
0.21046899259090424
0.35955899953842163
0.20808200538158417
0.37059301137924194
0.2022089958190918
0.38162800669670105
0.19633500277996063
0.392661988735199
0.19046199321746826
0.4036960005760193
0.18458899855613708
0.4147300124168396
0.17871500551700592
0.4257639944553375
0.17284199595451355
0.43679898977279663
0.16696900129318237
0.44783300161361694
0.16109499335289001
0.4519680142402649
0.17289100587368011
0.45610299706459045
0.184688001871109
0.4602380096912384
0.19648399949073792
0.46437299251556396
0.20827999711036682
0.4685089886188507
0.22007599472999573
0.47264400124549866
0.23187200725078583
0.4767790138721466
0.24366900324821472
0.48091399669647217
0.25546500086784363
0.4857749938964844
0.26698100566864014
0.49063700437545776
0.27849701046943665
0.49549800157546997
0.29001298546791077
0.5003600120544434
0.3015289902687073
0.5052210092544556
0.313044011592865
0.510083019733429
0.3245599865913391
0.5149440169334412
0.3360759913921356
0.5198050141334534
0.34759199619293213
0.5233820080757141
0.3595699965953827
0.5269579887390137
0.37154701352119446
0.5305349826812744
0.383525013923645
0.5341110229492188
0.3955020010471344
0.5376880168914795
0.4074789881706238
0.541263997554779
0.41945698857307434
0.5448409914970398
0.4314340054988861
0.5484169721603394
0.44341200590133667
0.5528870224952698
0.45508500933647156
0.5573559999465942
0.46675899624824524
0.5618249773979187
0.4784330129623413
0.5662940144538879
0.490106999874115
0.5707629919052124
0.5017809867858887
0.5752320289611816
0.513454020023346
0.5797010064125061
0.5251280069351196
0.5841699838638306
0.5368019938468933
0.5904650092124939
0.5476009845733643
0.5967609882354736
0.5583999752998352
0.603056013584137
0.5691990256309509
0.6093519926071167
0.5799980163574219
0.61564701795578
0.5907970070838928
0.6219419836997986
0.6015959978103638
0.6282380223274231
0.6123949885368347
0.6345329880714417
0.6231939792633057
0.6406729817390442
0.634082019329071
0.6468139886856079
0.6449699997901917
0.6529539823532104
0.6558579802513123
0.659093976020813
0.6667460203170776
0.6652340292930603
0.6776340007781982
0.6713749766349792
0.6885210275650024
0.6775149703025818
0.699409008026123
0.6836550235748291
0.7102969884872437
0.6888710260391235
0.7216569781303406
0.6940860152244568
0.7330170273780823
0.6993020176887512
0.7443770170211792
0.7045170068740845
0.7557370066642761
0.7097319960594177
0.767096996307373
0.7149479985237122
0.77845698595047
0.7201629877090454
0.7898169755935669
0.7253789901733398
0.8011770248413086
0.7257940173149109
0.8136699795722961
0.7262089848518372
0.8261629939079285
0.7266240119934082
0.8386560082435608
0.7270389795303345
0.8511499762535095
0.7274540066719055
0.8636429905891418
0.7278689742088318
0.8761360049247742
0.7282829880714417
0.8886290192604065
0.7286980152130127
0.901121973991394
0.739421010017395
0.9075469970703125
0.7501440048217773
0.9139710068702698
0.7608659863471985
0.9203959703445435
0.7715889811515808
0.9268199801445007
0.7823119759559631
0.9332450032234192
0.793034017086029
0.9396690130233765
0.8037570118904114
0.9460939764976501
0.8144800066947937
0.9525179862976074
0.8282319903373718
0.9518740177154541
0.8419849872589111
0.9512289762496948
0.8557369709014893
0.9505850076675415
0.8694900274276733
0.949940025806427
