0.5901870131492615
0.6366779804229736
0.5785650014877319
0.6412789821624756
0.5669429898262024
0.6458809971809387
0.5553209781646729
0.6504830121994019
0.5436980128288269
0.6550840139389038
0.5320760011672974
0.6596860289573669
0.5204539895057678
0.6642879843711853
0.5088319778442383
0.6688889861106873
0.49720999598503113
0.6734910011291504
0.48812100291252136
0.6820729970932007
0.4790320098400116
0.6906539797782898
0.46994298696517944
0.6992359757423401
0.46085500717163086
0.707817018032074
0.4517660140991211
0.7163990139961243
0.44267699122428894
0.7249810099601746
0.4335879981517792
0.7335619926452637
0.4244999885559082
0.742143988609314
0.4154970049858093
0.7508159875869751
0.40649399161338806
0.7594879865646362
0.3974910080432892
0.7681599855422974
0.3884890079498291
0.7768309712409973
0.37948599457740784
0.7855029702186584
0.37048301100730896
0.7941750288009644
0.3614810109138489
0.8028470277786255
0.3524779975414276
0.8115190267562866
0.34442299604415894
0.8019599914550781
0.33636799454689026
0.7924010157585144
0.3283129930496216
0.7828429937362671
0.3202579915523529
0.7732840180397034
0.31220299005508423
0.7637249827384949
0.30414798855781555
0.7541670203208923
0.29609400033950806
0.7446079850196838
0.2880389988422394
0.7350490093231201
0.2772290110588074
0.7413269877433777
0.26642000675201416
0.7476040124893188
0.25560998916625977
0.7538809776306152
0.24480099976062775
0.7601590156555176
0.23399099707603455
0.766435980796814
0.22318199276924133
0.7727140188217163
0.21237300336360931
0.7789909839630127
0.2015630006790161
0.785269021987915
0.20035700500011444
0.7728270292282104
0.1991499960422516
0.7603849768638611
0.19794400036334991
0.7479439973831177
0.19673700630664825
0.7355020046234131
0.1955309957265854
0.7230600118637085
0.19432400166988373
0.7106189727783203
0.19311800599098206
0.6981769800186157
0.1919109970331192
0.6857349872589111
0.19113199412822723
0.673259973526001
0.19035199284553528
0.6607840061187744
0.18957200646400452
0.6483079791069031
0.18879300355911255
0.6358330249786377
0.1880130022764206
0.6233569979667664
0.18723300099372864
0.610880970954895
0.18645399808883667
0.5984060168266296
0.18567399680614471
0.5859299898147583
0.18171699345111847
0.5740730166435242
0.17775900661945343
0.5622159838676453
0.17380200326442719
0.5503590106964111
0.16984400153160095
0.5385019779205322
0.1658869981765747
0.5266450047492981
0.16192899644374847
0.5147879719734192
0.15797199308872223
0.5029309988021851
0.1540140062570572
0.49107399582862854
0.162882998585701
0.48226600885391235
0.17175200581550598
0.473457008600235
0.18062099814414978
0.4646480083465576
0.18949000537395477
0.45583999156951904
0.19835899770259857
0.4470309913158417
0.20722800493240356
0.4382230043411255
0.21609699726104736
0.4294140040874481
0.22496600449085236
0.42060598731040955
0.23487399518489838
0.4282270073890686
0.2447820007801056
0.4358479976654053
0.2546910047531128
0.44346898794174194
0.2645989954471588
0.451090008020401
0.27450698614120483
0.45871099829673767
0.28441500663757324
0.46633198857307434
0.29432299733161926
0.4739530086517334
0.3042309880256653
0.48157399892807007
0.3129029870033264
0.4725709855556488
0.32157498598098755
0.4635689854621887
0.33024701476097107
0.45456600189208984
0.3389190137386322
0.44556400179862976
0.34759199619293213
0.4365609884262085
0.35626399517059326
0.4275589883327484
0.3649359941482544
0.41855698823928833
0.3736079931259155
0.40955400466918945
0.38124600052833557
0.39965900778770447
0.3888840079307556
0.3897640109062195
0.39652198553085327
0.3798690140247345
0.4041599929332733
0.3699739873409271
0.41179800033569336
0.36007899045944214
0.4194360077381134
0.35018399357795715
0.42707398533821106
0.34028899669647217
0.4347119927406311
0.3303939998149872
0.44550299644470215
0.3223380148410797
0.456292986869812
0.31428200006484985
0.46708399057388306
0.30622598528862
0.4778749942779541
0.2981700003147125
