0.43433400988578796
0.7311739921569824
0.4244990050792694
0.7388889789581299
0.41466400027275085
0.7466049790382385
0.4048300087451935
0.7543200254440308
0.3949950039386749
0.7620360255241394
0.38515999913215637
0.7697510123252869
0.375326007604599
0.7774670124053955
0.36549100279808044
0.785181999206543
0.3556559979915619
0.7928969860076904
0.34559300541877747
0.7854830026626587
0.33552899956703186
0.7780680060386658
0.32546600699424744
0.770654022693634
0.31540200114250183
0.7632390260696411
0.3053390085697174
0.7558249831199646
0.2952750027179718
0.7484099864959717
0.2852109968662262
0.7409960031509399
0.2751480042934418
0.733581006526947
0.26879799365997314
0.7228140234947205
0.2624480128288269
0.7120469808578491
0.2560980021953583
0.7012810111045837
0.24974699318408966
0.6905140280723572
0.24339699745178223
0.6797469854354858
0.2370470017194748
0.6689800024032593
0.23069700598716736
0.6582130193710327
0.22434699535369873
0.6474459767341614
0.23436599969863892
0.6399710178375244
0.2443840056657791
0.6324959993362427
0.2544029951095581
0.6250209808349609
0.2644219994544983
0.617546021938324
0.2744410037994385
0.6100710034370422
0.2844589948654175
0.6025959849357605
0.29447799921035767
0.5951210260391235
0.30449700355529785
0.587647020816803
0.30292800068855286
0.5752450227737427
0.30136001110076904
0.5628439784049988
0.29979100823402405
0.5504429936408997
0.29822298884391785
0.5380420088768005
0.29665398597717285
0.5256410241127014
0.29508599638938904
0.5132390260696411
0.29351699352264404
0.5008379817008972
0.29194900393486023
0.4884369969367981
0.299345999956131
0.47836101055145264
0.3067440092563629
0.4682849943637848
0.31414198875427246
0.45820900797843933
0.3215390145778656
0.4481329917907715
0.32893699407577515
0.438057005405426
0.3363350033760071
0.4279809892177582
0.34373199939727783
0.4179059863090515
0.35113000869750977
0.40782999992370605
0.36133599281311035
0.4006119966506958
0.37154099345207214
0.39339399337768555
0.3817470073699951
0.3861759901046753
0.3919520080089569
0.37895798683166504
0.4021579921245575
0.3717400133609772
0.4123629927635193
0.3645220100879669
0.42256900668144226
0.35730499029159546
0.43277400732040405
0.3500869870185852
0.4270550012588501
0.3389720022678375
0.42133599519729614
0.32785698771476746
0.4156160056591034
0.3167420029640198
0.40989699959754944
0.3056269884109497
0.4041779935359955
0.2945129871368408
0.39845800399780273
0.28339800238609314
0.3927389979362488
0.27228298783302307
0.3870199918746948
0.2611680030822754
0.3967829942703247
0.2533630132675171
0.40654700994491577
0.2455569952726364
0.41631001234054565
0.2377520054578781
0.42607399821281433
0.22994600236415863
0.4358370006084442
0.22214099764823914
0.4456009864807129
0.21433499455451965
0.4553639888763428
0.20653000473976135
0.46512699127197266
0.19872500002384186
0.4657599925994873
0.1862410008907318
0.46639201045036316
0.17375700175762177
0.4670239984989166
0.16127300262451172
0.4676569998264313
0.14878900349140167
0.46828898787498474
0.13630500435829163
0.4689210057258606
0.12382099777460098
0.46955400705337524
0.11133699864149094
0.4701859951019287
0.09885259717702866
0.48246800899505615
0.09201090037822723
0.4947499930858612
0.08516909927129745
0.5070329904556274
0.07832740247249603
0.5193150043487549
0.07148560136556625
0.5315970182418823
0.06464389711618423
