0.660152018070221
0.20796799659729004
0.6678320169448853
0.21783000230789185
0.6755120158195496
0.22769199311733246
0.6831920146942139
0.23755399882793427
0.6908720135688782
0.24741700291633606
0.6985530257225037
0.25727900862693787
0.706233024597168
0.2671410143375397
0.7139130234718323
0.2770040035247803
0.7215930223464966
0.2868660092353821
0.7270179986953735
0.2981269955635071
0.7324429750442505
0.30938899517059326
0.7378680109977722
0.32065001130104065
0.7432929873466492
0.33191201090812683
0.7487170100212097
0.34317299723625183
0.7541419863700867
0.354434996843338
0.7595670223236084
0.3656960129737854
0.7649919986724854
0.3769580125808716
0.7716609835624695
0.38752999901771545
0.7783290147781372
0.3981029987335205
0.7849979996681213
0.4086749851703644
0.7916669845581055
0.4192480146884918
0.7983350157737732
0.4298200011253357
0.8050040006637573
0.44039300084114075
0.8116729855537415
0.4509649872779846
0.8183419704437256
0.4615379869937897
0.830223023891449
0.46542200446128845
0.8421040177345276
0.46930599212646484
0.8539850115776062
0.4731900095939636
0.865867018699646
0.47707399725914
0.8777480125427246
0.4809580147266388
0.8896290063858032
0.4848420023918152
0.901511013507843
0.4887250065803528
0.9133920073509216
0.4926089942455292
0.9164339900016785
0.4804849922657013
0.9194759726524353
0.4683609902858734
0.9225190281867981
0.45623698830604553
0.9255610108375549
0.44411298632621765
0.9286029934883118
0.43198901414871216
0.9316449761390686
0.4198650121688843
0.9346879720687866
0.4077399969100952
0.9377300143241882
0.39561599493026733
0.928309977054596
0.38592201471328735
