0.7061150074005127
0.7771530151367188
0.7183489799499512
0.7745879888534546
0.7305830121040344
0.7720239758491516
0.7428169846534729
0.7694590091705322
0.7550510168075562
0.7668939828872681
0.7672849893569946
0.7643300294876099
0.7795190215110779
0.7617650032043457
0.7917529940605164
0.7592009902000427
0.8039870262145996
0.7566360235214233
0.7937660217285156
0.7494400143623352
0.7835450172424316
0.7422440052032471
0.7733240127563477
0.7350490093231201
0.7631030082702637
0.727853000164032
0.7528820037841797
0.7206569910049438
0.7426609992980957
0.7134609818458557
0.7324399948120117
0.7062649726867676
0.7222189903259277
0.6990690231323242
0.7097240090370178
0.6994289755821228
0.6972299814224243
0.6997889876365662
0.6847350001335144
0.7001489996910095
0.6722400188446045
0.7005090117454529
0.6597449779510498
0.7008690237998962
0.6472499966621399
0.701229989528656
0.6347560286521912
0.7015900015830994
0.6222609877586365
0.7019500136375427
0.6139810085296631
0.6925849914550781
0.6057010293006897
0.6832209825515747
0.5974209904670715
0.6738560199737549
0.5891410112380981
0.6644920110702515
0.58086097240448
0.6551269888877869
0.5725820064544678
0.6457629799842834
0.5643020272254944
0.6363980174064636
0.5560219883918762
0.6270340085029602
0.5461000204086304
0.6194300055503845
0.5361790060997009
0.61182701587677
0.5262569785118103
0.6042230129241943
0.5163360238075256
0.5966190099716187
0.506413996219635
0.5890160202980042
0.49649301171302795
0.5814120173454285
0.4865710139274597
0.573809027671814
0.4766499996185303
0.5662050247192383
0.47900599241256714
0.5784810185432434
0.4813629984855652
0.5907570123672485
0.48372000455856323
0.6030330061912537
0.4860759973526001
0.6153090000152588
0.48843300342559814
0.6275849938392639
0.490788996219635
0.6398599743843079
0.49314600229263306
0.6521360278129578
0.4955019950866699
0.6644120216369629
0.48715201020240784
0.6737139821052551
0.47880101203918457
0.683014988899231
0.4704500138759613
0.692317008972168
0.46209999918937683
0.7016180157661438
0.45374900102615356
0.7109190225601196
0.4453989863395691
0.7202209830284119
0.4370479881763458
0.7295219898223877
0.42869699001312256
0.7388240098953247
0.4173530042171478
0.7335739731788635
0.4060089886188507
0.7283239960670471
0.394665002822876
0.7230740189552307
0.38332098722457886
0.7178239822387695
0.3719770014286041
0.7125740051269531
0.360632985830307
0.7073240280151367
0.3492890000343323
0.7020739912986755
0.33794501423835754
0.6968240141868591
0.3458639979362488
0.6878839731216431
0.3537839949131012
0.678945004940033
0.3617030084133148
0.6700050234794617
0.36962199211120605
0.6610659956932068
0.37754198908805847
0.6521270275115967
