0.5541350245475769
0.6463990211486816
0.5449100136756897
0.654833972454071
0.5356839895248413
0.6632680296897888
0.5264589786529541
0.6717029809951782
0.5172330141067505
0.6801369786262512
0.5080080032348633
0.6885709762573242
0.4987820088863373
0.6970059871673584
0.4895560145378113
0.7054399847984314
0.4803310036659241
0.7138749957084656
0.47312501072883606
0.7240890264511108
0.46591898798942566
0.7343029975891113
0.45871400833129883
0.7445170283317566
0.4515079855918884
0.7547309994697571
0.4443019926548004
0.7649449706077576
0.4370970129966736
0.7751590013504028
0.4298909902572632
0.7853729724884033
0.42268499732017517
0.7955870032310486
0.4178830087184906
0.8071280121803284
0.41308099031448364
0.8186690211296082
0.4082790017127991
0.8302099704742432
0.4034770131111145
0.8417500257492065
0.39867499470710754
0.8532909750938416
0.3938719928264618
0.8648319840431213
0.3890700042247772
0.8763729929924011
0.38426798582077026
0.8879140019416809
0.3719559907913208
0.8857570290565491
0.35964301228523254
0.8835999965667725
0.3473309874534607
0.8814430236816406
0.33501800894737244
0.879285991191864
0.322706013917923
0.8771290183067322
0.31039300560951233
0.8749719858169556
0.29808101058006287
0.8728150129318237
0.2857680022716522
0.8706579804420471
0.27426400780677795
0.8657690286636353
0.2627590000629425
0.860880970954895
0.25125500559806824
0.8559920191764832
0.23975099623203278
0.8511030077934265
0.22824600338935852
0.8462139964103699
0.21674199402332306
0.8413259983062744
0.2052379995584488
0.8364369869232178
0.19373300671577454
0.8315479755401611
0.1871269941329956
0.8209360241889954
0.18052099645137787
0.810325026512146
0.17391499876976013
0.7997130155563354
0.1673080027103424
0.7891010046005249
0.16070200502872467
0.7784900069236755
0.15409600734710693
0.767877995967865
0.147489994764328
0.7572659850120544
0.14088399708271027
0.7466549873352051
0.1379700005054474
0.7344989776611328
0.1350560039281845
0.7223430275917053
0.13214200735092163
0.7101879715919495
0.12922899425029755
0.698032021522522
0.12631499767303467
0.6858760118484497
0.12340100109577179
0.6737210154533386
0.1204880028963089
0.6615650057792664
0.11757399886846542
0.6494089961051941
0.11812800168991089
0.6369220018386841
0.11868300288915634
0.6244339942932129
0.11923699826002121
0.6119459867477417
0.11979100108146667
0.5994579792022705
0.12034499645233154
0.5869709849357605
0.120899997651577
0.5744829773902893
0.12145400047302246
0.5619950294494629
0.12200800329446793
0.5495079755783081
0.12820899486541748
0.5386540293693542
0.1344110071659088
0.527800977230072
0.14061200618743896
0.5169479846954346
0.14681300520896912
0.5060939788818359
0.15301400423049927
0.4952409863471985
0.15921500325202942
0.48438799381256104
0.16541700065135956
0.4735339879989624
0.1716179996728897
0.46268099546432495
0.178180992603302
0.45204201340675354
0.1847430020570755
0.4414040148258209
0.1913059949874878
0.4307650029659271
0.19786900281906128
0.4201259911060333
0.20443199574947357
0.4094879925251007
0.21099400520324707
0.3988490104675293
0.21755699813365936
0.3882110118865967
0.22412000596523285
0.3775720000267029
0.23403799533843994
0.3851810097694397
0.24395500123500824
0.39278900623321533
0.25387299060821533
0.40039798617362976
0.2637900114059448
0.4080060124397278
0.2737079858779907
0.4156149923801422
0.283625990152359
0.42322400212287903
0.2935430109500885
0.43083199858665466
0.3034609854221344
0.4384410083293915
0.31515100598335266
0.4428670108318329
0.32684099674224854
0.4472930133342743
0.3385309875011444
0.4517189860343933
0.35022199153900146
0.4561449885368347
0.3619120121002197
0.4605709910392761
0.3736020028591156
0.46499699354171753
0.3852919936180115
0.46942299604415894
0.39698201417922974
0.47384899854660034
0.40679898858070374
0.4661110043525696
0.4166159927845001
0.4583730101585388
0.4264329969882965
0.45063498616218567
0.4362500011920929
0.4428960084915161
0.4460670053958893
0.43515801429748535
0.4558829963207245
0.4274199903011322
0.4657000005245209
0.41968199610710144
0.47551700472831726
0.4119440019130707
0.47641101479530334
0.4244120121002197
0.47730499505996704
0.4368799924850464
0.4781990051269531
0.44934800267219543
0.4790929853916168
0.4618160128593445
0.4799869954586029
0.47428399324417114
0.4808799922466278
0.4867520034313202
0.4817740023136139
0.49922001361846924
0.4826680123806
0.5116879940032959
0.49482500553131104
0.516789972782135
