0.22699600458145142
0.49346399307250977
0.22411000728607178
0.5056260228157043
0.22122399508953094
0.5177879929542542
0.2183379977941513
0.5299509763717651
0.21545200049877167
0.5421130061149597
0.21256600320339203
0.5542749762535095
0.2096789926290512
0.5664370059967041
0.20679299533367157
0.5785999894142151
0.20390699803829193
0.5907620191574097
0.21593999862670898
0.5941470265388489
0.22797299921512604
0.5975329875946045
0.2400059998035431
0.6009179949760437
0.25203898549079895
0.6043030023574829
0.2640720009803772
0.6076880097389221
0.27610400319099426
0.6110739707946777
0.2881369888782501
0.6144589781761169
0.30017000436782837
0.6178439855575562
0.3113130033016205
0.6235079765319824
0.3224560022354126
0.6291729807853699
0.3335990011692047
0.6348369717597961
0.3447420001029968
0.6405010223388672
0.35588499903678894
0.6461650133132935
0.36702799797058105
0.6518290042877197
0.37817099690437317
0.657492995262146
0.3893139958381653
0.6631569862365723
0.3909339904785156
0.6755520105361938
0.3925530016422272
0.6879469752311707
0.3941720128059387
0.700340986251831
0.3957909941673279
0.7127360105514526
0.39741000533103943
0.7251309752464294
0.3990289866924286
0.7375249862670898
0.4006490111351013
0.7499200105667114
0.4022679924964905
0.7623149752616882
0.4038499891757965
0.7744259834289551
0.40543198585510254
0.7865380048751831
0.40701401233673096
0.7986500263214111
0.408596009016037
0.8107609748840332
