0.6034500002861023
0.8331260085105896
0.591871976852417
0.8378369808197021
0.5802940130233765
0.8425490260124207
0.5687159895896912
0.8472599983215332
0.5571380257606506
0.8519719839096069
0.5455600023269653
0.8566840291023254
0.53398197889328
0.861395001411438
0.5224040150642395
0.8661069869995117
0.5108259916305542
0.8708189725875854
0.49891000986099243
0.8745930194854736
0.4869930148124695
0.8783680200576782
0.4750770032405853
0.8821430206298828
0.46316099166870117
0.8859180212020874
0.4512439966201782
0.8896920084953308
0.43932801485061646
0.8934670090675354
0.4274109899997711
0.89724200963974
0.41549500823020935
0.9010170102119446
0.40330299735069275
0.8982570171356201
0.39111199975013733
0.8954970240592957
0.3789210021495819
0.8927369713783264
0.3667289912700653
0.889976978302002
0.3545379936695099
0.8872169852256775
0.3423460125923157
0.884456992149353
0.33015498518943787
0.8816969990730286
0.31796300411224365
0.8789370059967041
0.3118720054626465
0.8680210113525391
0.3057810068130493
0.857105016708374
0.29969000816345215
0.8461899757385254
0.2935999929904938
0.8352739810943604
0.2875089943408966
0.8243579864501953
0.28141799569129944
0.8134430050849915
0.27532699704170227
0.8025270104408264
0.2692359983921051
0.7916120290756226
0.2734470069408417
0.7798420190811157
0.27765899896621704
0.7680730223655701
0.2818709909915924
0.7563040256500244
0.286081999540329
0.7445350289344788
0.29029399156570435
0.7327659726142883
0.2945050001144409
0.7209969758987427
0.2987169921398163
0.7092270255088806
0.30292800068855286
0.697458028793335
0.29499199986457825
0.7071160078048706
0.28705498576164246
0.7167729735374451
0.27911800146102905
0.7264299988746643
0.27118200063705444
0.7360870242118835
0.26324498653411865
0.745743989944458
0.25530898571014404
0.7554010152816772
0.24737200140953064
0.7650579810142517
0.23943600058555603
0.7747160196304321
0.22697299718856812
0.7756829857826233
0.21451100707054138
0.7766510248184204
0.20204800367355347
0.7776190042495728
0.18958599865436554
0.7785859704017639
0.17712299525737762
0.779554009437561
0.1646610051393509
0.7805219888687134
0.15219800174236298
0.7814900279045105
0.13973599672317505
0.7824569940567017
0.13383400440216064
0.7723159790039062
0.12793199717998505
0.7621740102767944
