0.5834429860115051
0.5365970134735107
0.5743420124053955
0.545166015625
0.5652409791946411
0.5537340044975281
0.5561389923095703
0.5623019933700562
0.5470380187034607
0.5708699822425842
0.5379369854927063
0.5794389843940735
0.5288349986076355
0.5880069732666016
0.5197340250015259
0.5965750217437744
0.5106319785118103
0.6051430106163025
0.5011759996414185
0.6133180260658264
0.49171900749206543
0.6214920282363892
0.48226198554039
0.6296659708023071
0.472804993391037
0.6378399729728699
0.46334800124168396
0.6460149884223938
0.4538919925689697
0.6541889905929565
0.4444350004196167
0.6623629927635193
0.43497800827026367
0.6705380082130432
0.42849498987197876
0.6812250018119812
0.42201200127601624
0.6919119954109192
0.4155290126800537
0.7026000022888184
0.4090459942817688
0.7132869958877563
0.4025630056858063
0.7239750027656555
0.39607998728752136
0.7346619963645935
0.38959699869155884
0.7453489899635315
0.3831140100955963
0.7560369968414307
0.3728199899196625
0.7489460110664368
0.362525999546051
0.7418540120124817
0.3522320091724396
0.7347630262374878
0.34193798899650574
0.7276719808578491
0.3316439986228943
0.7205809950828552
0.32135000824928284
0.7134889960289001
0.3110570013523102
0.7063980102539062
0.30076301097869873
0.6993070244789124
0.2986229956150055
0.6869909763336182
0.29648301005363464
0.6746760010719299
0.2943440079689026
0.6623600125312805
0.29220399260520935
0.6500449776649475
0.2900649905204773
0.6377289891242981
0.28792500495910645
0.6254140138626099
0.2857849895954132
0.6130980253219604
0.28364598751068115
0.6007829904556274
0.28194400668144226
0.5883989930152893
0.28024300932884216
0.5760149955749512
0.2785409986972809
0.5636320114135742
0.2768400013446808
0.5512480139732361
0.2751379907131195
0.538864016532898
0.2734369933605194
0.5264809727668762
0.2717350125312805
0.5140969753265381
0.27003398537635803
0.5017129778862
0.2742910087108612
0.48996099829673767
0.2785489857196808
0.4782080054283142
0.28280600905418396
0.46645599603652954
0.28706398606300354
0.4547030031681061
0.2913210093975067
0.4429500102996826
0.2955789864063263
0.43119800090789795
0.29983600974082947
0.4194450080394745
0.30409300327301025
0.40769198536872864
0.31367599964141846
0.3996660113334656
0.32325801253318787
0.39163899421691895
0.33284100890159607
0.3836129903793335
0.3424229919910431
0.37558600306510925
0.3520059883594513
0.3675589859485626
0.3615880012512207
0.35953301191329956
0.3711709976196289
0.35150599479675293
0.3807530105113983
0.3434799909591675
0.3772450089454651
0.3314819931983948
0.37373799085617065
0.31948399543762207
0.3702299892902374
0.30748599767684937
0.3667219877243042
0.29548901319503784
0.36321499943733215
0.28349098563194275
0.3597069978713989
0.27149298787117004
0.3561989963054657
0.25949499011039734
0.35269200801849365
0.24749800562858582
0.3525019884109497
0.26104000210762024
