0.7408639788627625
0.8237019777297974
0.7510120272636414
0.8164039850234985
0.7611610293388367
0.8091049790382385
0.7713090181350708
0.8018069863319397
0.7814570069313049
0.7945089936256409
0.7916049957275391
0.7872099876403809
0.8017529845237732
0.779911994934082
0.8119009733200073
0.7726140022277832
0.8220490217208862
0.7653160095214844
0.8105319738388062
0.7701740264892578
0.7990149855613708
0.7750319838523865
0.7874969840049744
0.7798900008201599
0.7759799957275391
0.7847480177879333
0.7644630074501038
0.789605975151062
0.7529460191726685
0.7944639921188354
0.741428017616272
0.7993220090866089
0.7299110293388367
0.8041809797286987
0.7175490260124207
0.8060340285301208
0.7051870226860046
0.8078879714012146
0.6928250193595886
0.8097410202026367
0.6804640293121338
0.8115950226783752
0.6681020259857178
0.8134480118751526
0.6557400226593018
0.8153020143508911
0.6433780193328857
0.8171550035476685
0.6310160160064697
0.819009006023407
0.631060004234314
0.8065090179443359
0.6311039924621582
0.7940089702606201
0.6311479806900024
0.7815089821815491
0.6311920285224915
0.769008994102478
0.6312360167503357
0.756509006023407
0.6312800049781799
0.7440090179443359
0.6313239932060242
0.7315089702606201
0.6313679814338684
0.7190089821815491
0.631263017654419
0.7071530222892761
0.6311579942703247
0.6952959895133972
