0.6413090229034424
0.7161189913749695
0.6288290023803711
0.7168390154838562
0.616349995136261
0.7175589799880981
0.6038709878921509
0.7182790040969849
0.5913919806480408
0.7189990282058716
0.5789120197296143
0.7197189927101135
0.5664330124855042
0.7204390168190002
0.553954005241394
0.7211589813232422
0.5414749979972839
0.7218790054321289
0.5299800038337708
0.7267910242080688
0.5184860229492188
0.7317039966583252
0.506991982460022
0.7366160154342651
0.4954969882965088
0.7415279746055603
0.4840030074119568
0.7464410066604614
0.4725089967250824
0.7513530254364014
0.4610140025615692
0.7562649846076965
0.4495199918746948
0.7611780166625977
0.4388830065727234
0.7677429914474487
0.42824599146842957
0.7743080258369446
0.41760900616645813
0.7808730006217957
0.4069719910621643
0.7874389886856079
0.39633500576019287
0.7940040230751038
0.38569799065589905
0.8005689978599548
0.3750610053539276
0.8071339726448059
0.364423006772995
0.8137000203132629
0.3521119952201843
0.8115339875221252
0.33980101346969604
0.8093690276145935
0.3274900019168854
0.807204008102417
0.3151789903640747
0.8050389885902405
0.3028680086135864
0.8028740286827087
0.29055699706077576
0.8007090091705322
0.2782459855079651
0.7985439896583557
0.2659350037574768
0.7963780164718628
0.25908800959587097
0.7859209775924683
0.25224098563194275
0.7754629850387573
0.2453940063714981
0.7650049924850464
0.23854699730873108
0.7545469999313354
0.23170000314712524
0.7440890073776245
0.22485299408435822
0.7336310148239136
0.21800599992275238
0.7231730222702026
0.21115900576114655
0.7127150297164917
0.21266600489616394
0.7003059983253479
0.21417200565338135
0.6878970265388489
0.21567900478839874
0.6754879951477051
0.21718500554561615
0.663079023361206
0.21869200468063354
0.6506699919700623
0.22019800543785095
0.6382610201835632
0.22170500457286835
0.6258530020713806
0.22321100533008575
0.6134439706802368
0.22685100138187408
0.601485013961792
0.23049099743366241
0.5895270109176636
0.23413099348545074
0.5775690078735352
0.23777100443840027
0.5656110048294067
0.2414119988679886
0.5536519885063171
0.24505199491977692
0.5416939854621887
0.24869200587272644
0.5297359824180603
0.25233200192451477
0.5177779793739319
0.2601740062236786
0.5080429911613464
0.2680149972438812
0.4983089864253998
0.27585700154304504
0.4885750114917755
0.28369900584220886
0.4788399934768677
0.2915410101413727
0.469105988740921
0.2993820011615753
0.45937201380729675
0.30722400546073914
0.4496369957923889
0.31506600975990295
0.43990299105644226
0.3274950087070465
0.4385719895362854
0.33992400765419006
0.43724000453948975
0.35235199332237244
0.4359090030193329
0.364780992269516
0.434578001499176
0.37720999121665955
0.433245986700058
0.3896389901638031
0.4319149851799011
0.40206798911094666
0.43058401346206665
0.4144969880580902
0.4292519986629486
0.4269559979438782
0.4302609860897064
0.43941500782966614
0.4312709867954254
0.4518750011920929
0.4322800040245056
0.46433401107788086
0.4332889914512634
0.47679299116134644
0.43429800868034363
0.4892520010471344
0.43530699610710144
0.5017110109329224
0.43631601333618164
0.5141710042953491
0.43732601404190063
0.526665985584259
0.4376719892024994
0.5391610264778137
0.43801799416542053
0.5516560077667236
0.4383639991283417
0.5641509890556335
0.4387100040912628
0.5766469836235046
0.43905699253082275
0.5891420245170593
0.4394029974937439
0.6016370058059692
0.43974900245666504
0.6141319870948792
0.4400950074195862
0.625881016254425
0.44436201453208923
0.6376309990882874
0.4486280083656311
0.6493800282478333
0.45289498567581177
0.6611289978027344
0.4571619927883148
0.6728789806365967
0.4614279866218567
0.6846280097961426
0.46569499373435974
0.6963769793510437
0.4699620008468628
0.7081270217895508
0.47422799468040466
0.7198060154914856
0.4697740077972412
0.7314850091934204
0.46531999111175537
0.7431650161743164
0.4608660042285919
0.7548440098762512
0.4564110040664673
0.7665240168571472
0.45195698738098145
0.778203010559082
0.447503000497818
0.789883017539978
0.44304901361465454
0.8015620112419128
0.4385949969291687
0.8111379742622375
0.43055999279022217
0.820713996887207
0.42252498865127563
0.8302900195121765
0.4144909977912903
0.8398650288581848
0.40645599365234375
0.8494409918785095
0.3984209895133972
0.859017014503479
0.39038699865341187
0.8685920238494873
0.38235199451446533
0.878167986869812
0.3743169903755188
0.8848919868469238
0.3637799918651581
0.8916159868240356
0.35324299335479736
0.8983399868011475
0.34270501136779785
0.9050639867782593
0.33216801285743713
0.9117879867553711
0.32163000106811523
0.9185119867324829
0.3110930025577545
0.9252359867095947
0.3005549907684326
0.9319599866867065
0.2900179922580719
0.9299049973487854
0.2766070067882538
0.9278500080108643
0.2631959915161133
0.9257959723472595
0.24978500604629517
0.9237409830093384
0.23637400567531586
0.9216859936714172
0.22296300530433655
0.9196310043334961
0.20955200493335724
