0.28816699981689453
0.1793060004711151
0.30009201169013977
0.17555899918079376
0.3120169937610626
0.1718119978904724
0.32394200563430786
0.16806499660015106
0.3358669877052307
0.1643179953098297
0.34779301285743713
0.16057099401950836
0.35971799492836
0.156823992729187
0.3716430068016052
0.15307700634002686
0.3835679888725281
0.1493300050497055
0.38927599787712097
0.16044999659061432
0.3949829936027527
0.17157100141048431
0.4006899893283844
0.1826920062303543
0.4063979983329773
0.1938129961490631
0.412104994058609
0.2049340009689331
0.4178130030632019
0.2160550057888031
0.4235199987888336
0.2271759957075119
0.4292280077934265
0.2382970005273819
0.43093401193618774
0.25067999958992004
0.4326399862766266
0.2630630135536194
0.4343459904193878
0.27544599771499634
0.43605199456214905
0.2878290116786957
0.4377579987049103
0.30021199584007263
0.4394640028476715
0.312595009803772
0.44117000699043274
0.3249779939651489
0.4428749978542328
0.33736100792884827
0.43712300062179565
0.34845900535583496
0.4313710033893585
0.35955700278282166
0.4256190061569214
0.37065500020980835
0.41986700892448425
0.38175299763679504
0.4141150116920471
0.39285099506378174
0.40836301445961
0.40394899249076843
0.40261098742485046
0.4150469899177551
0.39685899019241333
0.426144003868103
0.3845129907131195
0.4281049966812134
0.37216800451278687
0.43006500601768494
0.35982298851013184
0.4320249855518341
0.347476989030838
0.43398499488830566
0.33513200283050537
0.4359450042247772
0.32278698682785034
0.4379050135612488
0.3104409873485565
0.43986499309539795
0.2980960011482239
0.4418250024318695
0.28817999362945557
0.4494360089302063
0.27826499938964844
0.4570479989051819
0.2683489918708801
0.4646590054035187
0.258433997631073
0.47227001190185547
0.24851800501346588
0.4798809885978699
0.23860199749469757
0.48749300837516785
0.22868700325489044
0.49510401487350464
0.21877099573612213
0.502714991569519
0.2153020054101944
0.4907059967517853
0.21183200180530548
0.4786970019340515
0.20836199820041656
0.46668899059295654
0.20489299297332764
0.4546799957752228
0.20142300426959991
0.442671000957489
0.197953999042511
0.43066200613975525
0.19448399543762207
0.4186530113220215
0.19101400673389435
0.4066449999809265
0.18660399317741394
0.4177809953689575
0.18219399452209473
0.4289180040359497
0.1777839958667755
0.4400539994239807
0.1733739972114563
0.4511910080909729
