0.11622600257396698
0.1398410052061081
0.12419100105762482
0.14947499334812164
0.13215599954128265
0.1591089963912964
0.1401199996471405
0.16874299943447113
0.14808499813079834
0.17837700247764587
0.15604999661445618
0.18801100552082062
0.164014995098114
0.19764499366283417
0.17197899520397186
0.2072789967060089
0.1799439936876297
0.21691299974918365
0.18652300536632538
0.2275409996509552
0.19310200214385986
0.23816999793052673
0.19968199729919434
0.24879799783229828
0.20626099407672882
0.259427011013031
0.2128400057554245
0.27005499601364136
0.21941900253295898
0.2806839942932129
0.22599799931049347
0.29131200909614563
0.23257699608802795
0.30194100737571716
0.23665599524974823
0.3137570023536682
0.24073399603366852
0.32557299733161926
0.2448119968175888
0.3373889923095703
0.24889099597930908
0.34920498728752136
0.25296899676322937
0.3610210120677948
0.25704699754714966
0.37283700704574585
0.26112601161003113
0.3846530020236969
0.2652040123939514
0.39646899700164795
0.2531619966030121
0.39982300996780396
0.24112099409103394
0.4031769931316376
0.2290789932012558
0.4065319895744324
0.21703800559043884
0.4098860025405884
0.2049960047006607
0.4132409989833832
0.19295500218868256
0.4165950119495392
0.18091300129890442
0.419950008392334
0.16887199878692627
0.4233039915561676
0.16242699325084686
0.4340139925479889
0.15598100423812866
0.44472500681877136
0.14953599870204926
0.45543500781059265
0.14309099316596985
0.46614500880241394
0.13664600253105164
0.47685500979423523
0.13020099699497223
0.4875659942626953
0.12375500053167343
0.4982759952545166
0.11731000244617462
0.5089859962463379
0.12865300476551056
0.5013409852981567
0.1399960070848465
0.493696004152298
0.15133899450302124
0.4860509932041168
