0.9474939703941345
0.8639190196990967
0.9392729997634888
0.8545029759407043
0.9310510158538818
0.845088005065918
0.9228299856185913
0.8356720209121704
0.9146090149879456
0.8262559771537781
0.9063869714736938
0.8168399930000305
0.8981660008430481
0.807424008846283
0.8899440169334412
0.7980089783668518
0.8817229866981506
0.7885929942131042
0.8697249889373779
0.7850840091705322
0.8577280044555664
0.7815759778022766
0.8457300066947937
0.7780680060386658
0.833732008934021
0.7745599746704102
0.8217350244522095
0.7710509896278381
0.8097370266914368
0.7675430178642273
0.7977399826049805
0.7640349864959717
0.7857419848442078
0.7605260014533997
0.7737339735031128
0.7639989852905273
0.7617260217666626
0.7674710154533386
0.7497180104255676
0.7709439992904663
0.7377099990844727
0.7744160294532776
0.7257019877433777
0.7778890132904053
0.7136939764022827
0.7813609838485718
0.7016860246658325
0.7848340272903442
0.6896780133247375
0.7883059978485107
0.6772019863128662
0.7875350117683411
0.6647260189056396
0.7867630124092102
0.6522499918937683
0.7859910130500793
0.6397730112075806
0.7852200269699097
0.6272969841957092
0.7844480276107788
0.6148210167884827
0.783676028251648
0.6023449897766113
0.7829049825668335
0.5898690223693848
0.7821329832077026
0.5777230262756348
0.7850859761238098
0.5655760169029236
0.7880390286445618
0.5534300208091736
0.7909910082817078
0.5412840247154236
0.7939440011978149
0.5291380286216736
0.7968969941139221
0.5169910192489624
0.7998489737510681
0.5048450231552124
0.8028020262718201
0.49269899725914
0.8057550191879272
0.4806410074234009
0.8024610280990601
0.46858298778533936
0.7991669774055481
0.4565240144729614
0.7958719730377197
0.4444659948348999
0.7925779819488525
0.43240800499916077
0.7892839908599854
0.42034998536109924
0.7859899997711182
0.4082919955253601
0.7826949954032898
0.39623400568962097
0.7794010043144226
0.39619600772857666
0.7669010162353516
0.39615899324417114
0.7544010281562805
0.396122008562088
0.7419009804725647
0.3960840106010437
0.7294009923934937
0.3960469961166382
0.7169020175933838
0.39601001143455505
0.7044020295143127
0.39597201347351074
0.6919019818305969
0.3959349989891052
0.6794019937515259
0.3853060007095337
0.6728240251541138
0.374675989151001
0.6662459969520569
0.36404699087142944
0.6596680283546448
0.3534179925918579
0.6530900001525879
0.3427889943122864
0.646511971950531
0.33215901255607605
0.6399340033531189
0.3215300142765045
0.6333569884300232
0.3109009861946106
0.6267790198326111
0.3120039999485016
0.6143270134925842
0.3131060004234314
0.6018760204315186
0.3142090141773224
0.5894250273704529
0.315311998128891
0.5769739747047424
0.316415011882782
0.5645220279693604
0.3175179958343506
0.5520709753036499
0.3186199963092804
0.5396199822425842
0.3197230100631714
0.5271689891815186
0.3159889876842499
0.5152390003204346
0.31225401163101196
0.5033100247383118
0.30851900577545166
0.4913809895515442
0.30478501319885254
0.4794520139694214
0.30105000734329224
0.4675230085849762
0.2973160147666931
0.455594003200531
0.2935810089111328
0.4436649978160858
0.2898460030555725
0.4317359924316406
0.2791210114955902
0.4253160059452057
0.26839500665664673
0.41889700293540955
0.25766998529434204
0.4124769866466522
0.24694399535655975
0.4060570001602173
0.23621900379657745
0.39963701367378235
0.22549299895763397
0.3932180106639862
0.21476800739765167
0.3867979943752289
0.2040420025587082
0.38037800788879395
0.19844800233840942
0.38802099227905273
0.19285500049591064
0.3956640064716339
