0.2715210020542145
0.6675660014152527
0.25940099358558655
0.6645089983940125
0.24728000164031982
0.6614519953727722
0.2351599931716919
0.658394992351532
0.22303999960422516
0.6553379893302917
0.21091899275779724
0.6522799730300903
0.1987989991903305
0.6492230296134949
0.18667800724506378
0.6461660265922546
0.17455799877643585
0.6431090235710144
0.16408799588680267
0.6362810134887695
0.1536179929971695
0.6294519901275635
0.1431480050086975
0.6226239800453186
0.13267800211906433
0.6157950162887573
0.12220799922943115
0.6089659929275513
0.11173799633979797
0.6021379828453064
0.10126800090074539
0.5953090190887451
0.09079810231924057
0.5884810090065002
0.0929206982254982
0.5761619806289673
0.09504339843988419
0.5638440251350403
0.09716600179672241
0.5515249967575073
0.09928859770298004
0.5392069816589355
0.10141099989414215
0.5268880128860474
0.10353399813175201
0.5145699977874756
0.10565699636936188
0.5022510290145874
0.10777900367975235
0.4899330139160156
0.10917200148105621
0.4775109887123108
0.11056400090456009
0.46508899331092834
0.11195600032806396
0.4526660144329071
0.11334899812936783
0.44024398922920227
0.1147409975528717
0.4278219938278198
0.11613400280475616
0.4153999984264374
0.11752600222826004
0.40297800302505493
0.11891800165176392
0.3905549943447113
0.11535800248384476
0.3785730004310608
0.1117980033159256
0.3665910065174103
0.10823799669742584
0.35460901260375977
0.10467799752950668
0.34262600541114807
0.10111799836158752
0.33064401149749756
0.09755740314722061
0.31866198778152466
0.09399720281362534
0.30667901039123535
0.09043709933757782
0.29469698667526245
0.10125499963760376
0.2884339988231659
0.11207199841737747
0.28216999769210815
0.12289000302553177
0.2759070098400116
0.13370700180530548
0.26964399218559265
0.14452500641345978
0.2633799910545349
0.15534299612045288
0.25711700320243835
0.1661600023508072
0.2508530020713806
0.1769780069589615
0.24458999931812286
0.18261000514030457
0.23343099653720856
0.18824300169944763
0.22227199375629425
0.1938759982585907
0.21111300587654114
0.19950799643993378
0.19995400309562683
0.20514099299907684
0.18879500031471252
0.2107740044593811
0.17763599753379822
0.21640600264072418
0.1664769947528839
0.22203899919986725
0.1553180068731308
0.2341729998588562
0.15231500566005707
0.24630700051784515
0.14931300282478333
0.2584410011768341
0.1463100016117096
0.27057498693466187
0.14330700039863586
0.282709002494812
0.14030499756336212
0.29484298825263977
0.1373019963502884
0.3069770038127899
0.13429899513721466
0.3191109895706177
0.1312970072031021
0.33143100142478943
0.12918399274349213
0.3437510132789612
0.12707099318504333
0.35607099533081055
0.12495800107717514
0.3683910071849823
0.12284500151872635
0.38071098923683167
0.12073200196027756
0.3930320143699646
0.11861900240182877
0.40535199642181396
0.11650600284337997
0.4176720082759857
0.11439300328493118
0.4184260070323944
0.12687000632286072
0.4191809892654419
0.13934700191020966
0.4199349880218506
0.1518239974975586
0.42069000005722046
0.16430099308490753
0.42144399881362915
0.17677900195121765
0.422199010848999
0.1892559975385666
0.4229530096054077
0.20173299312591553
0.4237070083618164
0.21421000361442566
0.4251520037651062
0.22662599384784698
0.426596999168396
0.2390429973602295
0.4280419945716858
0.251459002494812
0.4294869899749756
0.26387500762939453
0.4309319853782654
0.27629101276397705
0.43237701058387756
0.2887069880962372
0.43382200598716736
0.3011240065097809
0.43526700139045715
0.3135400116443634
0.43710899353027344
0.3259029984474182
0.4389509856700897
0.3382669985294342
0.4407930076122284
0.350629985332489
0.4426349997520447
0.362993985414505
0.44447699189186096
0.3753570020198822
0.44631901383399963
0.3877210021018982
0.4481610059738159
0.4000850021839142
0.4500029981136322
0.412447988986969
0.4534110128879547
0.4244750142097473
0.45681801438331604
0.43650099635124207
0.460224986076355
0.448527991771698
0.4636330008506775
0.46055498719215393
0.4670400023460388
0.47258099913597107
0.47044700384140015
0.484607994556427
0.47385498881340027
0.49663498997688293
0.4772619903087616
0.5086609721183777
0.4889400005340576
0.5131210088729858
0.5006170272827148
0.517579972743988
0.5122950077056885
0.522038996219635
0.5239719748497009
0.5264989733695984
0.5356500148773193
0.5309579968452454
0.5473269820213318
0.5354179739952087
0.5590050220489502
0.5398769974708557
0.5706819891929626
0.5443360209465027
0.5777480006217957
0.5546479821205139
0.5848140120506287
0.5649589896202087
0.5918800234794617
0.5752699971199036
0.5989450216293335
0.5855820178985596
0.6060109734535217
0.5958930253982544
0.6130769848823547
0.6062039732933044
0.6201429963111877
0.6165159940719604
0.6272090077400208
0.6268270015716553
0.6321859955787659
0.6382930278778076
0.637162983417511
0.6497600078582764
0.6421399712562561
0.6612259745597839
0.6471179723739624
0.6726930141448975
0.6520950198173523
0.684158980846405
0.6570720076560974
0.6956250071525574
0.6620489954948425
0.7070919871330261
0.6670259833335876
0.7185580134391785
0.6763650178909302
0.7268670201301575
0.6857029795646667
0.7351769804954529
0.6950420141220093
0.7434859871864319
0.7043799757957458
0.7517949938774109
0.7137179970741272
0.7601050138473511
0.723056972026825
0.7684140205383301
0.7323949933052063
0.7767230272293091
0.7417330145835876
0.7850319743156433
0.7501509785652161
0.7757909893989563
0.7585679888725281
0.7665500044822693
0.7669860124588013
0.7573090195655823
0.7754030227661133
0.7480679750442505
0.7838199734687805
0.7388269901275635
0.7922379970550537
0.7295860052108765
0.8006550073623657
0.7203450202941895
0.8090720176696777
0.7111039757728577
0.8020210266113281
0.7013859748840332
0.7949699759483337
0.6916679739952087
0.7879189848899841
0.6819499731063843
