0.9156420230865479
0.3481830060482025
0.913582980632782
0.3358530104160309
0.9115239977836609
0.32352399826049805
0.9094650149345398
0.3111949861049652
0.9074059724807739
0.29886600375175476
0.905348002910614
0.28653600811958313
0.9032890200614929
0.2742069959640503
0.901229977607727
0.26187801361083984
0.899170994758606
0.249549001455307
0.9033349752426147
0.23776200413703918
0.9074990153312683
0.22597600519657135
0.9116629958152771
0.21419000625610352
0.9158260226249695
0.20240400731563568
0.9199900031089783
0.19061799347400665
0.9241539835929871
0.17883199453353882
0.9283180236816406
0.16704599559307098
0.9324820041656494
0.15525999665260315
0.9272090196609497
0.14275500178337097
0.9219369888305664
0.1302500069141388
0.9166640043258667
0.11774600297212601
