0.7568529844284058
0.4607279896736145
0.7503160238265991
0.4713830053806305
0.7437790036201477
0.4820379912853241
0.7372419834136963
0.4926919937133789
0.730705976486206
0.5033469796180725
0.7241690158843994
0.5140010118484497
0.717631995677948
0.5246559977531433
0.7110949754714966
0.5353099703788757
0.7045580148696899
0.5459650158882141
0.6963750123977661
0.5554140210151672
0.6881920099258423
0.5648630261421204
0.6800090074539185
0.5743119716644287
0.6718260049819946
0.583761990070343
0.6636430025100708
0.5932109951972961
0.655460000038147
0.6026600003242493
0.6472769975662231
0.6121090054512024
0.6390939950942993
0.6215580105781555
0.6344299912452698
0.6331560015678406
0.6297659873962402
0.6447529792785645
0.6251019835472107
0.6563509702682495
0.6204379796981812
0.6679480075836182
0.6157749891281128
0.679544985294342
0.6111109852790833
0.6911429762840271
0.6064469814300537
0.7027400135993958
0.6017829775810242
0.7143369913101196
0.5948420166969299
0.7247329950332642
0.5879020094871521
0.7351289987564087
0.5809609889984131
0.7455250024795532
0.5740200281143188
0.7559210062026978
0.5670790076255798
0.7663170099258423
0.5601379871368408
0.7767130136489868
0.5531970262527466
0.7871090173721313
0.5462570190429688
0.7975050210952759
0.5403109788894653
0.8084999918937683
0.5343660116195679
0.8194959759712219
0.5284199714660645
0.8304910063743591
0.5224739909172058
0.8414869904518127
0.5165290236473083
0.85248202085495
0.5105829834938049
0.8634780049324036
0.5046380162239075
0.874472975730896
0.49869200587272644
0.8854690194129944
0.49247899651527405
0.8952490091323853
