0.7802579998970032
0.15383000671863556
0.7823780179023743
0.16614900529384613
0.7844979763031006
0.1784680038690567
0.7866179943084717
0.19078700244426727
0.788739025592804
0.20310600101947784
0.7908589839935303
0.21542499959468842
0.7929790019989014
0.227743998169899
0.7950990200042725
0.24006299674510956
0.7972189784049988
0.2523820102214813
0.7972710132598877
0.2648810148239136
0.7973219752311707
0.2773810029029846
0.7973729968070984
0.28988099098205566
0.7974249720573425
0.3023810088634491
0.7974759936332703
0.31488099694252014
0.797527015209198
0.3273810148239136
0.797577977180481
0.3398810029029846
0.7976300120353699
0.35238099098205566
0.7939590215682983
0.364329993724823
0.7902889847755432
0.37627899646759033
0.7866179943084717
0.38822799921035767
0.7829480171203613
0.4001759886741638
0.7792770266532898
0.41212499141693115
0.7756069898605347
0.4240739941596985
0.7719359993934631
0.4360229969024658
0.7682660222053528
0.44797199964523315
0.7623350024223328
0.45897600054740906
0.7564049959182739
0.4699789881706238
0.7504739761352539
0.4809829890727997
0.7445430159568787
0.4919860064983368
0.7386130094528198
0.5029900074005127
0.7326819896697998
0.5139939785003662
0.726751983165741
0.5249969959259033
0.7208210229873657
0.5360010266304016
0.7135630249977112
0.5461779832839966
0.706305980682373
0.5563549995422363
0.6990479826927185
0.5665320158004761
0.6917909979820251
0.5767099857330322
0.6845329999923706
0.586887001991272
0.6772750020027161
0.5970640182495117
0.6700180172920227
0.6072419881820679
0.6627600193023682
0.6174190044403076
0.6548789739608765
0.6271209716796875
0.6469979882240295
0.6368240118026733
0.6391170024871826
0.6465259790420532
0.6312360167503357
0.6562290191650391
0.6233540177345276
0.665930986404419
0.6154729723930359
0.6756340265274048
0.607591986656189
0.6853359937667847
0.599711000919342
0.6950380206108093
0.5903739929199219
0.7033500075340271
0.5810369849205017
0.7116609811782837
0.5717009902000427
0.7199720144271851
0.5623639822006226
0.7282829880714417
0.5530269742012024
0.736594021320343
0.543690025806427
0.7449049949645996
0.5343530178070068
0.753216028213501
0.5250170230865479
0.7615270018577576
0.5138109922409058
0.767067015171051
0.5026050209999084
0.7726060152053833
0.49140000343322754
0.7781450152397156
0.48019400238990784
0.783685028553009
0.4689890146255493
0.7892240285873413
0.4577830135822296
0.7947630286216736
0.4465770125389099
0.8003029823303223
0.435371994972229
0.8058419823646545
0.4231320023536682
0.8083789944648743
0.4108920097351074
0.810916006565094
0.39865198731422424
0.8134530186653137
0.38641199469566345
0.8159899711608887
0.37417200207710266
0.8185269832611084
0.36193299293518066
0.8210629820823669
0.3496930003166199
0.8235999941825867
0.3374530076980591
0.8261370062828064
0.34345299005508423
0.8151919841766357
0.34945300221443176
0.8042460083961487
0.3554539978504181
0.793300986289978
0.3614540100097656
0.782355010509491
0.36745399236679077
0.7714099884033203
