0.6356199979782104
0.7515469789505005
0.6394090056419373
0.7396349906921387
0.6431970000267029
0.7277230024337769
0.6469849944114685
0.715811014175415
0.6507729887962341
0.7038990259170532
0.6545609831809998
0.6919869780540466
0.6583489775657654
0.6800739765167236
0.6621379852294922
0.6681619882583618
0.6659259796142578
0.65625
0.6545040011405945
0.6511719822883606
0.6430820226669312
0.646094024181366
0.631659984588623
0.6410149931907654
0.6202380061149597
0.635936975479126
0.6088160276412964
0.6308590173721313
0.5973939895629883
0.6257809996604919
0.585972011089325
0.6207029819488525
0.5745499730110168
0.6156240105628967
0.586758017539978
0.6129410266876221
0.5989670157432556
0.6102570295333862
0.611175000667572
0.6075729727745056
0.6233839988708496
0.6048889756202698
0.635591983795166
0.6022049784660339
0.6478009819984436
0.5995219945907593
0.6600090265274048
0.5968379974365234
0.6722180247306824
0.5941540002822876
0.6598749756813049
0.5921760201454163
0.6475329995155334
0.5901970267295837
0.6351900100708008
0.5882189869880676
0.6228479743003845
0.5862410068511963
0.6105049848556519
0.584263026714325
0.5981630086898804
0.5822849869728088
0.5858200192451477
0.5803059935569763
0.5734779834747314
0.578328013420105
0.5766900181770325
0.5662479996681213
0.5799030065536499
0.5541679859161377
0.5831149816513062
0.542087972164154
0.5863280296325684
0.5300080180168152
0.5895400047302246
0.5179269909858704
0.592752993106842
0.5058469772338867
0.5959650278091431
0.49376699328422546
0.5991780161857605
0.4816870093345642
0.5868499875068665
0.47961801290512085
0.5745229721069336
0.4775489866733551
0.5621950030326843
0.4754810035228729
0.5498669743537903
0.47341200709342957
0.5375400185585022
0.4713430106639862
0.5252119898796082
0.46927401423454285
0.5128849744796753
0.4672049880027771
0.500557005405426
0.46513599157333374
0.48825299739837646
0.4629319906234741
0.4759489893913269
0.4607270061969757
0.46364501118659973
0.4585219919681549
0.45134100317955017
0.4563170075416565
0.4390369951725006
0.4541119933128357
0.42673298716545105
0.4519070088863373
0.4144290089607239
0.4497019946575165
0.4021250009536743
0.44749701023101807
0.3984439969062805
0.460438996553421
0.3947640061378479
0.4733799993991852
0.3910830020904541
0.48632198572158813
0.3874030113220215
0.4992640018463135
0.3837220072746277
0.5122050046920776
0.3800419867038727
0.525147020816803
