0.48812100291252136
0.6141890287399292
0.49892500042915344
0.6204760074615479
0.5097280144691467
0.6267629861831665
0.5205320119857788
0.6330509781837463
0.5313360095024109
0.6393380165100098
0.5421389937400818
0.6456260085105896
0.5529429912567139
0.6519129872322083
0.563746988773346
0.6582009792327881
0.5745499730110168
0.6644880175590515
0.5839290022850037
0.6727520227432251
0.5933079719543457
0.6810150146484375
0.6026870012283325
0.6892790198326111
0.6120659708976746
0.6975420117378235
0.6214450001716614
0.7058050036430359
0.6308240294456482
0.7140690088272095
0.6402029991149902
0.7223320007324219
0.649582028388977
0.7305960059165955
0.6615390181541443
0.7308970093727112
0.6734970211982727
0.7311969995498657
0.6854540109634399
0.7314980030059814
