0.8481090068817139
0.5890939831733704
0.8595100045204163
0.5839710235595703
0.8709120154380798
0.5788480043411255
0.8823140263557434
0.5737249851226807
0.8937159776687622
0.5686010122299194
0.9051179885864258
0.5634779930114746
0.9165199995040894
0.5583549737930298
0.9279209971427917
0.5532320141792297
0.9393230080604553
0.5481079816818237
0.926833987236023
0.5476009845733643
0.9143440127372742
0.5470929741859436
0.9018539786338806
0.5465850234031677
0.889365017414093
0.5460780262947083
0.8768749833106995
0.5455700159072876
0.8643850088119507
0.5450630187988281
0.8518949747085571
0.5445550084114075
0.8394060134887695
0.5440469980239868
0.8510149717330933
0.5394120216369629
0.8626239895820618
0.5347779989242554
0.8742330074310303
0.5301430225372314
0.8858420252799988
0.5255079865455627
0.8974509835243225
0.5208730101585388
0.909060001373291
0.5162389874458313
0.9206690192222595
0.5116040110588074
0.9322779774665833
0.5069689750671387
0.9198840260505676
0.5053439736366272
0.9074900150299072
0.5037189722061157
0.8950960040092468
0.5020930171012878
0.8827019929885864
0.5004680156707764
0.870307981967926
0.4988430142402649
0.8579139709472656
0.4972180128097534
0.8455209732055664
0.49559199810028076
0.8331270217895508
0.4939669966697693
0.8404979705810547
0.48311299085617065
0.8478699922561646
0.4722580015659332
0.8552410006523132
0.4614039957523346
0.8626120090484619
0.45054900646209717
0.869983971118927
0.43969500064849854
0.8773549795150757
0.4288409948348999
