0.8316289782524109
0.05423010140657425
0.8332589864730835
0.06662330031394958
0.8348900079727173
0.07901649922132492
0.8365200161933899
0.09140969812870026
0.8381509780883789
0.10380300134420395
0.8397809863090515
0.11619599908590317
0.8414120078086853
0.12858900427818298
0.8430430293083191
0.1409820020198822
0.8446729779243469
0.1533759981393814
0.8333370089530945
0.1586419939994812
0.8220000267028809
0.1639080047607422
0.8106629848480225
0.16917400062084198
0.79932701587677
0.17443999648094177
0.7879899740219116
0.17970600724220276
0.7766540050506592
0.18497200310230255
0.7653170228004456
0.19023799896240234
0.7539799809455872
0.19550399482250214
0.7431139945983887
0.20168200135231018
0.732246994972229
0.20785999298095703
0.7213810086250305
0.21403799951076508
0.7105140089988708
0.22021600604057312
0.6996480226516724
0.22639399766921997
0.6887810230255127
0.23257200419902802
0.677914023399353
0.23874999582767487
0.6670479774475098
0.2449280023574829
0.6595649719238281
0.2549409866333008
0.6520829796791077
0.26495400071144104
0.644599974155426
0.2749670147895813
0.6371170282363892
0.28497999906539917
0.6296349763870239
0.29499301314353943
0.6221519708633423
0.3050059974193573
0.6146690249443054
0.31501901149749756
0.6071869730949402
0.32503199577331543
0.5994279980659485
0.3348329961299896
0.5916699767112732
0.3446339964866638
0.5839120149612427
0.354434996843338
0.5761529803276062
0.3642359972000122
0.5683950185775757
0.3740369975566864
0.5606369972229004
0.3838379979133606
0.5528789758682251
0.3936389982700348
0.5451200008392334
0.403439998626709
0.5370429754257202
0.41297999024391174
0.528967022895813
0.4225200116634369
0.5208899974822998
0.43206098675727844
0.5128129720687866
0.4416010081768036
0.5047360062599182
0.45114099979400635
0.4966590106487274
0.4606809914112091
0.48858198523521423
0.47022101283073425
0.4805060029029846
0.479761004447937
0.48557400703430176
0.4923129975795746
0.4906429946422577
0.504863977432251
0.495712012052536
0.5174160003662109
0.5007809996604919
0.5299670100212097
0.5058500170707703
0.5425180196762085
0.5109189748764038
0.5550699830055237
