0.5616530179977417
0.4222710132598877
0.5655900239944458
0.43413498997688293
0.5695279836654663
0.44599801301956177
0.5734649896621704
0.457861989736557
0.5774030089378357
0.46972599625587463
0.5813400149345398
0.4815889894962311
0.5852779746055603
0.4934529960155487
0.5892149806022644
0.505316972732544
0.5931529998779297
0.5171800255775452
0.6042069792747498
0.5232959985733032
0.6152610182762146
0.5294119715690613
0.6263160109519958
0.5355269908905029
0.6373699903488159
0.5416430234909058
0.6484249830245972
0.5477589964866638
