0.08558689802885056
0.8424310088157654
0.09171009808778763
0.8315330147743225
0.0978332981467247
0.820635974407196
0.10395599901676178
0.8097379803657532
0.11007999628782272
0.7988409996032715
0.11620300263166428
0.7879430055618286
0.12232600152492523
0.7770450115203857
0.1284489929676056
0.7661479711532593
0.13457199931144714
0.7552499771118164
0.13609500229358673
0.742842972278595
0.13761800527572632
0.7304369807243347
0.1391409933567047
0.7180299758911133
0.1406639963388443
0.7056229710578918
0.1421869993209839
0.6932160258293152
0.14371000230312347
0.6808090209960938
0.14523300528526306
0.6684020161628723
0.14675599336624146
0.6559950113296509
0.15492600202560425
0.6465349793434143
0.16309599578380585
0.6370739936828613
0.17126600444316864
0.6276140213012695
0.17943599820137024
0.6181529760360718
0.18760600686073303
0.6086919903755188
0.19577600061893463
0.599232017993927
0.20394499599933624
0.5897709727287292
0.21211500465869904
0.5803099870681763
0.22140100598335266
0.5719419717788696
0.2306859940290451
0.5635740160942078
0.23997199535369873
0.5552049875259399
0.24925699830055237
0.5468369722366333
0.2585430145263672
0.5384690165519714
0.26782798767089844
0.5300999879837036
0.27711400389671326
0.521731972694397
0.2863990068435669
0.5133640170097351
0.28529301285743713
0.5009130239486694
0.2841860055923462
0.48846200108528137
0.28307899832725525
0.4760110080242157
0.2819730043411255
0.46355998516082764
0.28086599707603455
0.45110899209976196
0.2797589898109436
0.4386579990386963
0.27865299582481384
0.4262070059776306
0.2775459885597229
0.41375601291656494
0.2715960144996643
0.4027630090713501
0.2656460106372833
0.39177000522613525
0.25969600677490234
0.3807770013809204
0.25374600291252136
0.36978399753570557
0.24779599905014038
0.3587909936904907
0.2418459951877594
0.3477979898452759
0.2358960062265396
0.33680498600006104
0.22994600236415863
0.3258120119571686
0.2191839963197708
0.31945401430130005
0.2084220051765442
0.31309598684310913
0.19765900075435638
0.3067379891872406
0.18689699470996857
0.30037999153137207
0.17613500356674194
0.29402199387550354
0.16537299752235413
0.287663996219635
0.15460999310016632
0.2813059985637665
0.1438480019569397
0.27494800090789795
0.1429390013217926
0.2624810039997101
0.14202900230884552
0.2500140070915222
0.14112000167369843
0.23754699528217316
0.14021000266075134
0.2250799983739853
0.13930100202560425
0.21261300146579742
0.13839100301265717
0.20014700293540955
0.13748200237751007
0.18768000602722168
0.136572003364563
0.17521299421787262
0.14555400609970093
0.16651900112628937
0.15453599393367767
0.1578260064125061
0.16351699829101562
0.14913199841976166
0.17249900102615356
0.1404380053281784
0.1814810037612915
0.13174499571323395
0.19046199321746826
0.1230510026216507
0.1994439959526062
0.11435700207948685
0.20842599868774414
0.10566399991512299
0.22072799503803253
0.1034500002861023
0.2330310046672821
0.10123699903488159
0.2453330010175705
0.0990234985947609
0.25763601064682007
0.09681010246276855
0.26993799209594727
0.09459660202264786
0.28224098682403564
0.09238319844007492
0.29454299807548523
0.09016980230808258
0.3068459928035736
0.08795630186796188
0.3193399906158447
0.08759459853172302
0.331835001707077
0.08723290264606476
0.3443300127983093
0.0868711993098259
0.35682499408721924
0.08650950342416763
0.36931899189949036
0.08614780008792877
0.38181400299072266
0.08578609675168991
0.39430901408195496
0.08542440086603165
0.40680399537086487
0.08506260067224503
0.4128809869289398
0.09598609805107117
0.418956995010376
0.10690999776124954
0.4250339865684509
0.11783300340175629
0.43111100792884827
0.12875600159168243
0.4371879994869232
0.13967999815940857
0.44326499104499817
0.15060299634933472
0.4493420124053955
0.16152699291706085
0.45541900396347046
0.1724500060081482
0.46065500378608704
0.18379999697208405
0.4658919870853424
0.19515100121498108
0.471127986907959
0.20650100708007812
0.47636398673057556
0.21785099804401398
0.4816009998321533
0.229202002286911
0.4868369996547699
0.24055199325084686
0.49207401275634766
0.2519020140171051
0.49731001257896423
0.26325300335884094
0.5035520195960999
0.2740829885005951
0.5097929835319519
0.28491300344467163
0.5160350203514099
0.2957429885864258
0.5222769975662231
0.3065730035305023
0.52851802110672
0.31740400195121765
0.5347599983215332
0.3282339870929718
0.54100102186203
0.33906400203704834
0.5472429990768433
0.3498939871788025
0.5538480281829834
0.36050599813461304
0.5604540109634399
0.3711180090904236
0.5670589804649353
0.38172999024391174
0.5736650228500366
0.39234301447868347
0.580269992351532
0.40295499563217163
0.5868759751319885
0.4135670065879822
0.5934810042381287
0.42417898774147034
0.6000869870185852
0.4347909986972809
0.6051869988441467
0.44620299339294434
0.6102870106697083
0.45761600136756897
0.6153879761695862
0.4690279960632324
0.6204879879951477
0.4804399907588959
0.6255879998207092
0.4918519854545593
0.6306880116462708
0.5032640099525452
0.6357889771461487
0.5146759748458862
0.6408889889717102
0.5260879993438721
0.6448349952697754
0.5379490256309509
0.6487820148468018
0.549809992313385
0.6527280211448669
0.5616710186004639
0.6566740274429321
0.5735309720039368
0.6606209874153137
0.5853919982910156
0.6645669937133789
0.5972530245780945
0.6685140132904053
0.6091129779815674
0.6724600195884705
0.6209740042686462
0.6815029978752136
0.6296039819717407
0.6905450224876404
0.6382349729537964
0.6995880007743835
0.6468650102615356
0.7086300253868103
0.6554949879646301
0.7176730036735535
0.6641250252723694
0.7267159819602966
0.672756016254425
0.7357580065727234
0.6813859939575195
0.7448009848594666
0.690015971660614
0.7467799782752991
0.7023580074310303
0.7487599849700928
0.7147009968757629
0.7507389783859253
0.7270429730415344
0.752718985080719
0.7393850088119507
0.7546979784965515
0.7517269849777222
0.7566779851913452
0.7640699744224548
0.7586579918861389
0.7764120101928711
0.7606369853019714
0.7887539863586426
0.7604449987411499
0.8012530207633972
0.7602530121803284
0.8137509822845459
0.7600619792938232
0.8262500166893005
0.7598699927330017
0.8387479782104492
0.7596780061721802
0.8512470126152039
0.7594860196113586
0.8637449741363525
0.7592939734458923
0.8762440085411072
0.7591019868850708
0.8887420296669006
0.7688040137290955
0.8984180092811584
0.7785059809684753
0.9080929756164551
0.7882080078125
0.9177690148353577
