0.18480899930000305
0.36518600583076477
0.1971990019083023
0.36683499813079834
0.20959000289440155
0.3684850037097931
0.2219810038805008
0.37013500928878784
0.23437200486660004
0.3717840015888214
0.2467619925737381
0.37343400716781616
0.25915300846099854
0.37508299946784973
0.2715440094470978
0.3767330050468445
0.28393399715423584
0.37838301062583923
0.29506799578666687
0.3727000057697296
0.3062019944190979
0.3670180141925812
0.31733500957489014
0.36133500933647156
0.32846900820732117
0.35565298795700073
0.3396030068397522
0.3499700129032135
0.3507370054721832
0.3442879915237427
0.3618699908256531
0.33860498666763306
0.3730039894580841
0.3329229950904846
0.371286004781723
0.32054200768470764
0.36956799030303955
0.3081600069999695
0.36785000562667847
0.2957789897918701
0.3661330044269562
0.28339698910713196
0.3644149899482727
0.271016001701355
0.3626970052719116
0.258635014295578
0.36097899079322815
0.24625299870967865
0.35926100611686707
0.23387199640274048
0.360725998878479
0.22145800292491913
0.36219000816345215
0.20904399454593658
0.3636550009250641
0.19663000106811523
0.365119993686676
0.1842159926891327
0.36658400297164917
0.17180199921131134
0.3680489957332611
0.15938800573349
0.36951398849487305
0.14697499573230743
0.3709779977798462
0.13456100225448608
0.38131800293922424
0.12753599882125854
0.3916569948196411
0.1205110028386116
0.401995986700058
0.11348599940538406
0.41233500838279724
0.10646100342273712
0.4226750135421753
0.09943590313196182
0.43301400542259216
0.09241089969873428
0.44335299730300903
0.0853860005736351
0.4536919891834259
0.07836110144853592
0.46096301078796387
0.08852919936180115
0.46823298931121826
0.09869729727506638
0.4755040109157562
0.10886500030755997
0.4827739894390106
0.11903399974107742
0.4900450110435486
0.1292019933462143
0.497314989566803
0.13936999440193176
0.5045859813690186
0.14953799545764923
0.5118560194969177
0.1597059965133667
0.5139089822769165
0.17203600704669952
0.5159609913825989
0.18436700105667114
0.5180140137672424
0.19669699668884277
0.5200669765472412
0.2090270072221756
0.5221189856529236
0.22135800123214722
0.5241720080375671
0.23368799686431885
0.5262249708175659
0.24601800739765167
0.5282779932022095
0.2583479881286621
0.5325599908828735
0.2700920104980469
0.5368430018424988
0.28183498978614807
0.541126012802124
0.29357901215553284
0.5454080104827881
0.30532199144363403
0.5496910214424133
0.3170660138130188
0.5539739727973938
0.32880899310112
0.558256983757019
0.3405529856681824
0.5625389814376831
0.35229599475860596
0.5650720000267029
0.36453700065612793
0.5676050186157227
0.3767769932746887
0.5701379776000977
0.3890179991722107
0.5726720094680786
0.40125900506973267
0.5752050280570984
0.41349899768829346
0.5777379870414734
0.42574000358581543
0.5802710056304932
0.4379810094833374
0.5828040242195129
0.4502210021018982
0.5861279964447021
0.4622710049152374
0.5894520282745361
0.47432100772857666
0.5927770137786865
0.4863710105419159
0.5961009860038757
0.4984210133552551
0.5994250178337097
0.5104699730873108
0.6027500033378601
0.5225200057029724
0.6060739755630493
0.5345699787139893
0.6093980073928833
0.5466200113296509
0.6110339760780334
0.5590130090713501
0.6126689910888672
0.5714049935340881
0.6143050193786621
0.5837979912757874
0.6159399747848511
0.5961899757385254
0.6175749897956848
0.6085829734802246
0.6192110180854797
0.6209750175476074
0.6208459734916687
0.6333680152893066
0.6224820017814636
0.6457599997520447
0.6260780096054077
0.6577320098876953
0.6296740174293518
0.669704020023346
0.6332700252532959
0.6816750168800354
0.6368650197982788
0.693647027015686
0.6404610276222229
0.7056189775466919
0.6440569758415222
0.7175899744033813
0.6476529836654663
0.729561984539032
0.6512489914894104
0.7415329813957214
0.6513299942016602
0.7545539736747742
0.6514109969139099
0.7675750255584717
0.6514919996261597
0.7805960178375244
