0.7839509844779968
0.23653699457645416
0.7751849889755249
0.24544799327850342
0.766418993473053
0.25435900688171387
0.757652997970581
0.26326999068260193
0.7488870024681091
0.2721810042858124
0.7401210069656372
0.28109198808670044
0.7313550114631653
0.2900030016899109
0.7225890159606934
0.29891398549079895
0.7138230204582214
0.3078249990940094
0.7076020240783691
0.318668007850647
0.7013810276985168
0.32951000332832336
0.695160984992981
0.34035199880599976
0.6889399886131287
0.35119399428367615
0.6827189922332764
0.36203598976135254
0.6764979958534241
0.37287798523902893
0.670278012752533
0.3837200105190277
0.6640570163726807
0.3945629894733429
0.6573740243911743
0.40512600541114807
0.6506919860839844
0.41569000482559204
0.6440100073814392
0.426254004240036
0.6373270153999329
0.43681800365448
0.6306449770927429
0.44738200306892395
0.6239619851112366
0.4579460024833679
0.6172800064086914
0.4685100018978119
0.6105980277061462
0.47907400131225586
0.6023439764976501
0.4884609878063202
0.5940899848937988
0.4978480041027069
0.5858359932899475
0.5072349905967712
0.5775820016860962
0.5166230201721191
0.5693269968032837
0.5260099768638611
0.5610730051994324
0.5353969931602478
0.552819013595581
0.5447840094566345
0.5445650219917297
0.5541719794273376
0.5397639870643616
0.5657129883766174
0.534961998462677
0.5772539973258972
0.5301610231399536
0.588795006275177
0.5253589749336243
0.6003360152244568
0.5205579996109009
0.6118770241737366
0.5157560110092163
0.6234179735183716
0.5109549760818481
0.6349589824676514
0.5061540007591248
0.6464999914169312
0.49948200583457947
0.6570709943771362
0.4928100109100342
0.6676409840583801
0.4861379861831665
0.6782119870185852
0.4794670045375824
0.6887829899787903
0.4727950096130371
0.6993529796600342
0.4661230146884918
0.7099239826202393
0.45945098996162415
0.7204939723014832
0.45278000831604004
0.7310649752616882
0.44586700201034546
0.7414799928665161
0.4389539957046509
0.7518939971923828
0.4320409893989563
0.7623090147972107
0.4251280128955841
0.7727230191230774
0.4182150065898895
0.7831379771232605
0.41130200028419495
0.7935519814491272
0.40439000725746155
0.8039669990539551
0.39747700095176697
0.8143810033798218
0.3893280029296875
0.8049020171165466
0.38117900490760803
0.7954239845275879
0.37303000688552856
0.7859449982643127
0.3648819923400879
0.7764660120010376
0.3567329943180084
0.7669870257377625
0.34858399629592896
0.7575089931488037
0.3404349982738495
0.7480300068855286
0.33228600025177
0.7385510206222534
0.32904401421546936
0.7257320284843445
0.3258019983768463
0.7129120230674744
