0.07600019872188568
0.7057250142097473
0.08845850080251694
0.704704999923706
0.10091699659824371
0.7036849856376648
0.11337500065565109
0.7026649713516235
0.12583300471305847
0.7016459703445435
0.13829199969768524
0.700626015663147
0.15074999630451202
0.6996060013771057
0.1632079929113388
0.6985859870910645
0.17566700279712677
0.6975669860839844
0.17950600385665894
0.6856709718704224
0.1833450049161911
0.6737750172615051
0.18718400597572327
0.6618790030479431
0.19102300703525543
0.6499829888343811
0.1948619931936264
0.6380869746208191
0.19870099425315857
0.6261910200119019
0.20253999531269073
0.6142950057983398
0.2063789963722229
0.602400004863739
0.20393499732017517
0.5901409983634949
0.20149099826812744
0.5778819918632507
0.1990479975938797
0.5656229853630066
0.19660399854183197
0.5533639788627625
0.19415999948978424
0.5411059856414795
0.1917160004377365
0.5288469791412354
0.18927299976348877
0.5165879726409912
0.18682900071144104
0.5043290257453918
0.1819619983434677
0.4928160011768341
0.1770939975976944
0.4813019931316376
0.17222699522972107
0.4697889983654022
0.16735999286174774
0.4582749903202057
0.1624930053949356
0.44676199555397034
0.1576250046491623
0.4352479875087738
0.15275800228118896
0.42373499274253845
0.14789099991321564
0.4122210144996643
0.1525309979915619
0.4006139934062958
0.15717099606990814
0.38900700211524963
0.1618109941482544
0.3774009943008423
0.16645100712776184
0.36579400300979614
0.1710910052061081
0.35418701171875
0.17573100328445435
0.34257999062538147
0.1803710013628006
0.3309729993343353
0.18501099944114685
0.3193660080432892
0.1973550021648407
0.3174020051956177
0.20970000326633453
0.315436989068985
0.22204500436782837
0.3134729862213135
0.23438900709152222
0.31150901317596436
0.24673399329185486
0.30954399704933167
0.2590790092945099
0.30757999420166016
0.27142399549484253
0.30561599135398865
0.2837679982185364
0.30365198850631714
0.29346901178359985
0.3127250075340271
0.3031710088253021
0.3217979967594147
0.3128719925880432
0.33087098598480225
0.3225730061531067
0.3399440050125122
0.3322739899158478
0.3490169942378998
0.34197500348091125
0.35809099674224854
