0.7159019708633423
0.6015920042991638
0.7040190100669861
0.6054710149765015
0.6921359896659851
0.6093500256538391
0.6802530288696289
0.613228976726532
0.6683700084686279
0.6171079874038696
0.656486988067627
0.6209869980812073
0.6446040272712708
0.6248649954795837
0.6327210068702698
0.6287440061569214
0.6208379864692688
0.632623016834259
0.6088520288467407
0.6361709833145142
0.5968660116195679
0.6397179961204529
0.584879994392395
0.6432660222053528
0.5728939771652222
0.6468129754066467
0.5609080195426941
0.6503610014915466
0.5489220023155212
0.6539080142974854
0.5369359850883484
0.6574559807777405
0.5249500274658203
0.6610029935836792
0.5151659846305847
0.653223991394043
0.5053820013999939
0.6454439759254456
0.4955979883670807
0.6376649737358093
0.4858129918575287
0.6298850178718567
0.47602900862693787
0.6221060156822205
0.46624499559402466
0.614326000213623
0.45646101236343384
0.6065469980239868
0.44667699933052063
0.5987669825553894
0.4575819969177246
0.5926579833030701
0.4684869945049286
0.5865479707717896
0.47939300537109375
0.5804389715194702
0.49029800295829773
0.5743290185928345
0.5012030005455017
0.5682200193405151
0.5121080279350281
0.5621100068092346
0.5230129957199097
0.5560010075569153
0.5339189767837524
0.5498909950256348
0.5459679961204529
0.546563982963562
0.5580170154571533
0.5432360172271729
0.5700650215148926
0.5399090051651001
0.5821139812469482
0.5365809798240662
0.5941630005836487
0.533253014087677
0.6062120199203491
0.5299260020256042
0.6182609796524048
0.5265979766845703
0.6303099989891052
0.5232710242271423
0.6427419781684875
0.5219630002975464
0.6551730036735535
0.5206549763679504
0.6676040291786194
0.5193470120429993
0.6800360083580017
0.5180400013923645
0.6924669742584229
0.5167319774627686
0.70489901304245
0.5154240131378174
0.7173299789428711
0.5141159892082214
0.729761004447937
0.5128089785575867
0.7422230243682861
0.5118290185928345
0.7546849846839905
0.5108489990234375
0.7671459913253784
0.5098689794540405
0.7796080112457275
0.5088890194892883
0.7920690178871155
0.5079079866409302
0.8045309782028198
0.506928026676178
0.8169919848442078
0.505948007106781
0.8294540047645569
0.504967987537384
0.8418750166893005
0.49855801463127136
0.8542969822883606
0.4921469986438751
0.8667190074920654
0.48573601245880127
0.8791409730911255
0.4793260097503662
