0.23635299503803253
0.2989709973335266
0.22967100143432617
0.28840699791908264
0.22298899292945862
0.27784299850463867
0.21630699932575226
0.2672789990901947
0.2096250057220459
0.25671499967575073
0.20294199883937836
0.24615100026130676
0.196260005235672
0.2355870008468628
0.18957799673080444
0.22502200305461884
0.18289600312709808
0.21445800364017487
0.1724729984998703
0.2075590044260025
0.16204899549484253
0.20066000521183014
0.15162600576877594
0.19376100599765778
0.14120200276374817
0.18686099350452423
0.13077899813652039
0.17996199429035187
0.12035500258207321
0.1730629950761795
0.10993199795484543
0.16616299748420715
0.09950809925794601
0.1592639982700348
0.0976552963256836
0.14758899807929993
0.09580239653587341
0.13591399788856506
0.09394949674606323
0.1242389976978302
0.09209670126438141
0.11256399750709534
0.09024380147457123
0.10088899731636047
