0.31778600811958313
0.35543298721313477
0.31400299072265625
0.36734700202941895
0.3102189898490906
0.37926098704338074
0.3064349889755249
0.39117398858070374
0.3026520013809204
0.4030880033969879
0.29886800050735474
0.4150019884109497
0.29508501291275024
0.4269149899482727
0.29130101203918457
0.4388290047645569
0.2875170111656189
0.4507420063018799
0.27628499269485474
0.4452570080757141
0.26505300402641296
0.43977200984954834
0.25382000207901
0.43428701162338257
0.24258799850940704
0.4288020133972168
0.23135599493980408
0.42331698536872864
0.2201240062713623
0.41783198714256287
0.20889100432395935
0.4123469889163971
0.19765900075435638
0.4068619906902313
0.18967700004577637
0.3972429931163788
0.18169499933719635
0.38762301206588745
0.17371399700641632
0.37800300121307373
0.1657319962978363
0.36838299036026
0.1577499955892563
0.3587630093097687
0.14976799488067627
0.34914299845695496
0.14178599417209625
0.3395240008831024
0.13380500674247742
0.3299039900302887
0.1199520006775856
0.328357994556427
0.10609900206327438
0.3268119990825653
0.09224560111761093
0.3252660036087036
0.07839260250329971
0.3237200081348419
0.06453949958086014
0.3221740126609802
