0.21172599494457245
0.48040398955345154
0.21350599825382233
0.4927760064601898
0.2152860015630722
0.5051490068435669
0.21706600487232208
0.5175219774246216
0.21884599328041077
0.5298939943313599
0.22062599658966064
0.5422670245170593
0.22240599989891052
0.554639995098114
0.2241860032081604
0.5670120120048523
0.22596600651741028
0.579384982585907
0.23830200731754303
0.581400990486145
0.2506380081176758
0.5834180116653442
0.2629750072956085
0.5854349732398987
0.2753109931945801
0.5874509811401367
0.287647008895874
0.5894680023193359
0.2999829947948456
0.591484010219574
0.3123199939727783
0.5935009717941284
0.32465600967407227
0.5955179929733276
0.31473401188850403
0.6009569764137268
0.3048120141029358
0.6063969731330872
