0.1321610063314438
0.9290440082550049
0.1438560038805008
0.9246320128440857
0.1555519998073578
0.9202190041542053
0.1672469973564148
0.915805995464325
0.1789419949054718
0.9113929867744446
0.19063700735569
0.9069799780845642
0.202332004904747
0.902567982673645
0.214028000831604
0.8981549739837646
0.225722998380661
0.893742024898529
0.2374889999628067
0.8895230293273926
0.2492550015449524
0.8853030204772949
0.26102200150489807
0.8810840249061584
0.27278798818588257
0.8768640160560608
0.28455400466918945
0.8726450204849243
0.29632100462913513
0.8684250116348267
0.30808699131011963
0.8642060160636902
0.3198530077934265
0.8599860072135925
0.3279930055141449
0.8504999876022339
0.3361330032348633
0.8410130143165588
0.34427300095558167
0.8315269947052002
0.35241198539733887
0.8220400214195251
0.36055201292037964
0.8125540018081665
0.368692010641098
0.8030670285224915
0.3768320083618164
0.7935810089111328
0.3849709928035736
0.784093976020813
0.37501201033592224
0.776540994644165
0.3650520145893097
0.7689869999885559
0.35509198904037476
0.761434018611908
0.3451319932937622
0.7538809776306152
0.33517301082611084
0.7463269829750061
0.3252129852771759
0.7387740015983582
0.31525298953056335
0.7312210202217102
0.3052929937839508
0.7236670255661011
0.3003070056438446
0.7122049927711487
0.2953200042247772
0.7007430195808411
0.29033300280570984
0.6892799735069275
0.28534701466560364
0.6778180003166199
0.28036001324653625
0.6663560271263123
0.27537399530410767
0.6548939943313599
0.2703869938850403
0.6434310078620911
0.2653999924659729
0.6319689750671387
0.257548987865448
0.6222419738769531
0.2496979981660843
0.6125159859657288
0.2418469935655594
0.6027889847755432
0.23399600386619568
0.5930619835853577
0.22614499926567078
0.5833349823951721
0.21829399466514587
0.5736089944839478
0.21044200658798218
0.5638819932937622
0.20259100198745728
0.5541549921035767
0.20214900374412537
0.5416629910469055
0.20170700550079346
0.5291709899902344
0.20126500725746155
0.5166789889335632
0.20082199573516846
0.5041869878768921
0.20037999749183655
0.49169400334358215
0.19993799924850464
0.479202002286911
0.19949600100517273
0.46671000123023987
0.19905300438404083
0.4542180001735687
0.20854799449443817
0.4460870027542114
0.2180429995059967
0.4379569888114929
0.22753700613975525
0.4298270046710968
0.2370319962501526
0.4216960072517395
0.24652600288391113
0.413565993309021
0.25602099299430847
0.4054349958896637
0.265514999628067
0.3973050117492676
0.27500998973846436
0.3891740143299103
0.28530600666999817
0.38208699226379395
0.2956030070781708
0.375
0.3059000074863434
0.36791300773620605
0.3161959946155548
0.3608259856700897
0.3264929950237274
0.3537389934062958
0.3367899954319
0.34665098786354065
0.34708699584007263
0.3395639955997467
0.35738301277160645
0.33247700333595276
0.36942699551582336
0.3358219861984253
0.38147100806236267
0.3391669988632202
0.39351600408554077
0.34251201152801514
0.4055599868297577
0.34585800766944885
0.417603999376297
0.3492029905319214
0.4296480119228363
0.3525480031967163
0.4416919946670532
0.35589298605918884
0.45373600721359253
0.35923799872398376
0.46606001257896423
0.35675498843193054
0.47838398814201355
0.3542720079421997
