0.47217199206352234
0.7985209822654724
0.4631960093975067
0.8072199821472168
0.4542190134525299
0.8159189820289612
0.4452419877052307
0.8246170282363892
0.4362660050392151
0.8333160281181335
0.4272890090942383
0.8420150279998779
0.4183120131492615
0.8507140278816223
0.4093349874019623
0.8594120144844055
0.40035900473594666
0.8681110143661499
0.39335599541664124
0.878466010093689
0.3863529860973358
0.8888199925422668
0.3793509900569916
0.8991739749908447
0.37234801054000854
0.9095289707183838
0.3653450012207031
0.9198830127716064
0.3583419919013977
0.9302369952201843
0.35133999586105347
0.9405919909477234
0.34433698654174805
0.9509459733963013
0.3328549861907959
0.9460049867630005
0.32137298583984375
0.9410640001296997
0.3098909854888916
0.9361230134963989
0.29840898513793945
0.9311829805374146
0.2869270145893097
0.9262419939041138
0.27544400095939636
0.921301007270813
0.2639620006084442
0.9163600206375122
0.25248000025749207
0.9114189743995667
0.24943000078201294
0.8992969989776611
0.2463800013065338
0.8871750235557556
0.2433300018310547
0.8750529885292053
0.24028000235557556
0.8629310131072998
0.23723000288009644
0.8508080244064331
0.2341800034046173
0.8386859893798828
0.23113000392913818
0.8265640139579773
0.22808100283145905
0.814441978931427
0.22723299264907837
0.8019710183143616
0.22638599574565887
0.7894989848136902
0.2255380004644394
0.7770280241966248
0.2246910035610199
0.7645570039749146
0.2238440066576004
0.7520859837532043
0.22299599647521973
0.7396140098571777
0.22214899957180023
0.7271429896354675
0.22130100429058075
0.7146720290184021
0.23102299869060516
0.7068150043487549
0.24074499309062958
0.6989570260047913
0.250465989112854
0.691100001335144
0.2601880133152008
0.6832429766654968
0.2699100077152252
0.6753849983215332
0.27963200211524963
0.667527973651886
0.28935301303863525
0.6596699953079224
0.29907500743865967
0.6518129706382751
0.29555898904800415
0.639818012714386
0.292043000459671
0.6278219819068909
0.2885270118713379
0.6158270239830017
0.28501200675964355
0.6038320064544678
0.28149598836898804
0.5918359756469727
0.2779799997806549
0.5798410177230835
0.2744640111923218
0.5678460001945496
0.27094799280166626
0.5558500289916992
0.2797049880027771
0.5469300150871277
0.28846099972724915
0.5380100011825562
0.29721799492836
0.5290899872779846
0.3059749901294708
0.5201699733734131
0.31473198533058167
0.5112500190734863
0.3234879970550537
0.5023289918899536
0.33224499225616455
0.49340900778770447
0.3410019874572754
0.48448899388313293
0.33696800470352173
0.4726580083370209
0.3329339921474457
0.4608269929885864
0.328900009393692
0.4489949941635132
0.32486599683761597
0.4371640086174011
0.3208320140838623
0.4253329932689667
0.31679901480674744
0.4135020077228546
0.3127650022506714
0.40167099237442017
0.30873098969459534
0.3898389935493469
0.31757301092147827
0.3810040056705475
0.3264159858226776
0.37216898798942566
0.33525800704956055
0.3633340001106262
0.3441010117530823
0.3544990122318268
0.3529430031776428
0.34566301107406616
0.36178600788116455
0.33682799339294434
0.3706279993057251
0.3279930055141449
0.3794710040092468
0.31915798783302307
0.37298598885536194
0.30847200751304626
0.36650100350379944
0.2977850139141083
0.36001598834991455
0.2870990037918091
0.35353198647499084
0.2764120101928711
0.34704700112342834
0.2657260000705719
0.34056198596954346
0.2550399899482727
0.33407700061798096
0.24435299634933472
0.32759299874305725
0.23366700112819672
0.33641698956489563
0.22481399774551392
0.3452410101890564
0.21595999598503113
0.3540650010108948
0.20710699260234833
0.36288899183273315
0.19825300574302673
0.3717139959335327
0.18940000236034393
0.3805379867553711
0.18054600059986115
0.38936200737953186
0.17169299721717834
0.39818599820137024
0.16283999383449554
0.40725699067115784
0.1542389988899231
0.4163280129432678
0.14563800394535065
0.4253990054130554
0.13703800737857819
0.4344690144062042
0.12843699753284454
0.4435400068759918
0.1198360025882721
0.4526109993457794
0.11123599857091904
0.461681991815567
0.10263500362634659
0.4707520008087158
0.09403420239686966
0.4829869866371155
0.09659600257873535
0.4952220022678375
0.09915769845247269
0.5074560046195984
0.10171899944543839
0.519690990447998
0.1042810007929802
0.5319259762763977
0.106843002140522
0.544160008430481
0.10940500348806381
0.5563949942588806
0.11196699738502502
0.5686299800872803
0.11452800035476685
0.5811290144920349
0.11466299742460251
0.5936279892921448
0.11479800194501877
0.6061279773712158
0.11493299901485443
0.6186270117759705
0.11506800353527069
0.6311259865760803
0.11520300060510635
0.643625020980835
0.11533799767494202
0.656125009059906
0.11547300219535828
0.6686239838600159
0.11560700088739395
0.6701160073280334
0.1027040034532547
0.6716089844703674
0.08980129659175873
0.673101007938385
0.07689829915761948
0.674593985080719
0.06399530172348022
