0.09879600256681442
0.03508390113711357
0.09938369691371918
0.04757000133395195
0.09997139871120453
0.06005619838833809
0.10055900365114212
0.07254239916801453
0.10114700347185135
0.08502860367298126
0.10173399746417999
0.09751469641923904
0.10232199728488922
0.11000099778175354
0.10290999710559845
0.12248700112104416
0.10349799692630768
0.13497300446033478
0.10424099862575531
0.1474509984254837
0.10498400032520294
0.15992900729179382
0.10572700202465057
0.17240700125694275
0.1064700037240982
0.18488499522209167
0.10721399635076523
0.1973630040884018
0.10795699805021286
0.20984099805355072
0.10869999974966049
0.22231799364089966
0.10944300144910812
0.23479600250720978
0.11775100231170654
0.2441360056400299
0.12605899572372437
0.25347599387168884
0.1343660056591034
0.26281601190567017
0.14267399907112122
0.2721560001373291
0.15098200738430023
0.28149598836898804
0.15928900241851807
0.29083600640296936
0.1675969958305359
0.3001750111579895
0.17590400576591492
0.30951499938964844
0.18456600606441498
0.3005029857158661
0.19322800636291504
0.29148998856544495
0.20188899338245392
0.282478004693985
0.21055099368095398
0.27346500754356384
0.21921299397945404
0.2644520103931427
0.2278739959001541
0.25543999671936035
0.23653599619865417
0.2464269995689392
0.24519799649715424
0.23741500079631805
0.25246500968933105
0.2272450029850006
0.2597329914569855
0.21707500517368317
0.2669999897480011
0.20690399408340454
0.2742680013179779
0.1967339962720871
0.2815360128879547
0.18656399846076965
0.28880301117897034
0.1763940006494522
0.29607099294662476
0.16622400283813477
0.3033379912376404
0.15605400502681732
0.31267398595809937
0.14774100482463837
0.32200899720191956
0.1394290030002594
0.33134499192237854
0.13111600279808044
0.34068000316619873
0.12280400097370148
0.3500159978866577
0.11449100077152252
0.3593510091304779
0.10617800056934357
0.3686870038509369
0.09786590188741684
0.3780219852924347
0.08955340087413788
0.39022698998451233
0.09225499629974365
0.40243199467658997
0.09495650231838226
0.4146359860897064
0.09765809774398804
0.42684099078178406
0.10035999864339828
0.4390450119972229
0.1030609980225563
0.45124998688697815
0.10576300323009491
0.463454008102417
0.10846400260925293
0.47565901279449463
0.11116600036621094
0.486270010471344
0.11777400225400925
0.4968799948692322
0.12438199669122696
0.5074909925460815
0.13098999857902527
0.5181009769439697
0.13759799301624298
0.5287119746208191
0.14420700073242188
0.539322018623352
0.1508149951696396
0.5499330163002014
0.1574230045080185
0.5605430006980896
0.1640309989452362
0.5696089863777161
0.1726370006799698
0.5786740183830261
0.18124300241470337
0.5877400040626526
0.18985000252723694
0.5968049764633179
0.19845600426197052
0.6058710217475891
0.2070620059967041
0.6149359941482544
0.2156679928302765
0.6240019798278809
0.22427399456501007
0.6330670118331909
0.23288099467754364
0.6450110077857971
0.23260800540447235
0.6569550037384033
0.23233500123023987
0.6688989996910095
0.23206199705600739
0.6808419823646545
0.2317889928817749
