0.07137449830770493
0.6936159729957581
0.08148399740457535
0.6862639784812927
0.09159339964389801
0.6789129972457886
0.10170300304889679
0.6715610027313232
0.11181200295686722
0.6642090082168579
0.12192200124263763
0.6568570137023926
0.13203099370002747
0.6495050191879272
0.14214099943637848
0.6421539783477783
0.1522500067949295
0.634801983833313
0.1623460054397583
0.6421719789505005
0.1724420040845871
0.6495429873466492
0.1825380027294159
0.6569139957427979
0.1926330029964447
0.6642839908599854
0.2027290016412735
0.671654999256134
0.2128250002861023
0.6790249943733215
0.2229209989309311
0.6863960027694702
0.2330169975757599
0.6937659978866577
0.24523699283599854
0.696395993232727
0.2574569880962372
0.6990259885787964
0.2696770131587982
0.7016549706459045
0.28189799189567566
0.7042850255966187
0.2941179871559143
0.706915020942688
0.30633801221847534
0.7095450162887573
0.318558007478714
0.7121739983558655
0.33077898621559143
0.7148039937019348
0.3358590006828308
0.7033830285072327
0.340939998626709
0.6919620037078857
0.34602099657058716
0.6805409789085388
0.35110199451446533
0.6691210269927979
0.3561829924583435
0.6577000021934509
0.3612630069255829
0.646278977394104
0.36634400486946106
0.6348580121994019
0.37142500281333923
0.6234369874000549
0.3605780005455017
0.6172249913215637
0.3497309982776642
0.6110119819641113
0.33888399600982666
0.6047989726066589
0.3280380070209503
0.5985869765281677
0.3171910047531128
0.5923740267753601
0.30634400248527527
0.5861619710922241
0.29549700021743774
0.5799490213394165
0.2846499979496002
0.5737370252609253
0.2776179909706116
0.5697090029716492
