0.6789870262145996
0.8570560216903687
0.6665449738502502
0.855849027633667
0.6541039943695068
0.8546429872512817
0.6416620016098022
0.8534359931945801
0.6292200088500977
0.8522289991378784
0.6167790293693542
0.8510230183601379
0.6043369770050049
0.8498160243034363
0.5918949842453003
0.848609983921051
0.5794540047645569
0.8474029898643494
0.5675439834594727
0.8511999845504761
0.5556349754333496
0.8549969792366028
0.5437260270118713
0.8587939739227295
0.5318160057067871
0.862591028213501
0.5199069976806641
0.8663880228996277
0.5079969763755798
0.8701840043067932
0.4960879981517792
0.8739809989929199
0.48417899012565613
0.8777779936790466
0.4723210036754608
0.8817340135574341
0.4604629874229431
0.8856899738311768
0.448606014251709
0.8896459937095642
0.4367479979991913
0.8936010003089905
0.42489099502563477
0.8975570201873779
0.41303300857543945
0.9015129804611206
0.40117600560188293
0.9054690003395081
0.38931798934936523
0.9094250202178955
0.3830130100250244
0.8986309766769409
0.3767080008983612
0.8878380060195923
0.370402991771698
0.8770449757575989
0.3640980124473572
0.8662509918212891
0.35779300332069397
0.8554580211639404
0.35148799419403076
0.844664990901947
0.34518301486968994
0.8338710069656372
0.33887800574302673
0.8230779767036438
0.331153005361557
0.8132500052452087
0.3234289884567261
0.8034229874610901
0.31570398807525635
0.7935960292816162
0.3079789876937866
0.7837679982185364
0.3002539873123169
0.7739409804344177
0.29252898693084717
0.7641140222549438
0.28480398654937744
0.754285991191864
0.2770789861679077
0.7444589734077454
0.27999600768089294
0.7323039770126343
0.2829129993915558
0.7201489806175232
0.28582999110221863
0.7079939842224121
0.28874701261520386
0.695838987827301
0.2916629910469055
0.6836839914321899
0.29458001255989075
0.67153000831604
0.2974970042705536
0.659375011920929
0.30041399598121643
0.6472200155258179
0.30133599042892456
0.6347540020942688
0.3022580146789551
0.6222879886627197
0.3031800091266632
0.6098219752311707
0.30410200357437134
0.5973560214042664
0.30502399802207947
0.5848900079727173
0.3059459924697876
0.5724239945411682
0.3068690001964569
0.5599579811096191
0.30779099464416504
0.5474920272827148
0.3086540102958679
0.5350220203399658
0.3095180094242096
0.5225520133972168
0.31038200855255127
0.5100820064544678
0.31124499440193176
0.49761199951171875
0.31210899353027344
0.4851419925689697
0.3129729926586151
0.4726710021495819
0.313836008310318
0.4602009952068329
0.31470000743865967
0.44773098826408386
0.32120001316070557
0.43705400824546814
0.3276999890804291
0.42637699842453003
0.334199994802475
0.4156999886035919
0.3407000005245209
0.4050230085849762
0.3472000062465668
0.3943459987640381
0.35370001196861267
0.3836689889431
0.3601999878883362
0.37299200892448425
0.3666999936103821
0.36231499910354614
0.3707979917526245
0.350504994392395
0.37489598989486694
0.3386960029602051
0.3789939880371094
0.32688701152801514
0.383091002702713
0.3150779902935028
0.38718900084495544
0.3032679855823517
0.3912869989871979
0.29145899415016174
0.3953849971294403
0.2796500027179718
0.39948299527168274
0.26784101128578186
0.39859500527381897
0.25537198781967163
0.3977069854736328
0.24290400743484497
0.39681899547576904
0.23043599724769592
0.3959299921989441
0.21796700358390808
0.3950420022010803
0.20549899339675903
0.39415401220321655
0.1930299997329712
0.3932659924030304
0.18056200444698334
0.3923780024051666
0.1680939942598343
0.39880800247192383
0.15737399458885193
0.4052389860153198
0.14665499329566956
0.411668986082077
0.13593600690364838
0.4180999994277954
0.125217005610466
0.4245299994945526
0.11449799686670303
0.4309599995613098
0.10377900302410126
0.4373910129070282
0.09305950254201889
0.4438210129737854
0.08234039694070816
0.45260700583457947
0.09123159945011139
0.46139299869537354
0.10012300312519073
0.4701800048351288
0.10901399701833725
0.47896599769592285
0.11790499836206436
0.4877519905567169
0.12679700553417206
0.4965380132198334
0.13568800687789917
0.5053240060806274
0.1445789933204651
0.5141100287437439
0.1534699946641922
0.5261470079421997
0.15684199333190918
0.5381829738616943
0.16021400690078735
0.5502200126647949
0.16358600556850433
0.5622569918632507
0.1669580042362213
0.5742930173873901
0.1703300029039383
0.586329996585846
0.17370200157165527
0.5983660221099854
0.17707400023937225
0.6104030013084412
0.18044599890708923
0.6053490042686462
0.16901299357414246
0.6002939939498901
0.15758100152015686
0.5952399969100952
0.14614799618721008
0.5901849865913391
0.1347160041332245
0.5851309895515442
0.12328299880027771
0.5800769925117493
0.11185099929571152
0.5750219821929932
0.10041800141334534
0.5699679851531982
0.08898569643497467
0.5779880285263062
0.0839615985751152
0.5860080122947693
0.07893750071525574
