0.3388749957084656
0.10970500111579895
0.32978400588035583
0.11828400194644928
0.3206920027732849
0.1268630027770996
0.31160101294517517
0.13544200360774994
0.30250999331474304
0.14402200281620026
0.2934190034866333
0.15260100364685059
0.28432801365852356
0.16118000447750092
0.27523699402809143
0.16975900530815125
0.2661460041999817
0.17833800613880157
0.2610059976577759
0.18973200023174286
0.2558650076389313
0.20112699270248413
0.25072500109672546
0.2125210016965866
0.24558399617671967
0.2239149957895279
0.24044400453567505
0.23530900478363037
0.23530399799346924
0.24670299887657166
0.23016299307346344
0.25809699296951294
0.22502300143241882
0.2694909870624542
0.22193700075149536
0.28160399198532104
0.2188500016927719
0.29371699690818787
0.21576400101184845
0.3058300018310547
0.212677001953125
0.3179430067539215
0.20959100127220154
0.33005601167678833
0.2065040022134781
0.34216898679733276
0.20341800153255463
0.3542819917201996
0.20033100247383118
0.3663949966430664
0.19266800582408905
0.37627100944519043
0.18500499427318573
0.38614699244499207
0.1773429960012436
0.3960219919681549
0.16967999935150146
0.40589800477027893
0.16201700270175934
0.41577398777008057
0.1543540060520172
0.4256500005722046
0.1466909945011139
0.43552500009536743
0.13902799785137177
0.44540101289749146
0.13731800019741058
0.4577830135822296
0.1356080025434494
0.47016599774360657
0.1338990032672882
0.4825479984283447
0.13218900561332703
0.49493101239204407
0.13047899305820465
0.5073130130767822
0.12876899540424347
0.5196959972381592
0.1270589977502823
0.5320780277252197
0.1253490000963211
0.5444610118865967
0.12896299362182617
0.556427001953125
0.13257700204849243
0.5683940052986145
0.1361899971961975
0.5803599953651428
0.13980400562286377
0.5923259854316711
0.14341799914836884
0.6042919754981995
0.1470309942960739
0.616258978843689
0.15064500272274017
0.6282250285148621
0.15425899624824524
0.6401910185813904
0.16340699791908264
0.6487100124359131
0.17255499958992004
0.6572279930114746
0.18170300126075745
0.6657469868659973
0.19085000455379486
0.6742650270462036
0.19999800622463226
0.6827840209007263
0.20914599299430847
0.6913020014762878
0.21829399466514587
0.6998209953308105
0.22744199633598328
0.7083389759063721
0.23974700272083282
0.706134021282196
0.2520509958267212
0.7039290070533752
0.26435598731040955
0.7017239928245544
0.2766599953174591
0.6995199918746948
0.28896400332450867
0.697314977645874
