0.047301098704338074
0.040132999420166016
0.05914020165801048
0.04414359852671623
0.0709792971611023
0.04815429821610451
0.0828183963894844
0.05216490104794502
0.09465759992599487
0.0561756007373333
0.10649699717760086
0.060186199843883514
0.11833599954843521
0.06419689953327179
0.13017499446868896
0.0682075023651123
0.14201399683952332
0.07221809774637222
0.15159200131893158
0.08025000244379044
0.16117000579833984
0.08828180283308029
0.17074799537658691
0.09631360322237015
0.18032599985599518
0.10434500128030777
0.18990400433540344
0.11237700283527374
0.1994830071926117
0.12040899693965912
0.20906099677085876
0.1284410059452057
0.21863900125026703
0.13647300004959106
0.22025200724601746
0.14886799454689026
0.22186599671840668
0.16126400232315063
0.2234790027141571
0.17365899682044983
0.22509300708770752
0.18605400621891022
0.22670599818229675
0.1984499990940094
0.22832000255584717
0.2108449935913086
0.22993400692939758
0.22324100136756897
0.23154699802398682
0.23563599586486816
0.2386849969625473
0.24589799344539642
0.2458219975233078
0.2561599910259247
0.2529599964618683
0.26642200350761414
0.2600969970226288
0.2766839861869812
0.26723501086235046
0.2869449853897095
0.27437201142311096
0.2972069978713989
0.28150999546051025
0.3074690103530884
0.28864699602127075
0.31773099303245544
0.3001500070095062
0.31283798813819885
0.3116529881954193
0.30794599652290344
0.3231549859046936
0.30305299162864685
0.3346579968929291
0.29815998673439026
0.34616100788116455
0.29326799511909485
0.35766300559043884
0.28837499022483826
0.36916598677635193
0.28348198533058167
0.3806689977645874
0.27858901023864746
0.39234399795532227
0.27412301301956177
0.40401899814605713
0.2696569859981537
0.4156930148601532
0.265190988779068
0.4273679852485657
0.2607249915599823
0.43904298543930054
0.2562589943408966
0.4507179856300354
0.2517929971218109
0.46239298582077026
0.24732699990272522
0.4740679860115051
0.24286100268363953
0.4774940013885498
0.2548829913139343
0.4809190034866333
0.26690399646759033
0.4843440055847168
0.2789260149002075
0.4877699911594391
0.29094699025154114
0.4911949932575226
0.3029690086841583
0.4946199953556061
0.31499001383781433
0.49804601073265076
0.32701200246810913
0.5014709830284119
0.33903399109840393
0.5054849982261658
0.3508720099925995
0.5094990134239197
0.36270999908447266
0.5135120153427124
0.3745479881763458
0.5175259709358215
0.3863860070705414
0.5215399861335754
0.39822399616241455
0.5255540013313293
0.4100619852542877
0.5295680165290833
0.4219000041484833
0.533581018447876
0.43373799324035645
0.5364919900894165
0.4458940029144287
0.5394030213356018
0.45805099606513977
0.5423129796981812
0.47020700573921204
0.5452240109443665
0.4823639988899231
0.548134982585907
0.49452000856399536
0.5510450005531311
0.5066760182380676
0.5539559721946716
0.5188329815864563
0.5568659901618958
0.5309889912605286
0.5620229840278625
0.5423759818077087
0.5671790242195129
0.5537629723548889
0.5723360180854797
0.5651500225067139
0.5774919986724854
0.576537013053894
0.5826489925384521
0.5879240036010742
0.5878049731254578
0.5993099808692932
0.5929620265960693
0.6106969714164734
0.598118007183075
0.6220840215682983
0.603393018245697
0.633417010307312
0.6086680293083191
0.6447489857673645
0.6139429807662964
0.6560819745063782
0.6192179918289185
0.6674140095710754
0.6244930028915405
0.6787459850311279
0.6297680139541626
0.6900789737701416
0.6350430250167847
0.7014110088348389
0.640317976474762
0.7127439975738525
0.6452370285987854
0.7242349982261658
0.6501569747924805
0.735725998878479
0.6550760269165039
0.7472180128097534
0.6599950194358826
0.7587090134620667
0.6649150252342224
0.7702000141143799
0.6698340177536011
0.7816920280456543
0.6747530102729797
0.7931830286979675
0.6796730160713196
0.8046740293502808
0.6847140192985535
0.8161129951477051
0.6897550225257874
0.827551007270813
0.6947950124740601
0.8389899730682373
0.699836015701294
0.8504279851913452
0.7048770189285278
0.8618670105934143
0.7099180221557617
0.8733050227165222
0.7149590253829956
0.8847439885139465
0.7200000286102295
0.8961820006370544
0.7143759727478027
0.908955991268158
