0.7215690016746521
0.11131300032138824
0.7179200053215027
0.1232680007815361
0.7142720222473145
0.13522399961948395
0.710623025894165
0.1471800059080124
0.706974983215332
0.15913599729537964
0.7033270001411438
0.1710910052061081
0.6996780037879944
0.18304699659347534
0.6960300207138062
0.19500300288200378
0.6923810243606567
0.20695799589157104
0.6848419904708862
0.21692900359630585
0.6773020029067993
0.22689899802207947
0.6697630286216736
0.23686900734901428
0.6622229814529419
0.2468390017747879
0.6546840071678162
0.2568100094795227
0.6471440196037292
0.26677998900413513
0.6396049857139587
0.27674999833106995
0.6320649981498718
0.28672099113464355
0.6222910284996033
0.2945129871368408
0.6125169992446899
0.3023050129413605
0.6027430295944214
0.31009700894355774
0.5929690003395081
0.317889004945755
0.5831949710845947
0.32568100094795227
0.5734210014343262
0.33347299695014954
0.5636460185050964
0.3412649929523468
0.5538719892501831
0.34905698895454407
0.5420709848403931
0.3531779944896698
0.530269980430603
0.35729900002479553
0.518468976020813
0.36142000555992126
0.5066670179367065
0.365541011095047
0.4948660135269165
0.36966100335121155
0.48306500911712646
0.3737820088863373
0.4712640047073364
0.377903014421463
0.4594630002975464
0.38202399015426636
0.4485529959201813
0.3881250023841858
0.43764299154281616
0.3942260146141052
0.42673298716545105
0.40032699704170227
0.4158230125904083
0.4064280092716217
0.4049130082130432
0.41252899169921875
0.3940030038356781
0.4186300039291382
0.383092999458313
0.42473098635673523
0.3721829950809479
0.43083199858665466
0.3641049861907959
0.4212929904460907
0.3560259938240051
0.4117540121078491
0.34794801473617554
0.40221500396728516
0.33987000584602356
0.3926759958267212
0.3317919969558716
0.3831369876861572
0.3237130045890808
0.37359899282455444
0.31563499569892883
0.36406001448631287
0.30755698680877686
0.3545210063457489
0.3042660057544708
0.3424609899520874
0.3009760081768036
0.3304019868373871
0.29768601059913635
0.31834301352500916
0.29439499974250793
0.30628401041030884
0.2911050021648407
0.2942250072956085
0.28781500458717346
0.2821660041809082
0.28452399373054504
0.2701059877872467
0.2812339961528778
0.2580470144748688
0.2869260013103485
0.2469179928302765
0.2926180064678192
0.2357890009880066
0.29830899834632874
0.2246599942445755
0.30400100350379944
0.2135310024023056
0.30969300866127014
0.2024019956588745
0.31538400053977966
0.19127300381660461
0.32107600569725037
0.18014399707317352
0.32676801085472107
0.16901500523090363
0.33753499388694763
0.17536500096321106
0.3483029901981354
0.1817139983177185
0.3590700030326843
0.18806299567222595
0.36983799934387207
0.1944119930267334
0.380605012178421
0.20076100528240204
0.39137300848960876
0.20711000263690948
0.4021399915218353
0.21345899999141693
0.41290798783302307
0.21980799734592438
0.4236060082912445
0.21334299445152283
0.43430399894714355
0.2068769931793213
0.4450019896030426
0.20041200518608093
0.45570001006126404
0.19394700229167938
0.4663980007171631
0.18748100101947784
0.47709599137306213
0.1810159981250763
0.48779401183128357
0.17454999685287476
0.4984920024871826
0.1680849939584732
0.4912109971046448
0.15792399644851685
0.48392999172210693
0.14776399731636047
0.4766480028629303
0.1376029998064041
0.46936699748039246
0.12744300067424774
0.4620859920978546
0.11728300154209137
0.4548049867153168
0.10712199658155441
0.4475240111351013
0.09696169942617416
0.4402419924736023
0.0868012011051178
0.44729000329971313
0.0782167986035347
