0.6310039758682251
0.6255810260772705
0.624468982219696
0.6362370252609253
0.617933988571167
0.6468930244445801
0.6113989949226379
0.6575490236282349
0.6048650145530701
0.6682040095329285
0.598330020904541
0.6788600087165833
0.591795027256012
0.689516007900238
0.5852599740028381
0.7001720070838928
0.5787249803543091
0.7108280062675476
0.5758349895477295
0.722989022731781
0.5729439854621887
0.7351499795913696
0.570052981376648
0.747310996055603
0.5671619772911072
0.7594720125198364
0.5642709732055664
0.7716330289840698
0.5613800287246704
0.7837939858436584
0.558489978313446
0.795956015586853
0.5555989742279053
0.8081169724464417
0.5457980036735535
0.8158749938011169
0.5359960198402405
0.8236330151557922
0.5261949896812439
0.8313909769058228
0.5163940191268921
0.839148998260498
0.5065929889678955
0.8469070196151733
0.4967919886112213
0.8546649813652039
0.4869909882545471
0.8624230027198792
0.47718900442123413
0.8701810240745544
0.4667859971523285
0.8771100044250488
0.45638200640678406
0.8840389847755432
0.44597798585891724
0.8909680247306824
0.4355739951133728
0.8978959918022156
0.42517000436782837
0.90482497215271
0.41476601362228394
0.9117540121078491
0.4043619930744171
0.9186829924583435
0.3939580023288727
0.9256119728088379
0.38437798619270325
0.9175819754600525
0.374796986579895
0.9095529913902283
0.365217000246048
0.901524007320404
0.3556370139122009
0.8934950232505798
0.3460569977760315
0.8854659795761108
0.33647599816322327
0.8774359822273254
0.3268960118293762
0.8694069981575012
0.3173159956932068
0.861378014087677
0.31287598609924316
0.8496930003166199
0.3084369897842407
0.8380079865455627
0.3039970099925995
0.8263229727745056
0.29955700039863586
0.8146380186080933
0.2951180040836334
0.8029530048370361
0.2906779944896698
0.791267991065979
0.28623899817466736
0.7795829772949219
0.28179898858070374
0.7678980231285095
0.27773600816726685
0.756076991558075
0.27367299795150757
0.744255006313324
0.2696090042591095
0.7324339747428894
0.2655459940433502
0.7206130027770996
0.26148301362991333
0.708791971206665
0.25742000341415405
0.6969709992408752
0.253356009721756
0.6851490139961243
0.2492929995059967
0.6733279824256897
0.24194900691509247
0.6632130146026611
0.23460499942302704
0.6530979871749878
0.2272610068321228
0.6429830193519592
0.21991799771785736
0.6328679919242859
0.21257400512695312
0.6227520108222961
0.2052299976348877
0.6126369833946228
0.19788600504398346
0.6025220155715942
0.19054199755191803
0.5924069881439209
0.1880510002374649
0.580157995223999
0.1855590045452118
0.567907989025116
0.18306800723075867
0.5556589961051941
0.18057599663734436
0.5434100031852722
0.17808499932289124
0.5311610102653503
0.1755940020084381
0.5189120173454285
0.173102006316185
0.5066620111465454
0.17061099410057068
0.49441298842430115
0.16915999352931976
0.4819979965686798
0.16770899295806885
0.4695819914340973
0.1662590056657791
0.45716699957847595
0.1648080050945282
0.44475099444389343
0.16335700452327728
0.4323349893093109
0.16190600395202637
0.4199199974536896
0.16045600175857544
0.40750399231910706
0.15900500118732452
0.3950890004634857
0.1670140027999878
0.3854919970035553
0.17502300441265106
0.3758949935436249
0.18303200602531433
0.36629700660705566
0.1910409927368164
0.35670000314712524
0.19904999434947968
0.3471029996871948
0.20705899596214294
0.3375059962272644
0.2150679975748062
0.327908992767334
0.22307699918746948
0.31831100583076477
0.21851900219917297
0.30667200684547424
0.21396000683307648
0.2950330078601837
0.20940199494361877
0.2833940088748932
0.20484399795532227
0.2717539966106415
0.20028500258922577
0.26011499762535095
0.19572700560092926
0.24847599864006042
0.19116899371147156
0.2368369996547699
0.18660999834537506
0.22519700229167938
0.1929430067539215
0.21442000567913055
0.19927500188350677
0.20364299416542053
0.20560699701309204
0.19286499917507172
0.2119400054216385
0.1820880025625229
0.21827200055122375
0.17131100594997406
0.22460399568080902
0.16053299605846405
0.23093700408935547
0.14975599944591522
0.23726899921894073
0.1389790028333664
0.22717800736427307
0.1316010057926178
0.2170879989862442
0.1242230013012886
0.20699700713157654
0.11684600263834
0.19690600037574768
0.1094679981470108
0.18681600689888
0.1020909994840622
0.17672500014305115
0.09471320360898972
0.1666339933872223
0.08733560144901276
0.15654399991035461
0.0799579992890358
0.14715099334716797
0.07309059798717499
0.13775800168514252
0.06622319668531418
0.12836499512195587
0.05935579910874367
