0.9250440001487732
0.7802199721336365
0.9126669764518738
0.7784730195999146
0.9002900123596191
0.776727020740509
0.8879119753837585
0.7749800086021423
0.8755350112915039
0.7732329964637756
0.8631579875946045
0.7714859843254089
0.8507800102233887
0.7697389721870422
0.8384029865264893
0.7679920196533203
0.8260260224342346
0.7662450075149536
0.8368250131607056
0.7599509954452515
0.8476250171661377
0.7536560297012329
0.8584240078926086
0.7473620176315308
0.8692240118980408
0.7410680055618286
0.8800240159034729
0.7347729802131653
0.8908230066299438
0.7284790277481079
0.901623010635376
0.7221850156784058
0.9124220013618469
0.7158899903297424
0.9016609787940979
0.7095310091972351
0.8909000158309937
0.7031720280647278
0.8801379799842834
0.6968119740486145
0.8693770170211792
0.6904529929161072
0.858614981174469
0.6840929985046387
0.8478540182113647
0.6777340173721313
0.8370929956436157
0.6713740229606628
0.8263310194015503
0.6650149822235107
0.8373119831085205
0.6590420007705688
0.8482919931411743
0.653069019317627
0.8592730164527893
0.6470950245857239
0.8702530264854431
0.6411219835281372
0.8812339901924133
0.6351490020751953
0.8922140002250671
0.6291760206222534
0.9031950235366821
0.6232029795646667
0.9141749739646912
0.6172289848327637
0.9016939997673035
0.6165410280227661
0.8892130255699158
0.6158530116081238
0.8767319917678833
0.6151660084724426
0.8642510175704956
0.6144779920578003
0.8517699837684631
0.613789975643158
0.8392890095710754
0.6131020188331604
0.826807975769043
0.6124140024185181
0.8143270015716553
0.6117259860038757
0.8018270134925842
0.6117600202560425
0.7893270254135132
0.6117939949035645
0.7768269777297974
0.6118280291557312
0.7643269896507263
0.6118630170822144
0.7518270015716553
0.6118969917297363
0.7393270134925842
0.6119310259819031
0.7268270254135132
0.611965000629425
0.7143269777297974
0.6119999885559082
0.7022029757499695
0.608955979347229
0.6900799870491028
0.6059110164642334
0.6779559850692749
0.6028670072555542
0.665831983089447
0.599822998046875
0.6537089943885803
0.5967789888381958
0.6415849924087524
0.5937349796295166
0.6294609904289246
0.5906909704208374
0.6173380017280579
0.587647020816803
0.6053249835968018
0.5841889977455139
0.5933129787445068
0.580731987953186
0.5813009738922119
0.5772740244865417
0.5692890286445618
0.5738160014152527
0.5572760105133057
0.5703589916229248
0.5452640056610107
0.5669010281562805
0.5332520008087158
0.5634430050849915
0.5212399959564209
0.5599849820137024
0.5220410227775574
0.5475109815597534
0.5228430032730103
0.5350369811058044
0.5236449837684631
0.5225629806518555
0.5244470238685608
0.5100880265235901
0.5252479910850525
0.4976139962673187
0.5260499715805054
0.48513999581336975
0.526852011680603
0.4726659953594208
0.5276539921760559
0.460191011428833
0.5156919956207275
0.4565640091896057
0.5037299990653992
0.45293599367141724
0.4917680025100708
0.44930800795555115
0.47980600595474243
0.44567999243736267
0.46784400939941406
0.4420520067214966
0.4558820128440857
0.4384239912033081
0.44391998648643494
0.4347969889640808
0.43195798993110657
0.4311690032482147
0.44003599882125854
0.42162901163101196
0.4481140077114105
0.412090003490448
0.4561919867992401
0.40255099534988403
0.4642699956893921
0.39301198720932007
0.4723469913005829
0.3834719955921173
0.48042500019073486
0.37393298745155334
0.48850300908088684
0.36439400911331177
0.49658098816871643
0.3548539876937866
0.5090109705924988
0.3561770021915436
0.5214409828186035
0.35749900341033936
0.5338709950447083
0.3588219881057739
0.5462999939918518
0.3601439893245697
0.5587300062179565
0.36146700382232666
0.5711600184440613
0.36278998851776123
0.5835899710655212
0.364111989736557
0.596019983291626
0.36543500423431396
0.5926780104637146
0.3533889949321747
0.5893369913101196
0.3413439989089966
0.5859959721565247
0.3292990028858185
0.5826539993286133
0.3172540068626404
0.5793129801750183
0.3052090108394623
0.5759710073471069
0.2931640148162842
0.572629988193512
0.2811189889907837
0.5692890286445618
0.2690739929676056
0.5815690159797668
0.266741007566452
0.5938490033149719
0.2644079923629761
0.6061300039291382
0.2620750069618225
0.6184099912643433
0.25974199175834656
0.6306899785995483
0.257409006357193
0.6429709792137146
0.25507599115371704
0.6552510261535645
0.2527430057525635
0.6675320267677307
0.2504099905490875
0.6705150008201599
0.23827199637889862
0.6734989881515503
0.22613300383090973
0.6764820218086243
0.21399399638175964
0.6794660091400146
0.20185500383377075
0.6824489831924438
0.18971699476242065
0.6854329705238342
0.17757800221443176
0.6884160041809082
0.16543899476528168
0.6913989782333374
0.15330000221729279
0.6789029836654663
0.15359599888324738
0.666405975818634
0.15389099717140198
0.6539099812507629
0.15418599545955658
0.6414129734039307
0.15448099374771118
0.6289169788360596
0.15477700531482697
0.6164199709892273
0.15507200360298157
0.6039239764213562
0.15536700189113617
0.5914270281791687
0.15566200017929077
0.5884039998054504
0.14353400468826294
0.5853800177574158
0.13140499591827393
0.5823559761047363
0.1192760020494461
0.5793330073356628
0.10714700073003769
0.5763090252876282
0.09501849859952927
0.5732849836349487
0.08288969844579697
0.5702610015869141
0.07076089829206467
0.5672379732131958
0.058632198721170425
0.5549259781837463
0.05392239987850189
0.5426139831542969
0.0492125004529953
