0.10226000100374222
0.29310399293899536
0.11452899873256683
0.29071301221847534
0.12679800391197205
0.28832200169563293
0.13906699419021606
0.2859309911727905
0.15133599936962128
0.2835400104522705
0.16360600292682648
0.2811479866504669
0.1758749932050705
0.2787570059299469
0.1881439983844757
0.2763659954071045
0.20041300356388092
0.2739750146865845
0.20736099779605865
0.28436601161956787
0.21431000530719757
0.29475700855255127
0.2212579995393753
0.30514800548553467
0.22820599377155304
0.31553900241851807
0.23515400290489197
0.32592999935150146
0.2421029955148697
0.33632099628448486
0.24905100464820862
0.34671199321746826
0.25599899888038635
0.35710299015045166
0.2665979862213135
0.36372900009155273
0.277197003364563
0.3703559935092926
0.2877959907054901
0.37698298692703247
0.2983950078487396
0.3836100101470947
0.30899399518966675
0.3902359902858734
0.3195919990539551
0.39686301350593567
0.3301909863948822
0.40349000692367554
0.3407900035381317
0.4101170003414154
0.3419399857521057
0.42256399989128113
0.3430899977684021
0.43501099944114685
0.3442400097846985
0.4474579989910126
0.34539100527763367
0.4599049985408783
0.34654098749160767
0.472351998090744
0.34769099950790405
0.48479899764060974
0.34884101152420044
0.49724599719047546
0.34999099373817444
0.5096930265426636
0.35562700033187866
0.5208500027656555
0.3612619936466217
0.5320079922676086
0.3668980002403259
0.5431650280952454
0.37253400683403015
0.5543230175971985
0.3781690001487732
0.5654799938201904
0.3838050067424774
0.5766370296478271
0.38944101333618164
0.5877950191497803
0.3950760066509247
0.5989519953727722
0.40376201272010803
0.6071659922599792
0.4124470055103302
0.6153799891471863
0.42113199830055237
0.6235939860343933
