0.6281980276107788
0.6757450103759766
0.6310849785804749
0.663582980632782
0.6339730024337769
0.6514210104942322
0.6368600130081177
0.6392589807510376
0.6397470235824585
0.6270970106124878
0.6426339745521545
0.6149349808692932
0.6455209851264954
0.6027730107307434
0.6484090089797974
0.5906109809875488
0.6512960195541382
0.578449010848999
0.6397010087966919
0.5737789869308472
0.6281070113182068
0.5691080093383789
0.6165120005607605
0.5644369721412659
0.6049180030822754
0.5597670078277588
0.5933229923248291
0.5550959706306458
0.5817279815673828
0.5504249930381775
0.5701339840888977
0.5457550287246704
0.5585389733314514
0.5410839915275574
0.561598002910614
0.5289639830589294
0.5646560192108154
0.5168439745903015
0.5677149891853333
0.5047240257263184
0.5707740187644958
0.49260398745536804
0.5738319754600525
0.4804840087890625
0.5768910050392151
0.46836400032043457
0.5799490213394165
0.45624399185180664
0.5830079913139343
0.4441240131855011
0.5746530294418335
0.43482598662376404
0.5662980079650879
0.42552900314331055
0.5579419732093811
0.41623198986053467
0.5495870113372803
0.40693399310112
0.5412319898605347
0.3976370096206665
0.5328770279884338
0.3883399963378906
0.5245220065116882
0.37904199957847595
0.5161659717559814
0.3697449862957001
0.5283970236778259
0.36607199907302856
0.5406280159950256
0.36239999532699585
0.5528579950332642
0.35872700810432434
0.5650889873504639
0.3550550043582916
