0.9218689799308777
0.6278650164604187
0.9128950238227844
0.6191629767417908
0.9039220213890076
0.6104609966278076
0.8949480056762695
0.6017590165138245
0.8859750032424927
0.5930569767951965
0.8770009875297546
0.5843549966812134
0.8680279850959778
0.5756530165672302
0.8590540289878845
0.5669509768486023
0.8500810265541077
0.5582489967346191
0.8377559781074524
0.5603359937667847
0.8254320025444031
0.5624240040779114
0.8131070137023926
0.5645110011100769
0.8007829785346985
0.5665990114212036
0.788457989692688
0.5686860084533691
0.7761340141296387
0.5707740187644958
0.7638090252876282
0.5728610157966614
0.7514849901199341
0.5749490261077881
0.7447829842567444
0.5643969774246216
0.7380819916725159
0.5538449883460999
0.7313799858093262
0.5432940125465393
0.7246779799461365
0.5327420234680176
0.717976987361908
0.5221899747848511
0.7112749814987183
0.5116389989852905
0.7045739889144897
0.5010870099067688
0.6978719830513
0.4905349910259247
0.6870409846305847
0.4967760145664215
0.6762109994888306
0.503017008304596
0.6653800010681152
0.509257972240448
0.6545490026473999
0.5154979825019836
0.6437190175056458
0.5217390060424805
0.6328880190849304
0.5279800295829773
0.6220579743385315
0.5342209935188293
0.6112269759178162
0.5404620170593262
0.6002479791641235
0.5464379787445068
0.5892689824104309
0.5524140000343323
0.5782899856567383
0.5583900213241577
0.5673109889030457
0.5643659830093384
0.556331992149353
0.5703420042991638
0.5453529953956604
0.5763180255889893
0.5343739986419678
0.5822939872741699
0.5233950018882751
0.5882700085639954
0.5109310150146484
0.5873209834098816
0.49846699833869934
0.586372971534729
0.48600301146507263
0.5854250192642212
0.47353899478912354
0.5844759941101074
0.4610750079154968
0.5835279822349548
0.44861099123954773
0.5825799703598022
0.436147004365921
0.5816310048103333
0.4236840009689331
0.5806829929351807
0.4336940050125122
0.5731980204582214
0.4437049925327301
0.5657119750976562
0.4537160098552704
0.5582259893417358
0.4637269973754883
0.5507410168647766
0.4737370014190674
0.5432549715042114
0.4837479889392853
0.535768985748291
0.49375900626182556
0.5282840132713318
0.5037699937820435
0.5207980275154114
0.49884799122810364
0.5093079805374146
0.493927001953125
0.4978170096874237
0.4890049993991852
0.48632699251174927
0.48408401012420654
0.47483599185943604
0.4791629910469055
0.463346004486084
0.4742409884929657
0.45185598731040955
0.46931999921798706
0.4403649866580963
0.4643990099430084
0.42887499928474426
0.45493099093437195
0.43685200810432434
0.44546398520469666
0.44482898712158203
0.43599599599838257
0.4528059959411621
