0.8077200055122375
0.526777982711792
0.8141980171203613
0.5374690294265747
0.8206760287284851
0.5481600165367126
0.8271530270576477
0.5588499903678894
0.8336309790611267
0.5695409774780273
0.8401079773902893
0.5802320241928101
0.8465859889984131
0.5909219980239868
0.8530629873275757
0.6016129851341248
0.8595409989356995
0.6123039722442627
0.8593059778213501
0.6248019933700562
0.8590720295906067
0.6373000144958496
0.8588370084762573
0.6497970223426819
0.8586030006408691
0.6622949838638306
0.8583679795265198
0.674793004989624
0.8581330180168152
0.6872910261154175
0.857899010181427
0.6997889876365662
0.8576639890670776
0.7122859954833984
0.8651480078697205
0.7222989797592163
0.8726310133934021
0.732312023639679
0.8801140189170837
0.7423239946365356
0.8875970244407654
0.7523369789123535
0.8950799703598022
0.762349009513855
0.9025629758834839
0.7723619937896729
0.9100469946861267
0.7823749780654907
0.9175300002098083
0.7923870086669922
0.9242709875106812
0.7803120017051697
0.931011974811554
0.7682369947433472
0.9377530217170715
0.7561619877815247
0.9444940090179443
0.7440869808197021
0.9512349963188171
0.7320119738578796
