0.27250999212265015
0.9230859875679016
0.28435999155044556
0.9270640015602112
0.29620999097824097
0.9310430288314819
0.3080599904060364
0.9350209832191467
0.3199099898338318
0.9389989972114563
0.3317599892616272
0.9429770112037659
0.3436099886894226
0.9469550251960754
0.3554610013961792
0.9509329795837402
0.3673110008239746
0.954912006855011
0.3796969950199127
0.9532340168952942
0.392084002494812
0.9515560269355774
0.4044710099697113
0.949878990650177
0.4168579876422882
0.9482010006904602
0.4292449951171875
0.9465230107307434
0.4416320025920868
0.944845974445343
0.4540190100669861
0.9431679844856262
0.466405987739563
0.9414899945259094
0.4531889855861664
0.9461719989776611
0.43997299671173096
0.9508540034294128
