0.4042710065841675
0.8360840082168579
0.4012809991836548
0.8482210040092468
0.3982900083065033
0.8603569865226746
0.3952989876270294
0.8724939823150635
0.3923090100288391
0.8846309781074524
0.38931798934936523
0.8967679738998413
0.38632699847221375
0.908905029296875
0.38333600759506226
0.9210420250892639
0.38034600019454956
0.9331790208816528
0.3678489923477173
0.9328920245170593
0.3553520143032074
0.9326050281524658
0.3428559899330139
0.9323179721832275
0.33035901188850403
0.932030975818634
0.31786200404167175
0.9317439794540405
0.3053649961948395
0.931456983089447
0.2928690016269684
0.9311699867248535
0.2803719937801361
0.9308819770812988
0.26945000886917114
0.9248030185699463
0.2585279941558838
0.918724000453949
0.24760499596595764
0.9126449823379517
0.23668299615383148
0.9065660238265991
0.22576099634170532
0.9004870057106018
0.21483799815177917
0.8944090008735657
0.20391599833965302
0.8883299827575684
0.19299399852752686
0.8822510242462158
0.1921679973602295
0.8697779774665833
0.19134199619293213
0.8573049902915955
0.19051499664783478
0.8448330163955688
0.18968899548053741
0.832360029220581
0.18886299431324005
0.8198869824409485
0.1880369931459427
0.8074150085449219
0.18720999360084534
0.7949420213699341
0.18638400733470917
0.7824689745903015
0.1774819940328598
0.7736949920654297
0.16857899725437164
0.7649199962615967
0.15967600047588348
0.7561450004577637
0.1507740020751953
0.7473710179328918
0.14187100529670715
0.7385960221290588
0.13296900689601898
0.7298210263252258
0.12406600266695023
0.7210469841957092
0.11516399681568146
0.7122719883918762
0.12417899817228317
0.7036129832267761
0.13319499790668488
0.6949549913406372
0.1422100067138672
0.6862959861755371
0.1512259989976883
0.6776379942893982
0.1602409929037094
0.6689789891242981
0.1692570000886917
0.6603209972381592
0.17827199399471283
0.6516619920730591
0.18728800117969513
0.6430040001869202
0.18435199558734894
0.6308540105819702
0.18141500651836395
0.6187030076980591
0.17847900092601776
0.6065530180931091
0.17554299533367157
0.5944030284881592
0.17260600626468658
0.5822529792785645
0.1696700006723404
0.5701019763946533
0.1667339950799942
0.5579519867897034
0.16379700601100922
0.5458019971847534
0.17621900141239166
0.544402003288269
0.18863999843597412
0.5430020093917847
0.20106199383735657
0.5416020154953003
0.21348300576210022
0.5402020215988159
0.22590400278568268
0.5388020277023315
0.23832599818706512
0.5374019742012024
0.2507469952106476
0.536001980304718
0.26316800713539124
0.5346019864082336
0.27534401416778564
0.5317729711532593
0.28751999139785767
0.5289440155029297
0.2996949851512909
0.5261150002479553
0.3118709921836853
0.523285984992981
0.3240469992160797
0.5204570293426514
0.33622199296951294
0.517628014087677
0.34839800000190735
0.5147989988327026
0.36057400703430176
0.5119699835777283
