0.7281410098075867
0.3435460031032562
0.7242230176925659
0.3554159998893738
0.7203050255775452
0.36728599667549133
0.7163869738578796
0.3791559934616089
0.7124680280685425
0.39102599024772644
0.708549976348877
0.402895987033844
0.7046319842338562
0.41476601362228394
0.7007129788398743
0.4266360104084015
0.6967949867248535
0.43850600719451904
0.6830829977989197
0.4391480088233948
0.669372022151947
0.4397909939289093
0.6556599736213684
0.44043299555778503
0.6419479846954346
0.44107601046562195
0.6282370090484619
0.4417180120944977
0.6145250201225281
0.4423609972000122
