0.7439820170402527
0.5086159706115723
0.7491059899330139
0.5200179815292358
0.7542290091514587
0.5314189791679382
0.75935298204422
0.5428209900856018
0.764477014541626
0.5542219877243042
0.7696009874343872
0.5656239986419678
0.7747250199317932
0.5770260095596313
0.7798489928245544
0.5884270071983337
0.7849730253219604
0.5998290181159973
0.7876269817352295
0.6120439767837524
0.7902820110321045
0.6242579817771912
0.7929369807243347
0.6364730000495911
0.7955909967422485
0.648688018321991
0.7982460260391235
0.6609029769897461
0.8009009957313538
0.673117995262146
0.8035550117492676
0.6853330135345459
0.8062099814414978
0.697547972202301
0.8081340193748474
0.7098990082740784
0.8100579977035522
0.7222499847412109
0.8119819760322571
0.7346010208129883
0.8139060139656067
0.7469519972801208
0.8158299922943115
0.7593029737472534
0.8177539706230164
0.7716540098190308
0.819678008556366
0.7840049862861633
0.8216019868850708
0.7963560223579407
0.8306750059127808
0.804955005645752
0.8397470116615295
0.813552975654602
0.8488199710845947
0.8221520185470581
0.8578919768333435
0.8307510018348694
0.8669649958610535
0.8393489718437195
0.8760380148887634
0.8479480147361755
0.8851100206375122
0.8565469980239868
0.8941829800605774
0.8651450276374817
0.8999980092048645
0.8751299977302551
