0.8275759816169739
0.3928230106830597
0.8253260254859924
0.4051179885864258
0.8230760097503662
0.41741400957107544
0.82082599401474
0.4297100007534027
0.8185759782791138
0.44200599193573
0.8163250088691711
0.45430201292037964
0.8140749931335449
0.4665969908237457
0.8118249773979187
0.4788930118083954
0.8095750212669373
0.49118900299072266
0.8082659840583801
0.5036200284957886
0.806958019733429
0.5160520076751709
0.8056489825248718
0.528482973575592
0.8043400049209595
0.540913999080658
0.8030319809913635
0.5533459782600403
0.8017230033874512
0.5657770037651062
0.8004140257835388
0.5782080292701721
0.7991060018539429
0.5906389951705933
0.797573983669281
0.6030449867248535
0.7960420250892639
0.6154509782791138
0.794510006904602
0.6278570294380188
0.7929779887199402
0.6402620077133179
0.7914459705352783
0.6526679992675781
0.7899140119552612
0.6650739908218384
0.7883809804916382
0.6774799823760986
0.7868490219116211
0.6898859739303589
0.7753980159759521
0.6962720155715942
0.7639470100402832
0.7026569843292236
0.7524960041046143
0.709043025970459
0.7410449981689453
0.7154290080070496
0.7295939922332764
0.7218149900436401
