0.9410179853439331
0.5175560116767883
0.939175009727478
0.5299199819564819
0.9373319745063782
0.5422829985618591
0.9354900121688843
0.5546470284461975
0.9336469769477844
0.5670099854469299
0.9318050146102905
0.5793740153312683
0.9299619793891907
0.5917369723320007
0.9281200170516968
0.6041010022163391
0.9262769818305969
0.6164640188217163
0.9247769713401794
0.6288740038871765
0.9232760071754456
0.6412829756736755
0.9217759966850281
0.6536930203437805
0.9202759861946106
0.6661019921302795
0.9187750220298767
0.6785119771957397
0.9172750115394592
0.6909220218658447
0.9157739877700806
0.7033309936523438
0.9142739772796631
0.715740978717804
0.9028400182723999
0.7083470225334167
0.8914059996604919
0.7009530067443848
0.879971981048584
0.693560004234314
0.8685380220413208
0.686165988445282
0.8571040034294128
0.67877197265625
0.8456699848175049
0.6713780164718628
