0.5825170278549194
0.5018630027770996
0.5715529918670654
0.5078679919242859
0.5605900287628174
0.5138720273971558
0.5496270060539246
0.519877016544342
0.5386630296707153
0.5258809924125671
0.5277000069618225
0.5318859815597534
0.5167369842529297
0.5378909707069397
0.5057730078697205
0.5438950061798096
0.49480998516082764
0.5498999953269958
0.48766300082206726
0.5601549744606018
0.4805159866809845
0.5704100131988525
0.4733690023422241
0.5806660056114197
0.46622198820114136
0.5909209847450256
0.459075003862381
0.6011760234832764
0.4519279897212982
0.6114310026168823
0.44478100538253784
0.6216869950294495
0.4376339912414551
0.6319419741630554
0.43237999081611633
0.643284022808075
0.4271250069141388
0.6546260118484497
0.42187100648880005
0.6659680008888245
0.4166170060634613
0.6773099899291992
0.41136300563812256
0.688651978969574
0.40610799193382263
0.6999940276145935
0.4008539915084839
0.7113360166549683
0.39559999108314514
0.722678005695343
0.3841310143470764
0.727649986743927
0.3726620078086853
0.7326220273971558
0.36119401454925537
0.7375940084457397
0.34972500801086426
0.7425659894943237
0.33825600147247314
0.7475379705429077
0.3267880082130432
0.7525100111961365
0.3153190016746521
0.7574819922447205
0.303849995136261
0.7624539732933044
0.29496699571609497
0.7712479829788208
0.28608399629592896
0.7800430059432983
0.27720099687576294
0.7888370156288147
0.2683179974555969
0.7976319789886475
0.2594349980354309
0.8064259886741638
0.2505519986152649
0.8152199983596802
0.24166899919509888
0.8240150213241577
0.23278599977493286
0.8328089714050293
0.2228260040283203
0.8239449858665466
0.21286599338054657
0.815081000328064
