0.4131909906864166
0.8651670217514038
0.40868300199508667
0.8768259882926941
0.4041750133037567
0.8884850144386292
0.39966699481010437
0.9001439809799194
0.3951590061187744
0.9118030071258545
0.39065098762512207
0.9234619736671448
0.3861429989337921
0.9351199865341187
0.38163501024246216
0.9467790126800537
0.3771269917488098
0.958437979221344
0.3681969940662384
0.9496909976005554
0.359266996383667
0.9409440159797668
0.3503369987010956
0.9321979880332947
0.34140801429748535
0.9234510064125061
0.33247798681259155
0.9147040247917175
0.32354798913002014
0.9059569835662842
0.31461799144744873
0.8972100019454956
0.3056879937648773
0.8884639739990234
0.2937049865722656
0.8849049806594849
0.2817229926586151
0.8813459873199463
0.2697399854660034
0.8777869939804077
0.2577570080757141
0.874226987361908
0.2457749992609024
0.8706679940223694
0.2337920069694519
0.8671090006828308
0.2218089997768402
0.8635500073432922
0.2098270058631897
0.8599910140037537
0.20259299874305725
0.8497970104217529
0.19535799324512482
0.8396040201187134
0.18812400102615356
0.8294100165367126
0.18088999390602112
0.8192160129547119
0.17365500330924988
0.8090220093727112
0.16642099618911743
0.7988280057907104
0.15918700397014618
0.7886340022087097
0.15195199847221375
0.778439998626709
0.15729700028896332
0.7671409845352173
0.1626420021057129
0.7558410167694092
0.16798700392246246
0.7445409893989563
0.17333100736141205
0.7332419753074646
0.17867599427700043
0.7219420075416565
0.18402099609375
0.7106419801712036
0.18936599791049957
0.6993420124053955
0.19471099972724915
0.6880429983139038
0.19200199842453003
0.6758400201797485
0.1892939954996109
0.6636369824409485
0.18658499419689178
0.6514340043067932
0.18387700617313385
0.6392310261726379
0.18116800487041473
0.6270279884338379
0.1784600019454956
0.6148250102996826
0.1757510006427765
0.6026219725608826
0.17304299771785736
0.5904179811477661
0.16256700456142426
0.5972380042076111
0.15209099650382996
0.6040570139884949
0.14161500334739685
0.6108760237693787
0.13113899528980255
0.6176959872245789
0.12066300213336945
0.6245149970054626
0.11018700152635574
0.6313340067863464
0.09971050173044205
0.6381539702415466
0.08923450112342834
0.6449729800224304
0.07829020172357559
0.6520969867706299
