0.0509767010807991
0.16429099440574646
0.06328900158405304
0.16644899547100067
0.07560130208730698
0.16860699653625488
0.08791349828243256
0.1707649976015091
0.10022599995136261
0.1729229986667633
0.11253800243139267
0.1750819981098175
0.12484999746084213
0.17723999917507172
0.13716299831867218
0.17939800024032593
0.14947499334812164
0.18155600130558014
0.1550319939851761
0.19275300204753876
0.16058999300003052
0.20395000278949738
0.16614699363708496
0.215146005153656
0.1717039942741394
0.22634300589561462
0.17726199328899384
0.23754000663757324
0.18281899392604828
0.24873599410057068
0.1883769929409027
0.2599329948425293
0.19393399357795715
0.2711299955844879
0.20460699498653412
0.2646220028400421
0.2152789980173111
0.2581149935722351
0.22595199942588806
0.2516070008277893
0.23662400245666504
0.2451000064611435
0.247297003865242
0.2385929971933365
0.25797000527381897
0.23208500444889069
0.26864200830459595
0.22557799518108368
0.2793149948120117
0.21907100081443787
0.2710379958152771
0.2127009928226471
0.2627609968185425
0.2063319981098175
