0.6606109738349915
0.6098610162734985
0.6500009894371033
0.616470992565155
0.6393920183181763
0.6230810284614563
0.6287829875946045
0.6296899914741516
0.6181730031967163
0.6363000273704529
0.6075639724731445
0.6429100036621094
0.5969539880752563
0.6495199799537659
0.5863450169563293
0.6561300158500671
0.5757349729537964
0.6627389788627625
0.564437985420227
0.6680880188941956
0.5531399846076965
0.6734369993209839
0.541841983795166
0.6787859797477722
0.5305439829826355
0.6841350197792053
0.5192469954490662
0.6894850134849548
0.5079489946365356
0.6948339939117432
0.4966509938240051
0.7001829743385315
0.4853540062904358
0.7055320143699646
0.47578999400138855
0.7135810256004333
0.4662269949913025
0.7216309905052185
0.45666399598121643
0.7296800017356873
0.44710099697113037
0.7377300262451172
0.4375370144844055
0.7457789778709412
0.42797398567199707
0.7538290023803711
0.418410986661911
0.7618780136108398
0.40884798765182495
0.769927978515625
0.39724400639533997
0.7633039951324463
0.3856399953365326
0.7566810250282288
0.3740360140800476
0.7500569820404053
0.36243298649787903
0.7434340119361877
0.35082900524139404
0.736810028553009
