0.5374050140380859
0.6084370017051697
0.5254340171813965
0.6120370030403137
0.5134639739990234
0.6156370043754578
0.501492977142334
0.6192370057106018
0.4895229935646057
0.6228370070457458
0.47755300998687744
0.6264359951019287
0.465582013130188
0.6300359964370728
0.45361199975013733
0.6336359977722168
0.4416410028934479
0.6372359991073608
0.429502010345459
0.6402170062065125
0.4173629879951477
0.6431980133056641
0.40522301197052
0.6461790204048157
0.39308398962020874
0.6491590142250061
0.38094401359558105
0.6521400213241577
0.3688049912452698
0.6551210284233093
0.3566659986972809
0.6581019759178162
0.3445259928703308
0.6610829830169678
0.34317299723625183
0.6486570239067078
0.34181898832321167
0.6362299919128418
0.3404659926891327
0.6238030195236206
0.3391129970550537
0.6113770008087158
0.33775898814201355
0.5989500284194946
0.33640599250793457
0.5865240097045898
0.3350520133972168
0.5740969777107239
0.33369898796081543
0.5616710186004639
0.32120001316070557
0.5614950060844421
0.3087010085582733
0.5613189935684204
0.29620298743247986
0.5611429810523987
0.28370401263237
0.5609670281410217
0.27120500802993774
0.5607900023460388
0.2587060034275055
0.5606139898300171
0.24620799720287323
0.5604379773139954
0.23370899260044098
0.5602620244026184
0.2360749989748001
0.5479879975318909
0.23844100534915924
0.5357139706611633
0.24080699682235718
0.5234400033950806
0.2431730031967163
0.511165976524353
0.24553899466991425
0.49889200925827026
0.24790500104427338
0.4866180121898651
0.2502709925174713
0.4743439853191376
0.25263699889183044
0.4620699882507324
0.24476400017738342
0.45236000418663025
0.2368919998407364
0.4426499903202057
0.22901999950408936
0.4329409897327423
0.22114799916744232
0.42323100566864014
0.2132750004529953
0.4135209918022156
0.20540300011634827
0.4038119912147522
0.19753099977970123
0.39410200715065
0.1896589994430542
0.38439199328422546
0.18902799487113953
0.3719080090522766
0.18839700520038605
0.35942399501800537
0.18776600062847137
0.3469400107860565
0.1871349960565567
0.3344559967517853
0.18650400638580322
0.3219720125198364
0.18587300181388855
0.3094879984855652
0.18524299561977386
0.29700401425361633
0.18461200594902039
0.2845200002193451
0.1967190057039261
0.2814129889011383
0.20882700383663177
0.2783060073852539
0.22093500196933746
0.2751989960670471
0.23304300010204315
0.2720920145511627
0.24514999985694885
0.26898500323295593
0.25725799798965454
0.26587799191474915
0.26936599612236023
0.26277101039886475
0.2814730107784271
0.25966399908065796
0.28568699955940247
0.2714320123195648
0.2899009883403778
0.2832010090351105
0.29411500692367554
0.29496899247169495
0.2983289957046509
0.3067370057106018
0.3025430142879486
0.3185049891471863
0.30675700306892395
0.33027398586273193
0.3109709918498993
0.3420419991016388
0.315185010433197
0.35381001234054565
0.31268900632858276
0.343515008687973
0.3101919889450073
0.3332209885120392
