0.18479500710964203
0.105444997549057
0.19706599414348602
0.10782700031995773
0.2093369960784912
0.11020900309085846
0.2216079980134964
0.11259099841117859
0.2338789999485016
0.11497300118207932
0.24615000188350677
0.11735499650239944
0.25842100381851196
0.11973799765110016
0.27069199085235596
0.12212000042200089
0.28296300768852234
0.12450200319290161
0.29381901025772095
0.13069799542427063
0.30467501282691956
0.13689400255680084
0.3155309855937958
0.14308999478816986
0.3263869881629944
0.14928600192070007
0.3372440040111542
0.1554819941520691
0.3481000065803528
0.1616789996623993
0.3589560091495514
0.1678750067949295
0.36981201171875
0.17407099902629852
0.38196900486946106
0.17116299271583557
0.3941259980201721
0.16825400292873383
0.4062829911708832
0.16534599661827087
0.4184400141239166
0.16243800520896912
0.4305970072746277
0.15952999889850616
0.44275400042533875
0.15662099421024323
0.4549109935760498
0.15371300280094147
0.46706798672676086
0.15080499649047852
0.4715999960899353
0.16245399415493011
0.47613200545310974
0.1741040050983429
0.4806640148162842
0.1857530027627945
0.48519599437713623
0.19740299880504608
0.48972800374031067
0.20905199646949768
0.4942600131034851
0.22070200741291046
0.49879199266433716
0.23235100507736206
0.5033239722251892
0.24400100111961365
0.5069550275802612
0.2559620141983032
0.5105860233306885
0.2679229974746704
0.5142179727554321
0.27988401055336
0.5178490281105042
0.2918449938297272
0.5214800238609314
0.30380600690841675
0.5251110196113586
0.31576699018478394
0.5287420153617859
0.3277280032634735
0.5323730111122131
0.3396889865398407
0.5361930131912231
0.35159099102020264
0.5400130152702332
0.3634929955005646
0.5438330173492432
0.3753949999809265
0.5476530194282532
0.38729700446128845
0.5514730215072632
0.3991990089416504
0.5552930235862732
0.41110101342201233
0.5591130256652832
0.4230029881000519
0.5629330277442932
0.4349049925804138
0.5735740065574646
0.44146299362182617
0.5842159986495972
0.4480209946632385
0.5948569774627686
0.45458000898361206
0.6054990291595459
0.4611380100250244
0.6161400079727173
0.46769601106643677
0.6267809867858887
0.4742540121078491
0.6374229788780212
0.48081299662590027
0.6480640172958374
0.4873709976673126
0.6544089913368225
0.49814099073410034
0.6607549786567688
0.5089100003242493
0.6671000123023987
0.5196800231933594
0.673445999622345
0.5304499864578247
0.6797909736633301
0.5412189960479736
0.68613600730896
0.5519890189170837
0.6924819946289062
0.5627589821815491
0.6988270282745361
0.5735290050506592
0.7069100141525269
0.583063006401062
0.7149930000305176
0.592598021030426
0.7230759859085083
0.6021329760551453
0.731158971786499
0.6116679906845093
0.7392420172691345
0.6212030053138733
0.7473250031471252
0.6307380199432373
0.755407989025116
0.6402729749679565
0.7634909749031067
0.6498079895973206
0.7709199786186218
0.6598610281944275
0.7783480286598206
0.6699150204658508
0.7857760190963745
0.679967999458313
0.7932050228118896
0.6900209784507751
0.8006330132484436
0.7000740170478821
0.8080610036849976
0.7101280093193054
0.8154900074005127
0.7201809883117676
0.8229179978370667
0.7302340269088745
0.8122040033340454
0.7331330180168152
0.8014900088310242
0.7360309958457947
