0.23596300184726715
0.20033200085163116
0.23925399780273438
0.21239100396633148
0.24254600703716278
0.2244500070810318
0.24583700299263
0.23650899529457092
0.24912799894809723
0.24856799840927124
0.25241899490356445
0.26062700152397156
0.25571000576019287
0.2726860046386719
0.2590009868144989
0.2847450077533722
0.2622919976711273
0.2968040108680725
0.2725209891796112
0.3039880096912384
0.2827509939670563
0.3111720085144043
0.29297998547554016
0.3183560073375702
0.30320999026298523
0.3255400061607361
0.3134390115737915
0.332724004983902
0.3236680030822754
0.33990800380706787
0.33389800786972046
0.34709200263023376
0.34412699937820435
0.35427600145339966
0.3555369973182678
0.3491710126399994
0.3669469952583313
0.34406599402427673
0.3783569931983948
0.3389599919319153
0.38976600766181946
0.333855003118515
0.40117600560188293
0.32875001430511475
0.4125860035419464
0.3236440122127533
0.4239960014820099
0.31853899359703064
0.43540599942207336
0.31343400478363037
0.43568500876426697
0.32593101263046265
0.4359639883041382
0.33842799067497253
0.43624401092529297
0.35092398524284363
0.4365229904651642
0.3634209930896759
0.4368019998073578
0.3759180009365082
0.4370810091495514
0.38841500878334045
0.4373610019683838
0.40091198682785034
0.4376400113105774
0.4134089946746826
0.4386900067329407
0.4258649945259094
0.43974000215530396
0.43832099437713623
0.44078901410102844
0.45077601075172424
0.4418390095233917
0.46323201060295105
0.442889004945755
0.47568801045417786
0.4439390003681183
0.48814401030540466
0.44498899579048157
0.5005999803543091
0.44603899121284485
0.5130559802055359
0.4321979880332947
0.5121620297431946
0.4183560013771057
0.5112680196762085
