0.8030970096588135
0.6257809996604919
0.7908560037612915
0.6283119916915894
0.7786149978637695
0.6308429837226868
0.7663739919662476
0.6333739757537842
0.7541329860687256
0.6359059810638428
0.7418919801712036
0.6384369730949402
0.7296509742736816
0.6409680247306824
0.7174100279808044
0.6434999704360962
0.7051690220832825
0.6460310220718384
0.6932809948921204
0.6498969793319702
0.6813939809799194
0.6537619829177856
0.6695070266723633
0.6576279997825623
0.6576200127601624
0.6614940166473389
0.6457329988479614
0.6653599739074707
0.6338449716567993
0.6692259907722473
0.6219580173492432
0.6730909943580627
0.6100710034370422
0.6769570112228394
