0.9101719856262207
0.5899410247802734
0.9032959938049316
0.5795019865036011
0.8964200019836426
0.5690630078315735
0.8895440101623535
0.5586240291595459
0.8826680183410645
0.5481860041618347
0.8757920265197754
0.5377470254898071
0.8689159750938416
0.5273079872131348
0.8620399832725525
0.5168690085411072
0.8551639914512634
0.5064299702644348
0.8468369841575623
0.49710699915885925
0.8385099768638611
0.4877850115299225
0.8301830291748047
0.47846201062202454
0.8218560218811035
0.4691399931907654
0.8135290145874023
0.45981699228286743
0.8052020072937012
0.4504939913749695
0.796875
0.4411720037460327
0.7885479927062988
0.43184900283813477
0.7760509848594666
0.43156200647354126
0.7635549902915955
0.43127501010894775
0.7510579824447632
0.43098801374435425
0.7385609745979309
0.43070000410079956
0.7260649800300598
0.43041300773620605
0.7135679721832275
0.43012601137161255
0.70107102394104
0.42983898520469666
0.6885740160942078
0.42955198884010315
0.6760990023612976
0.43033599853515625
0.6636239886283875
0.43112000823020935
0.6511480212211609
0.43190398812294006
0.6386730074882507
0.43268799781799316
0.6261969804763794
0.43347200751304626
0.613722026348114
0.434255987405777
0.6012470126152039
0.4350399971008301
0.5887709856033325
0.4358240067958832
0.5769420266151428
0.43986400961875916
0.5651130080223083
0.44390401244163513
0.5532839894294739
0.4479439854621887
0.5414549708366394
0.4519839882850647
0.5296260118484497
0.4560239911079407
0.517795979976654
0.46006399393081665
0.5059670209884644
0.4641039967536926
0.4941380023956299
0.4681439995765686
0.493353009223938
0.48061901330947876
0.4925679862499237
0.4930950105190277
0.4917829930782318
0.5055699944496155
0.49099698662757874
0.5180450081825256
0.49021199345588684
0.5305209755897522
0.48942700028419495
0.5429959893226624
0.48864200711250305
0.5554710030555725
0.48785701394081116
0.5679469704627991
0.48622098565101624
0.5802410244941711
0.4845849871635437
0.5925359725952148
0.4829480051994324
0.6048309803009033
0.48131200671195984
0.6171259880065918
0.4796760082244873
0.6294209957122803
0.47804000973701477
0.6417160034179688
0.47640401124954224
0.6540110111236572
