0.700206995010376
0.17323799431324005
0.6990010142326355
0.18568000197410583
0.6977940201759338
0.19812099635601044
0.6965879797935486
0.21056300401687622
0.6953819990158081
0.2230049967765808
0.6941750049591064
0.2354460060596466
0.692969024181366
0.2478879988193512
0.6917629837989807
0.2603299915790558
0.690555989742279
0.2727710008621216
0.6886950135231018
0.2851319909095764
0.6868339776992798
0.29749301075935364
0.6849730014801025
0.3098529875278473
0.6831120252609253
0.3222140073776245
0.6812509894371033
0.33457499742507935
0.679390013217926
0.3469350039958954
0.677528977394104
0.3592959940433502
0.6756680011749268
0.37165701389312744
0.6729840040206909
0.38386499881744385
0.6703010201454163
0.39607399702072144
0.6676170229911804
0.40828201174736023
0.6649330258369446
0.4204910099506378
0.6622499823570251
0.4326989948749542
0.6595659852027893
0.4449079930782318
0.6568830013275146
0.4571160078048706
0.6541990041732788
0.4693250060081482
0.6502050161361694
0.48116999864578247
0.6462110280990601
0.49301400780677795
0.6422169804573059
0.5048589706420898
0.6382219791412354
0.5167040228843689
0.634227991104126
0.528548002243042
0.6302340030670166
0.5403929948806763
0.6262400150299072
0.5522379875183105
0.6222460269927979
0.5640829801559448
0.6164339780807495
0.5751489996910095
0.610621988773346
0.5862159729003906
0.6048099994659424
0.5972830057144165
0.5989980101585388
0.6083490252494812
0.5931860208511353
0.6194159984588623
0.5873739719390869
0.6304829716682434
0.5815619826316833
0.6415489912033081
0.5757499933242798
0.652616024017334
0.5691490173339844
0.6632310152053833
0.5625470280647278
0.6738449931144714
0.5559459924697876
0.6844599843025208
0.5493450164794922
0.6950749754905701
0.5427430272102356
0.705689013004303
0.5361419916152954
0.7163040041923523
0.5295400023460388
0.7269189953804016
0.5229390263557434
0.7375329732894897
0.514868974685669
0.7470790147781372
0.5067980289459229
0.7566249966621399
0.4987280070781708
0.7661700248718262
0.4906570017337799
0.7757160067558289
0.4825870096683502
0.7852609753608704
0.47451600432395935
0.7948070168495178
0.46644601225852966
0.8043519854545593
0.4583750069141388
0.8138980269432068
0.4461140036582947
0.8163279891014099
0.4338519871234894
0.818759024143219
0.42159101366996765
0.8211899995803833
0.40933001041412354
0.8236200213432312
0.39706799387931824
0.8260509967803955
0.3848069906234741
0.8284819722175598
0.3725450038909912
0.8309119939804077
0.3602840006351471
0.8333430290222168
0.35186299681663513
0.8241050243377686
0.34344300627708435
0.8148670196533203
0.3350220024585724
0.8056290149688721
0.3266009986400604
0.7963899970054626
0.31818100810050964
0.7871519923210144
0.3097600042819977
0.7779139876365662
0.3013400137424469
0.7686759829521179
0.29291900992393494
0.7594379782676697
0.2811329960823059
0.7636029720306396
0.26934799551963806
0.7677689790725708
0.2575620114803314
0.7719339728355408
0.24577699601650238
0.7760990262031555
0.23399099707603455
0.7802649736404419
0.2222059965133667
0.7844300270080566
0.21041999757289886
0.788595974445343
0.19863399863243103
0.7927610278129578
0.18684899806976318
0.7969260215759277
0.17506299912929535
0.8010920286178589
0.1632779985666275
0.8052570223808289
0.15149199962615967
0.80942302942276
0.13970699906349182
0.81358802318573
0.127921000123024
0.8177530169487
0.11613500118255615
0.8219190239906311
0.1043500006198883
0.8260840177536011
0.09430070221424103
0.8296359777450562
0.08425159752368927
0.8331869840621948
