0.40569499135017395
0.5199440121650696
0.402536004781723
0.5320379734039307
0.3993760049343109
0.5441330075263977
0.3962169885635376
0.5562270283699036
0.39305800199508667
0.5683209896087646
0.38989898562431335
0.5804150104522705
0.3867399990558624
0.5925099849700928
0.3835810124874115
0.6046040058135986
0.3804219961166382
0.6166980266571045
0.36797499656677246
0.6178420186042786
0.35552701354026794
0.6189860105514526
0.3430800139904022
0.6201300024986267
0.3306320011615753
0.6212739944458008
0.3181850016117096
0.6224179863929749
0.3057369887828827
0.6235619783401489
0.2932890057563782
0.624705970287323
0.28084200620651245
0.6258500218391418
0.2800860106945038
0.6133729815483093
0.27932998538017273
0.6008960008621216
0.27857398986816406
0.5884190201759338
0.2778179943561554
0.5759410262107849
0.27706199884414673
0.5634639859199524
0.2763049900531769
0.5509870052337646
0.2755489945411682
0.5385100245475769
0.27479299902915955
0.5260329842567444
0.26232200860977173
0.5268849730491638
0.24985100328922272
0.527737021446228
0.2373799979686737
0.5285890102386475
0.22491000592708588
0.5294409990310669
0.21243900060653687
0.5302929878234863
0.19996799528598785
0.5311449766159058
0.18749700486660004
0.53199702501297
0.17502599954605103
0.5328490138053894
0.16284799575805664
0.5300269722938538
0.15067100524902344
0.5272060036659241
0.13849399983882904
0.5243840217590332
0.12631599605083466
0.5215619802474976
0.11413899809122086
0.5187410116195679
0.10196200013160706
0.515919029712677
0.08978430181741714
0.5130969882011414
0.07760699838399887
0.5102760195732117
0.0747293010354042
0.5224400162696838
0.07185160368680954
0.534604012966156
0.06897389888763428
0.5467680096626282
0.06609629839658737
0.5589330196380615
0.0632186010479927
0.5710970163345337
0.06034089997410774
0.5832610130310059
0.05746319890022278
0.595425009727478
0.05458559840917587
0.6075900197029114
0.06702719628810883
0.608797013759613
0.07946869730949402
0.6100040078163147
0.09191030263900757
0.6112110018730164
0.10435199737548828
0.612417995929718
0.11679399758577347
0.6136249899864197
0.12923499941825867
0.6148319840431213
0.14167700707912445
0.616038978099823
0.15411800146102905
0.6172459721565247
0.150395005941391
0.6277130246162415
