0.23253199458122253
0.594281017780304
0.22439700365066528
0.5847910046577454
0.21626199781894684
0.5752999782562256
0.2081259936094284
0.5658100247383118
0.19999100267887115
0.556318998336792
0.1918559968471527
0.5468289852142334
0.18372100591659546
0.5373380184173584
0.17558600008487701
0.5278480052947998
0.16745099425315857
0.51835697889328
0.15860199928283691
0.5095289945602417
0.14975200593471527
0.5007010102272034
0.14090299606323242
0.49187201261520386
0.13205300271511078
0.48304399847984314
0.12320400029420853
0.4742160141468048
0.11435399949550629
0.4653880000114441
0.10550499707460403
0.4565599858760834
0.09665530174970627
0.44773200154304504
0.08953049778938293
0.4406239986419678
0.08240579813718796
0.4335159957408905
