0.26133498549461365
0.4502449929714203
0.26707398891448975
0.4391399919986725
0.27281200885772705
0.4280349910259247
0.27855101227760315
0.4169299900531769
0.28428998589515686
0.4058249890804291
0.29002898931503296
0.39472100138664246
0.29576799273490906
0.38361600041389465
0.30150699615478516
0.37251099944114685
0.3072449862957001
0.36140599846839905
0.31661298871040344
0.3531300127506256
0.3259809911251068
0.3448539972305298
0.3353480100631714
0.33657699823379517
0.34471601247787476
0.32830101251602173
0.35408300161361694
0.3200249969959259
0.3634510040283203
0.3117479979991913
0.3728190064430237
0.30347201228141785
0.38218599557876587
0.295195996761322
0.3926759958267212
0.28839799761772156
0.4031670093536377
0.2815999984741211
0.413657009601593
0.2748030126094818
0.42414700984954834
0.26800501346588135
0.43463701009750366
0.2612079977989197
0.445127010345459
0.2544099986553192
0.4556170105934143
0.24761299788951874
0.46610701084136963
0.24081499874591827
0.4747389853000641
0.24985699355602264
0.48337000608444214
0.258897989988327
0.4920009970664978
0.2679400146007538
0.5006319880485535
0.27698200941085815
0.5092629790306091
0.2860240042209625
0.517894983291626
0.2950649857521057
0.5265259742736816
0.30410701036453247
0.5351570248603821
0.31314900517463684
0.5451359748840332
0.3206770122051239
0.5551139712333679
0.3282049894332886
0.5650929808616638
0.33573299646377563
0.5750719904899597
0.3432619869709015
0.5850510001182556
0.35078999400138855
0.5950300097465515
0.3583180010318756
0.6050080060958862
0.36584600806236267
0.6149870157241821
0.3733749985694885
0.6181390285491943
0.36142298579216003
0.6212900280952454
0.34947100281715393
0.6244410276412964
0.33751899003982544
0.6275929808616638
0.32556700706481934
0.6307439804077148
0.31361499428749084
0.633895993232727
0.30166301131248474
