0.9630069732666016
0.45897701382637024
0.9512220025062561
0.463142991065979
0.9394360184669495
0.46730899810791016
0.9276509881019592
0.4714750051498413
0.9158660173416138
0.47564101219177246
0.9040799736976624
0.4798069894313812
0.8922950029373169
0.4839729964733124
0.8805099725723267
0.48813900351524353
0.86872398853302
0.4923050105571747
0.8577190041542053
0.4863770008087158
0.8467140197753906
0.48045000433921814
0.8357089757919312
0.4745219945907593
0.8247039914131165
0.4685940146446228
0.8136990070343018
0.46266600489616394
0.8026940226554871
0.45673900842666626
0.7916889786720276
0.4508109986782074
0.7806829810142517
0.44488298892974854
0.7691810131072998
0.4497770071029663
0.7576789855957031
0.4546700119972229
0.74617600440979
0.4595640003681183
0.7346739768981934
0.4644570052623749
0.7231720089912415
0.46935001015663147
0.7116690278053284
0.47424399852752686
0.7001670002937317
0.47913700342178345
0.6886640191078186
0.48403099179267883
0.6763730049133301
0.48175498843193054
0.6640819907188416
0.47947999835014343
0.651790976524353
0.47720399498939514
0.6395000219345093
0.47492900490760803
0.6272090077400208
0.4726540148258209
0.6149179935455322
0.47037801146507263
0.6026260256767273
0.46810299158096313
0.5903350114822388
0.465828001499176
0.5779179930686951
0.4672609865665436
0.565500020980835
0.4686940014362335
0.5530819892883301
0.4701269865036011
0.5406649708747864
0.471560001373291
0.5282469987869263
0.47299298644065857
0.5158299803733826
0.4744260013103485
0.5034120082855225
0.47585999965667725
0.49099498987197876
0.4772930145263672
0.4789080023765564
0.47410398721694946
0.4668219983577728
0.4709160029888153
0.45473501086235046
0.46772700548171997
0.4426490068435669
0.4645389914512634
0.43056198954582214
0.4613499939441681
0.4184759855270386
0.45816200971603394
0.4063889980316162
0.4549730122089386
0.39430299401283264
0.45178499817848206
0.39089998602867126
0.43975698947906494
0.38749799132347107
0.4277290105819702
0.3840959966182709
0.4157010018825531
0.3806929886341095
0.403672993183136
0.3772909939289093
0.3916440010070801
0.3738889992237091
0.37961599230766296
0.37048599123954773
0.36758801341056824
0.36708399653434753
0.3555600047111511
0.36555200815200806
0.34315499663352966
0.3640190064907074
0.3307490050792694
0.36248698830604553
0.31834301352500916
0.3609539866447449
0.3059369921684265
0.3594219982624054
0.29353201389312744
0.35788899660110474
0.2811259925365448
0.3563559949398041
0.26872000098228455
0.3548240065574646
0.2563149929046631
0.34364598989486694
0.25071901082992554
0.33246898651123047
0.2451229989528656
0.3212909996509552
0.23952700197696686
0.3101139962673187
0.2339320033788681
0.29893600940704346
0.22833600640296936
0.287759006023407
0.22273999452590942
0.2765809893608093
0.21714399755001068
0.26540398597717285
0.21154899895191193
0.2731280028820038
0.20172099769115448
0.28085198998451233
0.19189299643039703
0.28857600688934326
0.1820649951696396
0.2962999939918518
0.17223699390888214
0.30402401089668274
0.1624089926481247
0.3117479979991913
0.15258100628852844
0.319472998380661
0.142753005027771
0.32719698548316956
0.13292600214481354
0.3396550118923187
0.1319040060043335
0.3521130084991455
0.13088299334049225
0.3645710051059723
0.1298619955778122
0.37702998518943787
0.12884099781513214
0.38948801159858704
0.1278200000524521
0.4019460082054138
0.12679800391197205
0.4144040048122406
0.125777006149292
0.4268620014190674
0.12475600093603134
0.4355719983577728
0.11499500274658203
0.44428199529647827
0.10523500293493271
0.4529919922351837
0.09547430276870728
0.46170198917388916
0.0857136994600296
