0.08879119902849197
0.48242199420928955
0.09434829652309418
0.4712260067462921
0.09990549832582474
0.4600290060043335
0.10546299815177917
0.4488320052623749
0.11101999878883362
0.43763500452041626
0.11657699942588806
0.42643800377845764
0.1221340000629425
0.4152419865131378
0.12769100069999695
0.4040449857711792
0.1332480013370514
0.39284801483154297
0.12727299332618713
0.38186898827552795
0.12129800021648407
0.37088900804519653
0.11532200127840042
0.3599100112915039
0.10934700071811676
0.3489310145378113
0.1033720001578331
0.33795100450515747
0.09739640355110168
0.32697200775146484
0.09142100065946579
0.3159930109977722
0.08544570207595825
0.3050140142440796
0.07947040349245071
0.2940340042114258
0.07349500060081482
0.28305500745773315
0.06751970201730728
0.2720760107040405
0.06154429912567139
0.2610960006713867
0.05556900054216385
0.2501170039176941
0.04959369823336601
0.23913800716400146
0.043618299067020416
0.22815799713134766
0.03764300048351288
0.21717900037765503
