0.22240300476551056
0.12283500283956528
0.22451899945735931
0.13515500724315643
0.22663499414920807
0.147474005818367
0.22875100374221802
0.15979400277137756
0.23086699843406677
0.17211300134658813
0.23298299312591553
0.1844329982995987
0.23510000109672546
0.19675299525260925
0.23721599578857422
0.20907199382781982
0.23933200538158417
0.22139200568199158
0.2518230080604553
0.22186599671840668
0.2643139958381653
0.22234000265598297
0.27680501341819763
0.22281500697135925
0.2892960011959076
0.22328899800777435
0.30178698897361755
0.22376300394535065
0.3142780065536499
0.22423699498176575
0.32676899433135986
0.22471199929714203
0.3392600119113922
0.22518600523471832
0.34569400548934937
0.23590299487113953
0.3521279990673065
0.24661999940872192
0.35856300592422485
0.25733599066734314
0.364996999502182
0.26805299520492554
0.37143099308013916
0.27876999974250793
0.3778649866580963
0.28948700428009033
0.38429999351501465
0.30020400881767273
0.3907339870929718
0.3109210133552551
0.3953840136528015
0.32252299785614014
0.40003401041030884
0.33412599563598633
0.40468400716781616
0.3457289934158325
0.4093340039253235
0.3573319911956787
0.4139840006828308
0.3689349889755249
0.41863399744033813
0.3805379867553711
0.42328500747680664
0.3921410143375397
0.42793500423431396
0.40374401211738586
0.4279240071773529
0.4162440001964569
0.42791301012039185
0.42874398827552795
0.4279009997844696
0.4412440061569214
0.42789000272750854
0.45374399423599243
0.4278790056705475
0.46624401211738586
0.4278680086135864
0.4787440001964569
0.42785701155662537
0.49124398827552795
0.4278460144996643
0.5037440061569214
0.428043007850647
0.5162420272827148
0.42824000120162964
0.5287399888038635
0.4284369945526123
0.5412390232086182
0.42863398790359497
0.5537369847297668
0.4288310110569
0.5662360191345215
0.4290280044078827
0.5787339806556702
0.42922499775886536
0.5912330150604248
0.4294230043888092
0.6037309765815735
0.4300520122051239
0.6162149906158447
0.4306820034980774
0.628699004650116
0.4313110113143921
0.6411839723587036
0.4319410026073456
0.6536679863929749
0.4325700104236603
0.6661520004272461
0.43320000171661377
0.6786360144615173
0.43382900953292847
0.6911200284957886
0.43445900082588196
0.703603982925415
0.4334070086479187
0.7160599827766418
0.43235498666763306
0.7285159826278687
0.4313029944896698
0.740971028804779
0.43025100231170654
0.7534270286560059
0.4291990101337433
0.7658830285072327
0.4281480014324188
0.7783380150794983
0.42709600925445557
0.7907940149307251
0.4260439872741699
0.8032500147819519
0.4143809974193573
0.8075129985809326
0.4027180075645447
0.8117769956588745
0.39105498790740967
0.8160409927368164
0.3793930113315582
0.8203049898147583
0.3677299916744232
0.824567973613739
0.3560670018196106
0.8288319706916809
