0.5361040234565735
0.5880569815635681
0.5255740284919739
0.5947920083999634
0.5150439739227295
0.601527988910675
0.5045139789581299
0.6082630157470703
0.49398401379585266
0.614998996257782
0.48345300555229187
0.6217340230941772
0.47292301058769226
0.6284689903259277
0.46239298582077026
0.6352049708366394
0.45186299085617065
0.6419399976730347
0.44552698731422424
0.6527159810066223
0.439191997051239
0.6634910106658936
0.4328559935092926
0.6742669939994812
0.4265199899673462
0.6850420236587524
0.42018499970436096
0.6958169937133789
0.41384899616241455
0.7065929770469666
0.40751299262046814
0.7173680067062378
0.4011780023574829
0.7281439900398254
0.39488399028778076
0.7389439940452576
0.3885909914970398
0.7497439980506897
0.38229700922966003
0.7605440020561218
0.37600401043891907
0.771344006061554
0.3697099983692169
0.7821440100669861
0.36341699957847595
0.7929440140724182
0.3571229875087738
0.8037440180778503
0.35082998871803284
0.8145440220832825
0.340921014547348
0.8069239854812622
0.3310120105743408
0.7993040084838867
0.3211030066013336
0.7916839718818665
0.3111949861049652
0.784063994884491
0.3012860119342804
0.7764440178871155
0.2913770079612732
0.7688239812850952
0.281468003988266
0.7612029910087585
0.27156001329421997
0.7535830140113831
0.27021101117134094
0.7411559820175171
0.2688629925251007
0.7287290096282959
0.2675139904022217
0.7163019776344299
0.26616600155830383
0.7038750052452087
0.2648169994354248
0.6914479732513428
0.26346901059150696
0.6790210008621216
0.26212000846862793
0.6665940284729004
0.2607719898223877
0.6541669964790344
0.2652849853038788
0.6425099968910217
0.26979801058769226
0.630852997303009
0.27431100606918335
0.6191970109939575
0.2788250148296356
0.6075400114059448
0.2833380103111267
0.5958830118179321
0.2878510057926178
0.5842260122299194
0.2923640012741089
0.5725690126419067
0.29687801003456116
0.5609130263328552
0.29417699575424194
0.5487080216407776
0.2914769947528839
0.5365030169487
0.2887760102748871
0.5242980122566223
0.28607600927352905
0.5120930075645447
0.28337499499320984
0.49988898634910583
0.2806749939918518
0.4876840114593506
0.277974009513855
0.47547900676727295
0.27527400851249695
0.4632740020751953
0.2851409912109375
0.45559999346733093
0.29500800371170044
0.44792601466178894
0.304874986410141
0.44025200605392456
0.31474199891090393
0.43257901072502136
0.32460999488830566
0.424905002117157
0.3344770073890686
0.4172309935092926
0.34434399008750916
0.4095570147037506
0.3542110025882721
0.40188300609588623
0.3615509867668152
0.39176398515701294
0.3688899874687195
0.3816460072994232
0.3762289881706238
0.3715269863605499
0.38356900215148926
0.3614090085029602
0.39090800285339355
0.3512910008430481
0.39824700355529785
0.3411720097064972
0.40558698773384094
0.3310540020465851
0.41292598843574524
0.3209350109100342
0.4239960014820099
0.3267419934272766
0.43506500124931335
0.33254799246788025
0.446135014295578
0.33835500478744507
0.45720401406288147
0.3441610038280487
0.46827399730682373
0.34996700286865234
0.4793440103530884
0.3557739853858948
0.49041301012039185
0.3615800142288208
0.5014830231666565
0.36738699674606323
0.5051730275154114
0.37933000922203064
0.5088639855384827
0.39127200841903687
0.5125550031661987
0.4032149910926819
0.5162450075149536
0.4151580035686493
0.5199360251426697
0.4271000027656555
0.523626983165741
0.43904298543930054
0.5273169875144958
0.45098599791526794
0.5310080051422119
0.46292901039123535
0.5190849900245667
0.4695659875869751
0.5071629881858826
0.47620201110839844
0.4952400028705597
0.4828389883041382
0.48331698775291443
0.4894759953022003
0.47139498591423035
0.49611300230026245
0.45947200059890747
0.5027499794960022
