0.6796619892120361
0.055113501846790314
0.6809210181236267
0.06754989922046661
0.6821799874305725
0.07998629659414291
0.6834390163421631
0.09242279827594757
0.6846989989280701
0.10485900193452835
0.6859580278396606
0.117296002805233
0.6872169971466064
0.12973199784755707
0.688476026058197
0.14216800034046173
0.6897349953651428
0.15460500121116638
0.6936010122299194
0.16649200022220612
0.6974679827690125
0.17837899923324585
0.7013339996337891
0.19026599824428558
0.7052010297775269
0.20215299725532532
0.7090680003166199
0.21403999626636505
0.7129340171813965
0.22592699527740479
0.7168009877204895
0.23781399428844452
0.7206670045852661
0.24969999492168427
0.7246440052986145
0.26155099272727966
0.7286210060119629
0.27340200543403625
0.7325969934463501
0.28525200486183167
0.7365739941596985
0.29710298776626587
0.7405499815940857
0.3089529871940613
0.7445269823074341
0.32080399990081787
0.7485039830207825
0.33265501260757446
0.7524799704551697
0.3445050120353699
0.7590450048446655
0.3551430106163025
0.7656090259552002
0.3657799959182739
0.7721740007400513
0.37641799449920654
0.7787380218505859
0.38705500960350037
0.785302996635437
0.397693008184433
0.7918670177459717
0.4083310067653656
0.7984319925308228
0.41896799206733704
0.8049960136413574
0.42960599064826965
0.8132929801940918
0.43895500898361206
0.821590006351471
0.4483039975166321
0.8298869729042053
0.4576529860496521
0.8381839990615845
0.4670029878616333
0.8464810252189636
0.4763520061969757
0.8547790050506592
0.4857009947299957
0.8630759716033936
0.49505001306533813
0.8713729977607727
0.5044000148773193
0.872189998626709
0.5168730020523071
0.8730069994926453
0.5293459892272949
0.8738240003585815
0.5418189764022827
0.8746410012245178
0.5542929768562317
0.8754580020904541
0.5667660236358643
0.8762750029563904
0.579239010810852
0.8770920038223267
0.591713011264801
0.8779090046882629
0.6041859984397888
0.882194995880127
0.6160100102424622
0.886480987071991
0.6278349757194519
0.890766978263855
0.6396589875221252
0.8950539827346802
0.6514840126037598
0.8993399739265442
0.6633080244064331
0.903626024723053
0.6751319766044617
