0.09615539759397507
0.8700010180473328
0.10702700167894363
0.8638319969177246
0.11789900064468384
0.8576629757881165
0.12876999378204346
0.8514940142631531
0.13964200019836426
0.8453249931335449
0.15051400661468506
0.8391559720039368
0.16138499975204468
0.8329870104789734
0.17225700616836548
0.826816976070404
0.1831279993057251
0.8206480145454407
0.18710899353027344
0.8087990283966064
0.19108900427818298
0.7969499826431274
0.19506999850273132
0.785099983215332
0.19904999434947968
0.7732509970664978
0.2030310034751892
0.7614020109176636
0.20701099932193756
0.7495530247688293
0.2109919935464859
0.7377030253410339
0.21497200429439545
0.7258539795875549
0.22624999284744263
0.7204620242118835
0.237526997923851
0.7150700092315674
0.2488040030002594
0.7096779942512512
0.2600809931755066
0.7042859792709351
0.27135899662971497
0.6988940238952637
0.28263598680496216
0.6935020089149475
0.29391300678253174
0.6881099939346313
0.30518999695777893
0.6827179789543152
0.3176589906215668
0.6818360090255737
0.330128014087677
0.6809530258178711
0.34259700775146484
0.6800699830055237
0.3550660014152527
0.6791880130767822
0.36753401160240173
0.6783049702644348
0.3800030052661896
0.6774230003356934
0.3924719989299774
0.6765400171279907
0.40494099259376526
0.6756569743156433
0.4035399854183197
0.662539005279541
0.40213799476623535
0.6494200229644775
0.4007369875907898
0.6363019943237305
0.3993360102176666
0.6231840252876282
0.39793500304222107
0.6100649833679199
0.3965330123901367
0.5969470143318176
