0.7591549754142761
0.7796350121498108
0.7477459907531738
0.7847409844398499
0.7363359928131104
0.7898470163345337
0.7249259948730469
0.7949519753456116
0.7135170102119446
0.8000580072402954
0.7021070122718811
0.8051639795303345
0.6906970143318176
0.8102700114250183
0.6792880296707153
0.8153759837150574
0.6678779721260071
0.8204820156097412
0.6572620272636414
0.827081024646759
0.6466460227966309
0.8336799740791321
0.6360300183296204
0.8402799963951111
0.6254140138626099
0.8468790054321289
0.6147980093955994
0.8534780144691467
0.6041820049285889
0.8600770235061646
0.5935660004615784
0.8666769862174988
0.5829499959945679
0.8732759952545166
0.5721169710159302
0.8795120120048523
0.5612829923629761
0.885748028755188
0.5504500269889832
0.8919849991798401
0.5396170020103455
0.8982210159301758
0.5287839770317078
0.9044569730758667
0.5179499983787537
0.9106929898262024
0.507116973400116
0.9169290065765381
0.49628400802612305
0.9231659770011902
0.483940988779068
0.9251419901847839
0.4715979993343353
0.9271180033683777
0.45925500988960266
0.9290940165519714
0.4469130039215088
0.9310700297355652
0.4345700144767761
0.9330469965934753
0.42222699522972107
0.9350230097770691
0.4098840057849884
0.9369990229606628
0.39754098653793335
0.9389749765396118
0.38843101263046265
0.930417001247406
0.3793199956417084
0.9218590259552002
0.3702090084552765
0.9132999777793884
0.3610979914665222
0.9047420024871826
0.3519879877567291
0.8961840271949768
0.34287700057029724
0.8876259922981262
0.33376601338386536
0.8790670037269592
0.3246549963951111
0.8705090284347534
0.32352200150489807
0.8580610156059265
0.32238999009132385
0.8456119894981384
0.32125699520111084
0.8331630229949951
0.3201240003108978
0.8207150101661682
0.3189919888973236
0.8082659840583801
0.3178589940071106
0.7958179712295532
0.3167259991168976
0.7833690047264099
0.31559398770332336
0.770920991897583
0.31421399116516113
0.7584969997406006
0.3128350079059601
0.7460730075836182
0.31145599484443665
0.7336500287055969
0.3100759983062744
0.7212259769439697
0.308696985244751
0.7088019847869873
0.3073180019855499
0.6963790059089661
0.3059380054473877
0.6839550137519836
0.30455899238586426
0.6715310215950012
0.3086870014667511
0.65973299741745
0.31281599402427673
0.6479340195655823
0.3169440031051636
0.636135995388031
0.3210729956626892
0.6243370175361633
0.32520100474357605
0.6125379800796509
0.3293299973011017
0.6007400155067444
0.3334580063819885
0.5889409780502319
0.33758699893951416
0.5771430134773254
0.33093199133872986
0.5665609836578369
0.32427799701690674
0.5559800267219543
0.31762298941612244
0.5453979969024658
0.3109689950942993
0.5348169803619385
0.3043150007724762
0.5242350101470947
0.2976599931716919
0.5136539936065674
0.2910059988498688
0.5030720233917236
0.2843509912490845
0.4924910068511963
0.278874009847641
0.48377999663352966
0.27339598536491394
0.4750699996948242
