0.31878799200057983
0.8632469773292542
0.31648701429367065
0.8509610295295715
0.3141849935054779
0.838674008846283
0.31188398599624634
0.8263880014419556
0.30958300828933716
0.8141019940376282
0.3072809875011444
0.8018149733543396
0.30498000979423523
0.789529025554657
0.3026779890060425
0.7772430181503296
0.3003770112991333
0.764955997467041
0.29454898834228516
0.753898024559021
0.2887220084667206
0.7428399920463562
0.28289398550987244
0.731781005859375
0.2770659923553467
0.7207229733467102
0.2712379992008209
0.7096650004386902
0.26541000604629517
0.698606014251709
0.2595829963684082
0.6875479817390442
0.25375500321388245
0.6764900088310242
0.2557640075683594
0.6641520261764526
0.2577719986438751
0.6518139839172363
0.25978100299835205
0.639477014541626
0.261790007352829
0.6271389722824097
0.2637979984283447
0.6148020029067993
0.26580700278282166
0.6024640202522278
0.2678160071372986
0.5901269912719727
0.26982399821281433
0.5777890086174011
0.2703920006752014
0.5653020143508911
0.2709600031375885
0.5528150200843811
0.2715269923210144
0.5403280258178711
0.2720949947834015
0.5278409719467163
0.2726629972457886
0.5153539776802063
0.2732299864292145
0.5028669834136963
0.27379798889160156
0.4903790056705475
0.27436599135398865
0.4778920114040375
0.27296000719070435
0.465472012758255
0.27155399322509766
0.45305100083351135
0.27014800906181335
0.4406299889087677
0.26874199509620667
0.42820999026298523
0.26733601093292236
0.41578900814056396
0.26593101024627686
0.4033679962158203
0.26452499628067017
0.39094701409339905
0.26311901211738586
0.3785269856452942
0.25960999727249146
0.3665289878845215
0.25610101222991943
0.35453200340270996
0.2525930106639862
0.34253400564193726
0.2490839958190918
0.33053699135780334
0.24557499587535858
0.31853899359703064
0.24206699430942535
0.3065420091152191
0.23855799436569214
0.2945449948310852
0.23504899442195892
0.2825469970703125
0.22706200182437897
0.2729319930076599
0.21907499432563782
0.26331600546836853
0.21108800172805786
0.25370100140571594
0.2031009942293167
0.24408599734306335
0.19511400163173676
0.23446999490261078
0.18712599575519562
0.22485500574111938
0.17913900315761566
0.2152400016784668
0.1711519956588745
0.20562399923801422
0.17510400712490082
0.19376499950885773
0.17905600368976593
0.18190599977970123
0.18300800025463104
0.17004799842834473
0.18695999681949615
0.15818899869918823
0.19091099500656128
0.14632999897003174
0.19486300647258759
0.13447099924087524
0.1988150030374527
0.12261199951171875
0.2027669996023178
0.11075299978256226
0.19654299318790436
0.09970559924840927
0.1903190016746521
0.08865790069103241
0.18409499526023865
0.07761020213365555
0.1778710037469864
0.06656250357627869
0.17164599895477295
0.055514801293611526
