0.10236299782991409
0.04123900085687637
0.10372799634933472
0.0536642000079155
0.10509300231933594
0.06608950346708298
0.10645700246095657
0.07851479947566986
0.1078220009803772
0.09094010293483734
0.10918699949979782
0.10336499661207199
0.11055099964141846
0.11579100042581558
0.11191599816083908
0.1282159984111786
0.1132809966802597
0.1406410038471222
0.12349399924278259
0.14784899353981018
0.1337060034275055
0.15505599975585938
0.14391900599002838
0.16226400434970856
0.15413199365139008
0.16947099566459656
0.16434499621391296
0.17667800188064575
0.17455799877643585
0.18388600647449493
0.18477100133895874
0.19109299778938293
0.19498400390148163
0.19830100238323212
0.20648999512195587
0.19341599941253662
0.2179960012435913
0.18853099644184113
0.22950200736522675
0.18364599347114563
0.241007998585701
0.17876100540161133
0.2525140047073364
0.17387600243091583
0.2640190124511719
0.16899099946022034
0.2755250036716461
0.16410599648952484
0.28703099489212036
0.15922099351882935
0.29822900891304016
0.1647769957780838
0.3094269931316376
0.17033199965953827
0.3206250071525574
0.17588700354099274
0.331822007894516
0.1814420074224472
0.3430199921131134
0.18699799478054047
0.3542180061340332
0.19255299866199493
0.3654150068759918
0.1981080025434494
0.37661299109458923
0.20366300642490387
0.36553600430488586
0.19787199795246124
0.3544589877128601
0.19208000600337982
0.34338200092315674
0.1862879991531372
0.33230501413345337
0.1804960072040558
0.3212270140647888
0.17470400035381317
0.31014999747276306
0.16891199350357056
0.2990730106830597
0.16312000155448914
0.28799599409103394
0.15732799470424652
0.2885650098323822
0.14391599595546722
0.2891339957714081
0.13050399720668793
