0.1342719942331314
0.4497630000114441
0.13695399463176727
0.4375540018081665
0.13963699340820312
0.4253450036048889
0.142318993806839
0.41313600540161133
0.14500099420547485
0.40092799067497253
0.1476839929819107
0.38871899247169495
0.15036599338054657
0.37650999426841736
0.15304900705814362
0.36430099606513977
0.1557309925556183
0.3520919978618622
0.16189800202846527
0.3412190079689026
0.16806399822235107
0.3303459882736206
0.17423099279403687
0.319472998380661
0.18039700388908386
0.3086000084877014
0.18656399846076965
0.29772698879241943
0.19272999465465546
0.28685399889945984
0.19889700412750244
0.27598100900650024
0.20506300032138824
0.26510798931121826
0.19739599525928497
0.2552359998226166
0.1897280067205429
0.2453639954328537
0.18206000328063965
0.23549200594425201
0.1743919998407364
0.22562099993228912
0.16672399640083313
0.21574899554252625
0.15905599296092987
0.20587700605392456
0.1513880044221878
0.19600500166416168
0.14372000098228455
0.1861339956521988
0.1360519975423813
0.1762620061635971
0.12838399410247803
0.16639000177383423
0.12071599811315536
0.15651799738407135
0.1130480021238327
0.14664599299430847
0.10537999868392944
0.13677500188350677
0.09771160036325455
0.1269029974937439
0.09004359692335129
0.11703100055456161
0.08237560093402863
0.10715900361537933
0.07657840102910995
0.09969600290060043
